2.08
2.16
2.24
2.32
2.4
2.48
2.56
2.64
2.72
2.8
2.88
2.96
3.04
3.12
3.2
3.28
3.36
3.44
3.52
3.6
3.68
3.76
3.84
3.92
4
4.08
4.16
4.24
4.32
4.4
4.48
4.56
4.64
4.72
4.8
4.88
4.96
5.04
5.12
5.2
5.28
5.36
5.44
5.52
5.6
5.68
5.76
5.84
5.92
6
6.08
6.16
6.24
6.32
6.4
6.48
6.56
6.64
6.72
6.8
6.88
6.96
7.04
7.12
7.2
7.28
7.36
7.44
7.52
7.6
7.68
7.76
7.84
7.92
8
8.08
8.16
8.24
8.32
8.4
8.48
8.56
8.64
8.72
8.8
8.88
8.96
9.04
9.12
9.2
9.28
9.36
9.44
9.52
9.6
9.68
9.76
9.84
9.92
10
0.888661
0.902268
0.915854
0.929334
0.942612
0.955583
0.968127
0.980113
0.991395
1.00181
1.0112
1.01937
1.02614
1.0313
1.03467
1.03606
1.0353
1.03223
1.02674
1.01876
1.00828
0.995369
0.980161
0.962888
0.943874
0.923528
0.902339
0.880846
0.859612
0.839178
0.820011
0.802452
0.786663
0.772584
0.759914
0.748112
0.736429
0.723973
0.709784
0.69294
0.672639
0.648294
0.619586
0.586509
0.549379
0.508826
0.465756
0.421299
0.376741
0.333431
0.292685
0.255679
0.223351
0.196315
0.174822
0.15875
0.147651
0.140832
0.137461
0.136668
0.13764
0.139673
0.142206
0.14482
0.147215
0.149182
0.150571
0.151269
0.151175
0.1502
0.148264
0.145298
0.141249
0.136086
0.129808
0.122448
0.114078
0.104814
0.0948201
0.0843023
0.0735075
0.0627121
0.0522075
0.0422813
0.0331958
0.0251652
0.0183361
0.0127733
0.00845543
0.00528105
0.00308654
0.00167189
0.000829925
0.000372585
0.000148946
5.20608e-05
1.55709e-05
3.88501e-06
7.8468e-07
1.23818e-07
0.169865
0.170129
0.169349
0.16745
0.164292
0.159729
0.1536
0.145739
0.135978
0.124155
0.110122
0.0937574
0.0749788
0.0537565
0.0301312
0.00423235
-0.0237032
-0.0533129
-0.0840931
-0.115388
-0.146389
-0.176143
-0.20358
-0.227559
-0.24694
-0.260674
-0.267928
-0.268206
-0.261493
-0.248366
-0.230074
-0.208545
-0.186306
-0.166298
-0.151593
-0.145043
-0.148909
-0.164535
-0.192128
-0.230686
-0.278074
-0.331237
-0.386478
-0.439783
-0.487132
-0.524795
-0.549589
-0.55912
-0.55199
-0.527982
-0.48818
-0.434978
-0.371934
-0.30343
-0.23417
-0.168599
-0.110357
-0.0618786
-0.0242443
0.00271157
0.0200964
0.0295606
0.0329133
0.0318212
0.0276211
0.0212473
0.0132641
0.00396577
-0.00650058
-0.018033
-0.0305105
-0.0437597
-0.0575393
-0.0715328
-0.0853459
-0.0985113
-0.110501
-0.120746
-0.128675
-0.133752
-0.135536
-0.133736
-0.128273
-0.119327
-0.107358
-0.0930967
-0.0774941
-0.0616219
-0.046543
-0.0331669
-0.022123
-0.0136842
-0.00776321
-0.00398705
-0.00182531
-0.000731384
-0.000250711
-7.23616e-05
-1.43271e-05
-1.13748e-05
0.00490409
-0.00161503
-0.00813415
-0.0155939
-0.0238861
-0.0331571
-0.043453
-0.0548067
-0.0672051
-0.0805863
-0.0948263
-0.109727
-0.125005
-0.140275
-0.155042
-0.168694
-0.1805
-0.189621
-0.195131
-0.196059
-0.191454
-0.180471
-0.162489
-0.137249
-0.105006
-0.06668
-0.0239859
0.0205069
0.0634076
0.100678
0.127972
0.141138
0.136847
0.113254
0.0705591
0.0113153
-0.0596414
-0.135684
-0.20923
-0.272737
-0.319619
-0.344912
-0.345604
-0.32071
-0.271159
-0.19962
-0.110308
-0.00883062
0.0979492
0.202151
0.295386
0.369636
0.418406
0.437899
0.427857
0.39177
0.336256
0.269728
0.2007
0.136249
0.081062
0.0372403
0.00466786
-0.0183182
-0.0341841
-0.0454873
-0.0543029
-0.0619266
-0.0689028
-0.0752527
-0.0807157
-0.0848992
-0.0873464
-0.0875715
-0.0850925
-0.0794757
-0.0703912
-0.0576807
-0.0414291
-0.022034
-0.000257206
0.0227578
0.0455216
0.0663036
0.0833135
0.0949497
0.100083
0.0983195
0.0901672
0.0770343
0.0610135
0.0444719
0.0295404
0.0176617
0.00936014
0.00431389
0.00169453
0.000534847
0.000190584
0.08
-0.027163
-0.027163
-0.0310822
-0.0345507
-0.0386293
-0.0428995
-0.0473071
-0.0516602
-0.0557549
-0.0593332
-0.0620877
-0.0636563
-0.0636239
-0.0615299
-0.056884
-0.0491935
-0.0380039
-0.0229573
-0.00386701
0.0191887
0.0457616
0.0749232
0.105167
0.134349
0.15969
0.177892
0.185387
0.178753
0.155294
0.113726
0.0548584
-0.0178796
-0.0983048
-0.177896
-0.246849
-0.295653
-0.316844
-0.306442
-0.264611
-0.195344
-0.105385
-0.00288626
0.103728
0.206463
0.298079
0.372132
0.422822
0.444916
0.434173
0.38848
0.309376
0.20321
0.0812176
-0.0418392
-0.150363
-0.23131
-0.277199
-0.287614
-0.26855
-0.229944
-0.18259
-0.135719
-0.0957752
-0.0661079
-0.0470968
-0.0367315
-0.0317657
-0.0290673
-0.0264579
-0.0227627
-0.0174311
-0.0101969
-0.000937753
0.010329
0.0234036
0.0378519
0.0529607
0.067715
0.0808129
0.0907365
0.0958958
0.0948491
0.0865918
0.0708746
0.048484
0.0213888
-0.00734798
-0.0339676
-0.0547205
-0.0667533
-0.0689235
-0.0622147
-0.0494947
-0.0345896
-0.0210261
-0.010914
-0.004832
-0.00143443
-0.00143443
0.0371281
