2.08
2.16
2.24
2.32
2.4
2.48
2.56
2.64
2.72
2.8
2.88
2.96
3.04
3.12
3.2
3.28
3.36
3.44
3.52
3.6
3.68
3.76
3.84
3.92
4
4.08
4.16
4.24
4.32
4.4
4.48
4.56
4.64
4.72
4.8
4.88
4.96
5.04
5.12
5.2
5.28
5.36
5.44
5.52
5.6
5.68
5.76
5.84
5.92
6
6.08
6.16
6.24
6.32
6.4
6.48
6.56
6.64
6.72
6.8
6.88
6.96
7.04
7.12
7.2
7.28
7.36
7.44
7.52
7.6
7.68
7.76
7.84
7.92
8
8.08
8.16
8.24
8.32
8.4
8.48
8.56
8.64
8.72
8.8
8.88
8.96
9.04
9.12
9.2
9.28
9.36
9.44
9.52
9.6
9.68
9.76
9.84
9.92
10
0.899947
0.900388
0.900847
0.90131
0.901762
0.902191
0.902585
0.902931
0.903214
0.903417
0.903522
0.903507
0.903349
0.90302
0.902487
0.901713
0.900659
0.899275
0.89751
0.895304
0.892589
0.889292
0.885329
0.88061
0.875037
0.868501
0.860887
0.852073
0.84193
0.830326
0.817125
0.802194
0.785404
0.766637
0.74579
0.722784
0.697568
0.670132
0.640514
0.608807
0.57517
0.539833
0.503103
0.46536
0.427057
0.388706
0.350866
0.314111
0.279008
0.246079
0.215767
0.1884
0.164175
0.143137
0.125182
0.110084
0.0975157
0.0871011
0.078455
0.0712246
0.0651179
0.0599167
0.0554745
0.0517012
0.0485397
0.0459423
0.0438517
0.0421908
0.0408619
0.0397535
0.0387504
0.0377444
0.0366429
0.0353749
0.0338933
0.0321747
0.0302165
0.0280346
0.0256599
0.0231354
0.0205145
0.0178584
0.0152325
0.0127033
0.0103335
0.00817746
0.0062771
0.00465839
0.00332986
0.00228273
0.00149326
0.000926554
0.000541433
0.000295386
0.000148885
6.84602e-05
2.82867e-05
1.03156e-05
3.25085e-06
8.63654e-07
0.00534375
0.00565872
0.00578618
0.00573961
0.00553513
0.00517495
0.00465389
0.00395924
0.00307195
0.00196708
0.000614097
-0.00102303
-0.00298592
-0.00532194
-0.00808445
-0.0113331
-0.0151339
-0.0195596
-0.0246898
-0.0306102
-0.0374131
-0.045196
-0.0540606
-0.0641114
-0.0754533
-0.0881881
-0.102411
-0.118207
-0.13564
-0.154752
-0.17555
-0.197995
-0.221996
-0.247393
-0.273946
-0.301325
-0.329098
-0.356722
-0.383544
-0.408802
-0.43164
-0.451134
-0.466331
-0.476301
-0.480206
-0.477383
-0.467422
-0.450254
-0.426214
-0.396076
-0.361047
-0.322697
-0.282837
-0.243352
-0.20599
-0.172171
-0.142832
-0.118348
-0.0985488
-0.082824
-0.0702984
-0.0600312
-0.0512017
-0.0432414
-0.0358888
-0.0291616
-0.0232639
-0.0184654
-0.0149928
-0.0129604
-0.0123455
-0.0130005
-0.014686
-0.0171116
-0.0199756
-0.0229954
-0.0259246
-0.028557
-0.0307219
-0.0322784
-0.0331144
-0.0331517
-0.0323553
-0.0307424
-0.028388
-0.0254239
-0.0220304
-0.0184195
-0.0148129
-0.0114161
-0.00839511
-0.00586008
-0.00385803
-0.00237657
-0.00135623
-0.000708256
-0.0003332
-0.000139371
-4.81606e-05
-2.2433e-05
0.00255453
0.0013826
0.000210669
-0.000792854
-0.00176313
-0.00273914
-0.00377413
-0.004909
-0.00618209
-0.00762878
-0.00928349
-0.0111806
-0.0133555
-0.0158447
-0.0186866
-0.021921
-0.0255891
-0.0297328
-0.0343938
-0.039612
-0.0454242
-0.0518615
-0.0589463
-0.0666891
-0.0750837
-0.0841022
-0.0936889
-0.103754
-0.114164
-0.124737
-0.13523
-0.145337
-0.154674
-0.162785
-0.169133
-0.17311
-0.17405
-0.171253
-0.164019
-0.151702
-0.133773
-0.109904
-0.0800548
-0.0445677
-0.00425414
0.0395485
0.0849645
0.129636
0.170864
0.205851
0.232015
0.247368
0.25087
0.242698
0.224331
0.198406
0.16833
0.137717
0.109776
0.0867843
0.0697863
0.0585537
0.0518152
0.0476887
0.0442182
0.0398714
0.03385
0.0261314
0.0172758
0.00812978
-0.000443542
-0.00774458
-0.0133237
-0.016996
-0.0188041
-0.0189433
-0.0176716
-0.0152333
-0.0118281
-0.0076284
-0.0028213
0.00235511
0.0075997
0.0125609
0.0168691
0.0201822
0.0222374
0.0228981
0.0221844
0.0202763
0.0174858
0.014202
0.0108236
0.00769465
0.0050596
0.00304004
0.00164816
0.000774697
0.000365431
0.08
-0.00488305
-0.00488305
-0.00418135
-0.00404282
-0.0040667
-0.00431245
-0.00472865
-0.00530454
-0.00602787
-0.00689462
-0.00790478
-0.00906192
-0.0103718
-0.0118411
-0.0134767
-0.0152838
-0.0172655
-0.0194206
-0.0217426
-0.0242176
-0.026822
-0.0295202
-0.0322616
-0.0349773
-0.037577
-0.0399449
-0.0419367
-0.0433761
-0.0440532
-0.0437234
-0.0421094
-0.0389069
-0.0337941
-0.0264486
-0.0165709
-0.0039177
0.0116552
0.0301409
0.0513207
0.0747012
0.0994542
0.124374
0.147863
0.167973
0.182511
0.189233
0.18613
0.171786
0.145777
0.109018
0.0639704
0.0145923
-0.034052
-0.07653
-0.108021
-0.125316
-0.127551
-0.116423
-0.0957981
-0.0708251
-0.0468022
-0.0280774
-0.0171937
-0.0144601
-0.018112
-0.0250889
-0.0321607
-0.0368986
-0.0381083
-0.0357222
-0.030421
-0.0232463
-0.0153013
-0.00753352
-0.000580355
0.00529885
0.0101596
0.0141882
0.0174989
0.0200295
0.0215684
0.0218525
0.0206717
0.0179507
0.0138045
0.00856327
0.00275301
-0.00297365
-0.00795026
-0.0116272
-0.0136824
-0.0140767
-0.0130374
-0.0109794
-0.00841481
-0.00579951
-0.00363944
-0.00170528
-0.00170528
0.0371281
