2.08
2.16
2.24
2.32
2.4
2.48
2.56
2.64
2.72
2.8
2.88
2.96
3.04
3.12
3.2
3.28
3.36
3.44
3.52
3.6
3.68
3.76
3.84
3.92
4
4.08
4.16
4.24
4.32
4.4
4.48
4.56
4.64
4.72
4.8
4.88
4.96
5.04
5.12
5.2
5.28
5.36
5.44
5.52
5.6
5.68
5.76
5.84
5.92
6
6.08
6.16
6.24
6.32
6.4
6.48
6.56
6.64
6.72
6.8
6.88
6.96
7.04
7.12
7.2
7.28
7.36
7.44
7.52
7.6
7.68
7.76
7.84
7.92
8
8.08
8.16
8.24
8.32
8.4
8.48
8.56
8.64
8.72
8.8
8.88
8.96
9.04
9.12
9.2
9.28
9.36
9.44
9.52
9.6
9.68
9.76
9.84
9.92
10
0.888025
0.901588
0.915128
0.928559
0.941785
0.954699
0.967183
0.979104
0.990318
1.00066
1.00997
1.01806
1.02474
1.02981
1.03308
1.03436
1.03349
1.0303
1.02468
1.01657
1.00596
0.992898
0.977538
0.960108
0.940929
0.920414
0.899049
0.877377
0.855961
0.835342
0.815989
0.798245
0.782273
0.768015
0.755172
0.743206
0.731369
0.718771
0.704456
0.6875
0.667105
0.642682
0.613913
0.580792
0.543631
0.503058
0.459975
0.41551
0.370943
0.32762
0.286855
0.249825
0.217467
0.190402
0.168886
0.152806
0.141727
0.134967
0.131706
0.131089
0.132314
0.134692
0.137677
0.140861
0.143959
0.146777
0.149178
0.151059
0.152331
0.152912
0.152723
0.151694
0.149763
0.146882
0.143024
0.138186
0.132394
0.125712
0.118237
0.110109
0.101504
0.0926287
0.0837156
0.0750054
0.0667318
0.0591022
0.052278
0.0463586
0.0413706
0.037266
0.0339311
0.0312046
0.0289025
0.0268459
0.024884
0.0229095
0.0208628
0.0187285
0.0165246
0.014292
0.169345
0.169571
0.168753
0.166813
0.163611
0.159001
0.152823
0.144909
0.135093
0.123211
0.109116
0.0926868
0.07384
0.0525464
0.0288469
0.00287111
-0.0251438
-0.054835
-0.0856983
-0.117077
-0.148163
-0.178
-0.205518
-0.229576
-0.24903
-0.262832
-0.270144
-0.27047
-0.263792
-0.250686
-0.232396
-0.21085
-0.188571
-0.168498
-0.153703
-0.147036
-0.150759
-0.166218
-0.193623
-0.231976
-0.27915
-0.332097
-0.387132
-0.44025
-0.487442
-0.524988
-0.549712
-0.559223
-0.55212
-0.528174
-0.488451
-0.435322
-0.372314
-0.303776
-0.234381
-0.168548
-0.109898
-0.0608516
-0.0224862
0.00536652
0.0238149
0.0345112
0.0392676
0.0397538
0.0373068
0.0328571
0.0269576
0.0198822
0.011747
0.00260945
-0.00746817
-0.0183871
-0.0299966
-0.0420851
-0.0543759
-0.0665255
-0.0781287
-0.0887301
-0.0978445
-0.104987
-0.109715
-0.111672
-0.110646
-0.106615
-0.0997858
-0.0906131
-0.0797808
-0.0681481
-0.0566554
-0.0462019
-0.0375151
-0.0310422
-0.0268913
-0.0248429
-0.024429
-0.0250571
-0.0261369
-0.0271809
-0.027822
-0.0279001
0.00468439
-0.00184971
-0.0083838
-0.0158596
-0.0241686
-0.0334572
-0.0437713
-0.0551439
-0.0675618
-0.0809627
-0.0952227
-0.110144
-0.125441
-0.140729
-0.155515
-0.169183
-0.181004
-0.190136
-0.195654
-0.196586
-0.191979
-0.180988
-0.162991
-0.137726
-0.105448
-0.0670765
-0.0243236
0.0202419
0.0632302
0.100604
0.128017
0.141316
0.137172
0.113736
0.0712053
0.0121271
-0.05867
-0.134567
-0.207993
-0.271416
-0.318262
-0.343576
-0.344356
-0.319618
-0.27029
-0.199028
-0.110027
-0.00885963
0.0976513
0.201673
0.294864
0.369247
0.41835
0.43838
0.429061
0.393842
0.339293
0.273781
0.205787
0.142373
0.0882317
0.045472
0.0139829
-0.0079054
-0.0226815
-0.0329396
-0.040805
-0.0476367
-0.054054
-0.0601651
-0.0658051
-0.0706817
-0.0744365
-0.0766704
-0.0769639
-0.0749062
-0.0701342
-0.0623833
-0.0515467
-0.0377388
-0.0213549
-0.00311267
0.0159379
0.0344548
0.0509078
0.0637507
0.0716529
0.073756
0.0699028
0.0607667
0.0478182
0.033093
0.0187923
0.00681255
-0.00163782
-0.00621355
-0.00728453
-0.00576564
-0.00224745
0.08
-0.0272254
-0.0272254
-0.0311491
-0.0346207
-0.0387026
-0.0429756
-0.0473859
-0.0517411
-0.0558372
-0.0594163
-0.0621707
-0.063738
-0.0637029
-0.0616045
-0.0569523
-0.0492531
-0.0380521
-0.0229909
-0.00388247
0.0191955
0.045795
0.0749881
0.105269
0.134493
0.159882
0.178137
0.18569
0.179118
0.155724
0.114219
0.0554144
-0.0172679
-0.0976484
-0.177211
-0.246159
-0.294988
-0.316239
-0.305941
-0.264261
-0.195192
-0.105475
-0.00325018
0.103075
0.205534
0.296923
0.37084
0.421529
0.443796
0.433422
0.388297
0.309927
0.204599
0.0834581
-0.0388289
-0.146746
-0.227289
-0.272968
-0.283308
-0.264224
-0.225588
-0.178166
-0.131204
-0.0912013
-0.061567
-0.0427422
-0.0327727
-0.0284651
-0.0267389
-0.0254629
-0.0235
-0.0203191
-0.0156452
-0.00930782
-0.00122306
0.00857382
0.0198833
0.0322955
0.0451527
0.0575326
0.0682663
0.0760093
0.0793775
0.0771539
0.0685539
0.0535121
0.0329258
0.00876318
-0.0160551
-0.038067
-0.0539522
-0.0613548
-0.0595865
-0.0499156
0.0352099
-0.0190655
-0.00446244
0.00632872
0.0146591
0.0146591
0.0371281
