1.0000E-01 0.95 4.4427E+03
1.1220E-01 0.95 3.9527E+03
1.2589E-01 0.95 3.4701E+03
1.4125E-01 0.95 3.0067E+03
1.5849E-01 0.95 2.5737E+03
1.7783E-01 0.95 2.1833E+03
1.9953E-01 0.95 1.8275E+03
2.2387E-01 0.95 1.5115E+03
2.5119E-01 0.95 1.2378E+03
2.8184E-01 0.95 9.9684E+02
3.1623E-01 0.95 7.9339E+02
3.5481E-01 0.95 6.2494E+02
3.9811E-01 0.95 4.8629E+02
4.4668E-01 0.95 3.7437E+02
5.0119E-01 0.95 2.8524E+02
5.6234E-01 0.95 2.1547E+02
6.3096E-01 0.95 1.6132E+02
7.0795E-01 0.95 1.1996E+02
7.9433E-01 0.95 8.8659E+01
8.9125E-01 0.95 6.4955E+01
1.0000E+00 0.95 4.7137E+01
1.1220E+00 0.95 3.4126E+01
1.2589E+00 0.95 2.4615E+01
1.4125E+00 0.95 1.7560E+01
1.5849E+00 0.95 1.2529E+01
1.7783E+00 0.95 8.8804E+00
1.9953E+00 0.95 6.2307E+00
2.2387E+00 0.95 4.3759E+00
2.5119E+00 0.95 3.0486E+00
2.8184E+00 0.95 2.1086E+00
3.1623E+00 0.95 1.4590E+00
3.5481E+00 0.95 1.0007E+00
3.9811E+00 0.95 6.8160E-01
4.4668E+00 0.95 4.6405E-01
5.0119E+00 0.95 3.1538E-01
5.6234E+00 0.95 2.1337E-01
6.3096E+00 0.95 1.4350E-01
7.0795E+00 0.95 9.6428E-02
7.9433E+00 0.95 6.4939E-02
8.9125E+00 0.95 4.3606E-02
1.0000E+01 0.95 2.9151E-02
1.1220E+01 0.95 1.9513E-02
1.2589E+01 0.95 1.3000E-02
1.4125E+01 0.95 8.6969E-03
1.5849E+01 0.95 5.8347E-03
1.7783E+01 0.95 3.8873E-03
1.9953E+01 0.95 2.6108E-03
2.2387E+01 0.95 1.7469E-03
2.5119E+01 0.95 1.1706E-03
2.8184E+01 0.95 7.8750E-04
3.1623E+01 0.95 5.2729E-04
3.5481E+01 0.95 3.5707E-04
3.9811E+01 0.95 2.4149E-04
4.4668E+01 0.95 1.6290E-04
5.0119E+01 0.95 1.1025E-04
5.6234E+01 0.95 7.4861E-05
6.3096E+01 0.95 5.0605E-05
7.0795E+01 0.95 3.4376E-05
7.9433E+01 0.95 2.3319E-05
8.9125E+01 0.95 1.5721E-05
1.0000E+02 0.95 1.0743E-05
1.1220E+02 0.95 7.3381E-06
1.2589E+02 0.95 4.9939E-06
1.4125E+02 0.95 3.3852E-06
1.5849E+02 0.95 2.2951E-06
1.7783E+02 0.95 1.5552E-06
1.9953E+02 0.95 1.0561E-06
2.2387E+02 0.95 7.1227E-07
2.5119E+02 0.95 4.8262E-07
2.8184E+02 0.95 3.2100E-07
3.1623E+02 0.95 2.1941E-07
3.5481E+02 0.95 1.4887E-07
3.9811E+02 0.95 1.0043E-07
4.4668E+02 0.95 6.6823E-08
5.0119E+02 0.95 4.4853E-08
5.6234E+02 0.95 3.0030E-08
6.3096E+02 0.95 1.9995E-08
7.0795E+02 0.95 1.3399E-08
7.9433E+02 0.95 8.9795E-09
8.9125E+02 0.95 5.9382E-09
1.0000E+03 0.95 3.9332E-09
1.1220E+03 0.95 2.6640E-09
1.2589E+03 0.95 1.7774E-09
1.4125E+03 0.95 1.1576E-09
1.5849E+03 0.95 7.6832E-10
1.7783E+03 0.95 5.1076E-10
1.9953E+03 0.95 3.3557E-10
2.2387E+03 0.95 2.1832E-10
2.5119E+03 0.95 1.4342E-10
2.8184E+03 0.95 9.6077E-11
3.1623E+03 0.95 6.2913E-11
3.5481E+03 0.95 4.0787E-11
3.9811E+03 0.95 2.6826E-11
4.4668E+03 0.95 1.7631E-11
5.0119E+03 0.95 1.1360E-11
5.6234E+03 0.95 7.3803E-12
6.3096E+03 0.95 5.0361E-12
7.0795E+03 0.95 3.2702E-12
7.9433E+03 0.95 2.0935E-12
8.9125E+03 0.95 1.3537E-12
1.0000E+04 0.95 8.8027E-13
1.0000E-01 0.85 4.5928E+03
1.1220E-01 0.85 4.0785E+03
1.2589E-01 0.85 3.5756E+03
1.4125E-01 0.85 3.0979E+03
1.5849E-01 0.85 2.6555E+03
1.7783E-01 0.85 2.2504E+03
1.9953E-01 0.85 1.8855E+03
2.2387E-01 0.85 1.5606E+03
2.5119E-01 0.85 1.2776E+03
2.8184E-01 0.85 1.0328E+03
3.1623E-01 0.85 8.2522E+02
3.5481E-01 0.85 6.5116E+02
3.9811E-01 0.85 5.0750E+02
4.4668E-01 0.85 3.9238E+02
5.0119E-01 0.85 3.0037E+02
5.6234E-01 0.85 2.2827E+02
6.3096E-01 0.85 1.7152E+02
7.0795E-01 0.85 1.2754E+02
7.9433E-01 0.85 9.4478E+01
8.9125E-01 0.85 6.9525E+01
1.0000E+00 0.85 5.0861E+01
1.1220E+00 0.85 3.6932E+01
1.2589E+00 0.85 2.6645E+01
1.4125E+00 0.85 1.9162E+01
1.5849E+00 0.85 1.3683E+01
1.7783E+00 0.85 9.7371E+00
1.9953E+00 0.85 6.8874E+00
2.2387E+00 0.85 4.8242E+00
2.5119E+00 0.85 3.3776E+00
2.8184E+00 0.85 2.3422E+00
3.1623E+00 0.85 1.6194E+00
3.5481E+00 0.85 1.1116E+00
3.9811E+00 0.85 7.6118E-01
4.4668E+00 0.85 5.1981E-01
5.0119E+00 0.85 3.5084E-01
5.6234E+00 0.85 2.3796E-01
6.3096E+00 0.85 1.6146E-01
7.0795E+00 0.85 1.0835E-01
7.9433E+00 0.85 7.2744E-02
8.9125E+00 0.85 4.9071E-02
1.0000E+01 0.85 3.2697E-02
1.1220E+01 0.85 2.1862E-02
1.2589E+01 0.85 1.4654E-02
1.4125E+01 0.85 9.8378E-03
1.5849E+01 0.85 6.4977E-03
1.7783E+01 0.85 4.3477E-03
1.9953E+01 0.85 2.9463E-03
2.2387E+01 0.85 1.9469E-03
2.5119E+01 0.85 1.3238E-03
2.8184E+01 0.85 8.8556E-04
3.1623E+01 0.85 5.8946E-04
3.5481E+01 0.85 3.9625E-04
3.9811E+01 0.85 2.6692E-04
4.4668E+01 0.85 1.8030E-04
5.0119E+01 0.85 1.2132E-04
5.6234E+01 0.85 8.2224E-05
6.3096E+01 0.85 5.5796E-05
7.0795E+01 0.85 3.7612E-05
7.9433E+01 0.85 2.5447E-05
8.9125E+01 0.85 1.7340E-05
1.0000E+02 0.85 1.1777E-05
1.1220E+02 0.85 7.9830E-06
1.2589E+02 0.85 5.4196E-06
1.4125E+02 0.85 3.6697E-06
1.5849E+02 0.85 2.4915E-06
1.7783E+02 0.85 1.6952E-06
1.9953E+02 0.85 1.1540E-06
2.2387E+02 0.85 7.8581E-07
2.5119E+02 0.85 5.2269E-07
2.8184E+02 0.85 3.5034E-07
3.1623E+02 0.85 2.3987E-07
3.5481E+02 0.85 1.5992E-07
3.9811E+02 0.85 1.0737E-07
4.4668E+02 0.85 7.2822E-08
5.0119E+02 0.85 4.8826E-08
5.6234E+02 0.85 3.3139E-08
6.3096E+02 0.85 2.2085E-08
7.0795E+02 0.85 1.4770E-08
7.9433E+02 0.85 9.8384E-09
8.9125E+02 0.85 6.6608E-09
1.0000E+03 0.85 4.4149E-09
1.1220E+03 0.85 2.9035E-09
1.2589E+03 0.85 1.9262E-09
1.4125E+03 0.85 1.2783E-09
1.5849E+03 0.85 8.3758E-10
1.7783E+03 0.85 5.4788E-10
1.9953E+03 0.85 3.6932E-10
2.2387E+03 0.85 2.4833E-10
2.5119E+03 0.85 1.6269E-10
2.8184E+03 0.85 1.0501E-10
3.1623E+03 0.85 7.0382E-11
3.5481E+03 0.85 4.5446E-11
3.9811E+03 0.85 2.9594E-11
4.4668E+03 0.85 1.9791E-11
5.0119E+03 0.85 1.3205E-11
5.6234E+03 0.85 8.6689E-12
6.3096E+03 0.85 5.5348E-12
7.0795E+03 0.85 3.6665E-12
7.9433E+03 0.85 2.3889E-12
8.9125E+03 0.85 1.5396E-12
1.0000E+04 0.85 9.9851E-13
1.0000E-01 0.75 4.7850E+03
1.1220E-01 0.75 4.2315E+03
1.2589E-01 0.75 3.6978E+03
1.4125E-01 0.75 3.1990E+03
1.5849E-01 0.75 2.7378E+03
1.7783E-01 0.75 2.3188E+03
1.9953E-01 0.75 1.9450E+03
2.2387E-01 0.75 1.6117E+03
2.5119E-01 0.75 1.3191E+03
2.8184E-01 0.75 1.0699E+03
3.1623E-01 0.75 8.5670E+02
3.5481E-01 0.75 6.7611E+02
3.9811E-01 0.75 5.3042E+02
4.4668E-01 0.75 4.1207E+02
5.0119E-01 0.75 3.1618E+02
5.6234E-01 0.75 2.4056E+02
6.3096E-01 0.75 1.8177E+02
7.0795E-01 0.75 1.3628E+02
7.9433E-01 0.75 1.0107E+02
8.9125E-01 0.75 7.4368E+01
1.0000E+00 0.75 5.4598E+01
1.1220E+00 0.75 3.9896E+01
1.2589E+00 0.75 2.8948E+01
1.4125E+00 0.75 2.0877E+01
1.5849E+00 0.75 1.4996E+01
1.7783E+00 0.75 1.0708E+01
1.9953E+00 0.75 7.5927E+00
2.2387E+00 0.75 5.3421E+00
2.5119E+00 0.75 3.7708E+00
2.8184E+00 0.75 2.6408E+00
3.1623E+00 0.75 1.8207E+00
3.5481E+00 0.75 1.2552E+00
3.9811E+00 0.75 8.5862E-01
4.4668E+00 0.75 5.8572E-01
5.0119E+00 0.75 3.9955E-01
5.6234E+00 0.75 2.7026E-01
6.3096E+00 0.75 1.8349E-01
7.0795E+00 0.75 1.2439E-01
7.9433E+00 0.75 8.3829E-02
8.9125E+00 0.75 5.6068E-02
1.0000E+01 0.75 3.7403E-02
1.1220E+01 0.75 2.4887E-02
1.2589E+01 0.75 1.6599E-02
1.4125E+01 0.75 1.1165E-02
1.5849E+01 0.75 7.4682E-03
1.7783E+01 0.75 4.9840E-03
1.9953E+01 0.75 3.3459E-03
2.2387E+01 0.75 2.2444E-03
2.5119E+01 0.75 1.4976E-03
2.8184E+01 0.75 9.9558E-04
3.1623E+01 0.75 6.6741E-04
3.5481E+01 0.75 4.4840E-04
3.9811E+01 0.75 3.0252E-04
4.4668E+01 0.75 2.0336E-04
5.0119E+01 0.75 1.3642E-04
5.6234E+01 0.75 9.1824E-05
6.3096E+01 0.75 6.1721E-05
7.0795E+01 0.75 4.1919E-05
7.9433E+01 0.75 2.8640E-05
8.9125E+01 0.75 1.9176E-05
1.0000E+02 0.75 1.2974E-05
1.1220E+02 0.75 8.7871E-06
1.2589E+02 0.75 5.9681E-06
1.4125E+02 0.75 4.0515E-06
1.5849E+02 0.75 2.7468E-06
1.7783E+02 0.75 1.8545E-06
1.9953E+02 0.75 1.2685E-06
2.2387E+02 0.75 8.6636E-07
2.5119E+02 0.75 5.7557E-07
2.8184E+02 0.75 3.9023E-07
3.1623E+02 0.75 2.6257E-07
3.5481E+02 0.75 1.7763E-07
3.9811E+02 0.75 1.2095E-07
4.4668E+02 0.75 8.1086E-08
5.0119E+02 0.75 5.4210E-08
5.6234E+02 0.75 3.6551E-08
6.3096E+02 0.75 2.4464E-08
7.0795E+02 0.75 1.6351E-08
7.9433E+02 0.75 1.0913E-08
8.9125E+02 0.75 7.2809E-09
1.0000E+03 0.75 4.8786E-09
1.1220E+03 0.75 3.2380E-09
1.2589E+03 0.75 2.1639E-09
1.4125E+03 0.75 1.4213E-09
1.5849E+03 0.75 9.5069E-10
1.7783E+03 0.75 6.3305E-10
1.9953E+03 0.75 4.2047E-10
2.2387E+03 0.75 2.7436E-10
2.5119E+03 0.75 1.7996E-10
2.8184E+03 0.75 1.1996E-10
3.1623E+03 0.75 7.7155E-11
3.5481E+03 0.75 5.0529E-11
3.9811E+03 0.75 3.3438E-11
4.4668E+03 0.75 2.1947E-11
5.0119E+03 0.75 1.4425E-11
5.6234E+03 0.75 9.0560E-12
6.3096E+03 0.75 5.9945E-12
7.0795E+03 0.75 4.0446E-12
7.9433E+03 0.75 2.5520E-12
8.9125E+03 0.75 1.6516E-12
1.0000E+04 0.75 1.1108E-12
1.0000E-01 0.65 5.0366E+03
1.1220E-01 0.65 4.4323E+03
1.2589E-01 0.65 3.8582E+03
1.4125E-01 0.65 3.3286E+03
1.5849E-01 0.65 2.8434E+03
1.7783E-01 0.65 2.4033E+03
1.9953E-01 0.65 2.0116E+03
2.2387E-01 0.65 1.6690E+03
2.5119E-01 0.65 1.3681E+03
2.8184E-01 0.65 1.1084E+03
3.1623E-01 0.65 8.8784E+02
3.5481E-01 0.65 7.0342E+02
3.9811E-01 0.65 5.5234E+02
4.4668E-01 0.65 4.2933E+02
5.0119E-01 0.65 3.3110E+02
5.6234E-01 0.65 2.5405E+02
6.3096E-01 0.65 1.9244E+02
7.0795E-01 0.65 1.4467E+02
7.9433E-01 0.65 1.0837E+02
8.9125E-01 0.65 8.0394E+01
1.0000E+00 0.65 5.9143E+01
1.1220E+00 0.65 4.3264E+01
1.2589E+00 0.65 3.1497E+01
1.4125E+00 0.65 2.2836E+01
1.5849E+00 0.65 1.6457E+01
1.7783E+00 0.65 1.1831E+01
1.9953E+00 0.65 8.4471E+00
2.2387E+00 0.65 5.9601E+00
2.5119E+00 0.65 4.1887E+00
2.8184E+00 0.65 2.9166E+00
3.1623E+00 0.65 2.0401E+00
3.5481E+00 0.65 1.4133E+00
3.9811E+00 0.65 9.7260E-01
4.4668E+00 0.65 6.6649E-01
5.0119E+00 0.65 4.5538E-01
5.6234E+00 0.65 3.1135E-01
6.3096E+00 0.65 2.1128E-01
7.0795E+00 0.65 1.4246E-01
7.9433E+00 0.65 9.6000E-02
8.9125E+00 0.65 6.4740E-02
1.0000E+01 0.65 4.3257E-02
1.1220E+01 0.65 2.8979E-02
1.2589E+01 0.65 1.9316E-02
1.4125E+01 0.65 1.2899E-02
1.5849E+01 0.65 8.6609E-03
1.7783E+01 0.65 5.7985E-03
1.9953E+01 0.65 3.8680E-03
2.2387E+01 0.65 2.5886E-03
2.5119E+01 0.65 1.7386E-03
2.8184E+01 0.65 1.1626E-03
3.1623E+01 0.65 7.7031E-04
3.5481E+01 0.65 5.1563E-04
3.9811E+01 0.65 3.4651E-04
4.4668E+01 0.65 2.3270E-04
5.0119E+01 0.65 1.5709E-04
5.6234E+01 0.65 1.0531E-04
6.3096E+01 0.65 7.0866E-05
7.0795E+01 0.65 4.7652E-05
7.9433E+01 0.65 3.2062E-05
8.9125E+01 0.65 2.1585E-05
1.0000E+02 0.65 1.4598E-05
1.1220E+02 0.65 9.8809E-06
1.2589E+02 0.65 6.7005E-06
1.4125E+02 0.65 4.5189E-06
1.5849E+02 0.65 3.0453E-06
1.7783E+02 0.65 2.0650E-06
1.9953E+02 0.65 1.4082E-06
2.2387E+02 0.65 9.4434E-07
2.5119E+02 0.65 6.3324E-07
2.8184E+02 0.65 4.2993E-07
3.1623E+02 0.65 2.9380E-07
3.5481E+02 0.65 1.9834E-07
3.9811E+02 0.65 1.3369E-07
4.4668E+02 0.65 9.0201E-08
5.0119E+02 0.65 6.0399E-08
5.6234E+02 0.65 4.0626E-08
6.3096E+02 0.65 2.7294E-08
7.0795E+02 0.65 1.8232E-08
7.9433E+02 0.65 1.2221E-08
8.9125E+02 0.65 8.2034E-09
1.0000E+03 0.65 5.5057E-09
1.1220E+03 0.65 3.6990E-09
1.2589E+03 0.65 2.4427E-09
1.4125E+03 0.65 1.6171E-09
1.5849E+03 0.65 1.0440E-09
1.7783E+03 0.65 6.9164E-10
1.9953E+03 0.65 4.6274E-10
2.2387E+03 0.65 3.1303E-10
2.5119E+03 0.65 2.0134E-10
2.8184E+03 0.65 1.3092E-10
3.1623E+03 0.65 8.8910E-11
3.5481E+03 0.65 5.7926E-11
3.9811E+03 0.65 3.6987E-11
4.4668E+03 0.65 2.4329E-11
5.0119E+03 0.65 1.6204E-11
5.6234E+03 0.65 1.0604E-11
6.3096E+03 0.65 6.9863E-12
7.0795E+03 0.65 4.6378E-12
7.9433E+03 0.65 3.0182E-12
8.9125E+03 0.65 1.9464E-12
1.0000E+04 0.65 1.2483E-12
1.0000E-01 0.55 5.3961E+03
1.1220E-01 0.55 4.7242E+03
1.2589E-01 0.55 4.0912E+03
1.4125E-01 0.55 3.5089E+03
1.5849E-01 0.55 2.9838E+03
1.7783E-01 0.55 2.5115E+03
1.9953E-01 0.55 2.0981E+03
2.2387E-01 0.55 1.7331E+03
2.5119E-01 0.55 1.4180E+03
2.8184E-01 0.55 1.1515E+03
3.1623E-01 0.55 9.2437E+02
3.5481E-01 0.55 7.3376E+02
3.9811E-01 0.55 5.7716E+02
4.4668E-01 0.55 4.5001E+02
5.0119E-01 0.55 3.4818E+02
5.6234E-01 0.55 2.6716E+02
6.3096E-01 0.55 2.0369E+02
7.0795E-01 0.55 1.5370E+02
7.9433E-01 0.55 1.1521E+02
8.9125E-01 0.55 8.5749E+01
1.0000E+00 0.55 6.3667E+01
1.1220E+00 0.55 4.6993E+01
1.2589E+00 0.55 3.4475E+01
1.4125E+00 0.55 2.5091E+01
1.5849E+00 0.55 1.8134E+01
1.7783E+00 0.55 1.3082E+01
1.9953E+00 0.55 9.4040E+00
2.2387E+00 0.55 6.6607E+00
2.5119E+00 0.55 4.7090E+00
2.8184E+00 0.55 3.3295E+00
3.1623E+00 0.55 2.3187E+00
3.5481E+00 0.55 1.6180E+00
3.9811E+00 0.55 1.1237E+00
4.4668E+00 0.55 7.7240E-01
5.0119E+00 0.55 5.2867E-01
5.6234E+00 0.55 3.6212E-01
6.3096E+00 0.55 2.4715E-01
7.0795E+00 0.55 1.6663E-01
7.9433E+00 0.55 1.1342E-01
8.9125E+00 0.55 7.6891E-02
1.0000E+01 0.55 5.1253E-02
1.1220E+01 0.55 3.4347E-02
1.2589E+01 0.55 2.3065E-02
1.4125E+01 0.55 1.5484E-02
1.5849E+01 0.55 1.0362E-02
1.7783E+01 0.55 6.8877E-03
1.9953E+01 0.55 4.5354E-03
2.2387E+01 0.55 3.0259E-03
2.5119E+01 0.55 2.0449E-03
2.8184E+01 0.55 1.3807E-03
3.1623E+01 0.55 9.2072E-04
3.5481E+01 0.55 6.1399E-04
3.9811E+01 0.55 4.0941E-04
4.4668E+01 0.55 2.7478E-04
5.0119E+01 0.55 1.8513E-04
5.6234E+01 0.55 1.2342E-04
6.3096E+01 0.55 8.2476E-05
7.0795E+01 0.55 5.5245E-05
7.9433E+01 0.55 3.7375E-05
8.9125E+01 0.55 2.4996E-05
1.0000E+02 0.55 1.6884E-05
1.1220E+02 0.55 1.1399E-05
1.2589E+02 0.55 7.7074E-06
1.4125E+02 0.55 5.1981E-06
1.5849E+02 0.55 3.5091E-06
1.7783E+02 0.55 2.3516E-06
1.9953E+02 0.55 1.5867E-06
2.2387E+02 0.55 1.0795E-06
2.5119E+02 0.55 7.3474E-07
2.8184E+02 0.55 4.9778E-07
3.1623E+02 0.55 3.3225E-07
3.5481E+02 0.55 2.2447E-07
3.9811E+02 0.55 1.5220E-07
4.4668E+02 0.55 1.0266E-07
5.0119E+02 0.55 6.9028E-08
5.6234E+02 0.55 4.6405E-08
6.3096E+02 0.55 3.1228E-08
7.0795E+02 0.55 2.0791E-08
7.9433E+02 0.55 1.3915E-08
8.9125E+02 0.55 9.3138E-09
1.0000E+03 0.55 6.2492E-09
1.1220E+03 0.55 4.1528E-09
1.2589E+03 0.55 2.7764E-09
1.4125E+03 0.55 1.8561E-09
1.5849E+03 0.55 1.2280E-09
1.7783E+03 0.55 8.2675E-10
1.9953E+03 0.55 5.5076E-10
2.2387E+03 0.55 3.6059E-10
2.5119E+03 0.55 2.3607E-10
2.8184E+03 0.55 1.5614E-10
3.1623E+03 0.55 1.0251E-10
3.5481E+03 0.55 6.7061E-11
3.9811E+03 0.55 4.4622E-11
4.4668E+03 0.55 2.9369E-11
5.0119E+03 0.55 1.9349E-11
5.6234E+03 0.55 1.2927E-11
6.3096E+03 0.55 8.2356E-12
7.0795E+03 0.55 5.3225E-12
7.9433E+03 0.55 3.5683E-12
8.9125E+03 0.55 2.3332E-12
1.0000E+04 0.55 1.4866E-12
1.0000E-01 0.45 5.9069E+03
1.1220E-01 0.45 5.1406E+03
1.2589E-01 0.45 4.4261E+03
1.4125E-01 0.45 3.7738E+03
1.5849E-01 0.45 3.1841E+03
1.7783E-01 0.45 2.6701E+03
1.9953E-01 0.45 2.2212E+03
2.2387E-01 0.45 1.8248E+03
2.5119E-01 0.45 1.4893E+03
2.8184E-01 0.45 1.2042E+03
3.1623E-01 0.45 9.6360E+02
3.5481E-01 0.45 7.6582E+02
3.9811E-01 0.45 6.0323E+02
4.4668E-01 0.45 4.7049E+02
5.0119E-01 0.45 3.6391E+02
5.6234E-01 0.45 2.7987E+02
6.3096E-01 0.45 2.1425E+02
7.0795E-01 0.45 1.6282E+02
7.9433E-01 0.45 1.2270E+02
8.9125E-01 0.45 9.1804E+01
1.0000E+00 0.45 6.8864E+01
1.1220E+00 0.45 5.0967E+01
1.2589E+00 0.45 3.7583E+01
1.4125E+00 0.45 2.7641E+01
1.5849E+00 0.45 2.0128E+01
1.7783E+00 0.45 1.4577E+01
1.9953E+00 0.45 1.0504E+01
2.2387E+00 0.45 7.5500E+00
2.5119E+00 0.45 5.3754E+00
2.8184E+00 0.45 3.7958E+00
3.1623E+00 0.45 2.6750E+00
3.5481E+00 0.45 1.8711E+00
3.9811E+00 0.45 1.3010E+00
4.4668E+00 0.45 9.0563E-01
5.0119E+00 0.45 6.2538E-01
5.6234E+00 0.45 4.2979E-01
6.3096E+00 0.45 2.9237E-01
7.0795E+00 0.45 1.9816E-01
7.9433E+00 0.45 1.3473E-01
8.9125E+00 0.45 9.1454E-02
1.0000E+01 0.45 6.2280E-02
1.1220E+01 0.45 4.1805E-02
1.2589E+01 0.45 2.8014E-02
1.4125E+01 0.45 1.8834E-02
1.5849E+01 0.45 1.2637E-02
1.7783E+01 0.45 8.5050E-03
1.9953E+01 0.45 5.6987E-03
2.2387E+01 0.45 3.7692E-03
2.5119E+01 0.45 2.5316E-03
2.8184E+01 0.45 1.6986E-03
3.1623E+01 0.45 1.1295E-03
3.5481E+01 0.45 7.5407E-04
3.9811E+01 0.45 5.0457E-04
4.4668E+01 0.45 3.3790E-04
5.0119E+01 0.45 2.2538E-04
5.6234E+01 0.45 1.5013E-04
6.3096E+01 0.45 1.0006E-04
7.0795E+01 0.45 6.7273E-05
7.9433E+01 0.45 4.4815E-05
8.9125E+01 0.45 2.9809E-05
1.0000E+02 0.45 2.0228E-05
1.1220E+02 0.45 1.3587E-05
1.2589E+02 0.45 9.1355E-06
1.4125E+02 0.45 6.1547E-06
1.5849E+02 0.45 4.1363E-06
1.7783E+02 0.45 2.7905E-06
1.9953E+02 0.45 1.8881E-06
2.2387E+02 0.45 1.2624E-06
2.5119E+02 0.45 8.4693E-07
2.8184E+02 0.45 5.7110E-07
3.1623E+02 0.45 3.8928E-07
3.5481E+02 0.45 2.6124E-07
3.9811E+02 0.45 1.7621E-07
4.4668E+02 0.45 1.1905E-07
5.0119E+02 0.45 7.9887E-08
5.6234E+02 0.45 5.3772E-08
6.3096E+02 0.45 3.6209E-08
7.0795E+02 0.45 2.4485E-08
7.9433E+02 0.45 1.6394E-08
8.9125E+02 0.45 1.0833E-08
1.0000E+03 0.45 7.3219E-09
1.1220E+03 0.45 4.9584E-09
1.2589E+03 0.45 3.2948E-09
1.4125E+03 0.45 2.1569E-09
1.5849E+03 0.45 1.4382E-09
1.7783E+03 0.45 9.6138E-10
1.9953E+03 0.45 6.3852E-10
2.2387E+03 0.45 4.2584E-10
2.5119E+03 0.45 2.8315E-10
2.8184E+03 0.45 1.8824E-10
3.1623E+03 0.45 1.2265E-10
3.5481E+03 0.45 8.0679E-11
3.9811E+03 0.45 5.3332E-11
4.4668E+03 0.45 3.5077E-11
5.0119E+03 0.45 2.3382E-11
5.6234E+03 0.45 1.5278E-11
6.3096E+03 0.45 9.6856E-12
7.0795E+03 0.45 6.3401E-12
7.9433E+03 0.45 4.1384E-12
8.9125E+03 0.45 2.6849E-12
1.0000E+04 0.45 1.7766E-12
1.0000E-01 0.35 6.7567E+03
1.1220E-01 0.35 5.8346E+03
1.2589E-01 0.35 4.9718E+03
1.4125E-01 0.35 4.2037E+03
1.5849E-01 0.35 3.5235E+03
1.7783E-01 0.35 2.9276E+03
1.9953E-01 0.35 2.4133E+03
2.2387E-01 0.35 1.9764E+03
2.5119E-01 0.35 1.6032E+03
2.8184E-01 0.35 1.2878E+03
3.1623E-01 0.35 1.0260E+03
3.5481E-01 0.35 8.1088E+02
3.9811E-01 0.35 6.3685E+02
4.4668E-01 0.35 4.9737E+02
5.0119E-01 0.35 3.8526E+02
5.6234E-01 0.35 2.9605E+02
6.3096E-01 0.35 2.2667E+02
7.0795E-01 0.35 1.7269E+02
7.9433E-01 0.35 1.3129E+02
8.9125E-01 0.35 9.8948E+01
1.0000E+00 0.35 7.3884E+01
1.1220E+00 0.35 5.5105E+01
1.2589E+00 0.35 4.0927E+01
1.4125E+00 0.35 3.0187E+01
1.5849E+00 0.35 2.2227E+01
1.7783E+00 0.35 1.6298E+01
1.9953E+00 0.35 1.1843E+01
2.2387E+00 0.35 8.5471E+00
2.5119E+00 0.35 6.1585E+00
2.8184E+00 0.35 4.4045E+00
3.1623E+00 0.35 3.1025E+00
3.5481E+00 0.35 2.1872E+00
3.9811E+00 0.35 1.5312E+00
4.4668E+00 0.35 1.0691E+00
5.0119E+00 0.35 7.4638E-01
5.6234E+00 0.35 5.1312E-01
6.3096E+00 0.35 3.5050E-01
7.0795E+00 0.35 2.4087E-01
7.9433E+00 0.35 1.6623E-01
8.9125E+00 0.35 1.1365E-01
1.0000E+01 0.35 7.7531E-02
1.1220E+01 0.35 5.2550E-02
1.2589E+01 0.35 3.5621E-02
1.4125E+01 0.35 2.3789E-02
1.5849E+01 0.35 1.5941E-02
1.7783E+01 0.35 1.0769E-02
1.9953E+01 0.35 7.2488E-03
2.2387E+01 0.35 4.8353E-03
2.5119E+01 0.35 3.2614E-03
2.8184E+01 0.35 2.2084E-03
3.1623E+01 0.35 1.4614E-03
3.5481E+01 0.35 9.7464E-04
3.9811E+01 0.35 6.5123E-04
4.4668E+01 0.35 4.3579E-04
5.0119E+01 0.35 2.9088E-04
5.6234E+01 0.35 1.9327E-04
6.3096E+01 0.35 1.2884E-04
7.0795E+01 0.35 8.6611E-05
7.9433E+01 0.35 5.7957E-05
8.9125E+01 0.35 3.8468E-05
1.0000E+02 0.35 2.5662E-05
1.1220E+02 0.35 1.7176E-05
1.2589E+02 0.35 1.1477E-05
1.4125E+02 0.35 7.6907E-06
1.5849E+02 0.35 5.1604E-06
1.7783E+02 0.35 3.4540E-06
1.9953E+02 0.35 2.3322E-06
2.2387E+02 0.35 1.5678E-06
2.5119E+02 0.35 1.0387E-06
2.8184E+02 0.35 7.0415E-07
3.1623E+02 0.35 4.7275E-07
3.5481E+02 0.35 3.1861E-07
3.9811E+02 0.35 2.1521E-07
4.4668E+02 0.35 1.4484E-07
5.0119E+02 0.35 9.7250E-08
5.6234E+02 0.35 6.5351E-08
6.3096E+02 0.35 4.4110E-08
7.0795E+02 0.35 2.9585E-08
7.9433E+02 0.35 1.9642E-08
8.9125E+02 0.35 1.3257E-08
1.0000E+03 0.35 8.9477E-09
1.1220E+03 0.35 5.9993E-09
1.2589E+03 0.35 3.9906E-09
1.4125E+03 0.35 2.6758E-09
1.5849E+03 0.35 1.7964E-09
1.7783E+03 0.35 1.1788E-09
1.9953E+03 0.35 7.9253E-10
2.2387E+03 0.35 5.3167E-10
2.5119E+03 0.35 3.5106E-10
2.8184E+03 0.35 2.3212E-10
3.1623E+03 0.35 1.5446E-10
3.5481E+03 0.35 1.0101E-10
3.9811E+03 0.35 6.6186E-11
4.4668E+03 0.35 4.3477E-11
5.0119E+03 0.35 2.8638E-11
5.6234E+03 0.35 1.8843E-11
6.3096E+03 0.35 1.2422E-11
7.0795E+03 0.35 8.1780E-12
7.9433E+03 0.35 5.1716E-12
8.9125E+03 0.35 3.3844E-12
1.0000E+04 0.35 2.2949E-12
1.0000E-01 0.25 8.2741E+03
1.1220E-01 0.25 7.0784E+03
1.2589E-01 0.25 5.9682E+03
1.4125E-01 0.25 4.9954E+03
1.5849E-01 0.25 4.1419E+03
1.7783E-01 0.25 3.4006E+03
1.9953E-01 0.25 2.7765E+03
2.2387E-01 0.25 2.2559E+03
2.5119E-01 0.25 1.8121E+03
2.8184E-01 0.25 1.4404E+03
3.1623E-01 0.25 1.1356E+03
3.5481E-01 0.25 8.8770E+02
3.9811E-01 0.25 6.9089E+02
4.4668E-01 0.25 5.3525E+02
5.0119E-01 0.25 4.1223E+02
5.6234E-01 0.25 3.1683E+02
6.3096E-01 0.25 2.4273E+02
7.0795E-01 0.25 1.8440E+02
7.9433E-01 0.25 1.3892E+02
8.9125E-01 0.25 1.0490E+02
1.0000E+00 0.25 7.8984E+01
1.1220E+00 0.25 5.9264E+01
1.2589E+00 0.25 4.4410E+01
1.4125E+00 0.25 3.3123E+01
1.5849E+00 0.25 2.4563E+01
1.7783E+00 0.25 1.8036E+01
1.9953E+00 0.25 1.3145E+01
2.2387E+00 0.25 9.6194E+00
2.5119E+00 0.25 6.9982E+00
2.8184E+00 0.25 5.0409E+00
3.1623E+00 0.25 3.6255E+00
3.5481E+00 0.25 2.5752E+00
3.9811E+00 0.25 1.8263E+00
4.4668E+00 0.25 1.2829E+00
5.0119E+00 0.25 8.9871E-01
5.6234E+00 0.25 6.3213E-01
6.3096E+00 0.25 4.4102E-01
7.0795E+00 0.25 3.0442E-01
7.9433E+00 0.25 2.1105E-01
8.9125E+00 0.25 1.4636E-01
1.0000E+01 0.25 1.0003E-01
1.1220E+01 0.25 6.8226E-02
1.2589E+01 0.25 4.6628E-02
1.4125E+01 0.25 3.1624E-02
1.5849E+01 0.25 2.1348E-02
1.7783E+01 0.25 1.4407E-02
1.9953E+01 0.25 9.7175E-03
2.2387E+01 0.25 6.6450E-03
2.5119E+01 0.25 4.4944E-03
2.8184E+01 0.25 3.0124E-03
3.1623E+01 0.25 2.0196E-03
3.5481E+01 0.25 1.3567E-03
3.9811E+01 0.25 9.0827E-04
4.4668E+01 0.25 6.0743E-04
5.0119E+01 0.25 4.0662E-04
5.6234E+01 0.25 2.7052E-04
6.3096E+01 0.25 1.7956E-04
7.0795E+01 0.25 1.1977E-04
7.9433E+01 0.25 7.9833E-05
8.9125E+01 0.25 5.3263E-05
1.0000E+02 0.25 3.5518E-05
1.1220E+02 0.25 2.3688E-05
1.2589E+02 0.25 1.5798E-05
1.4125E+02 0.25 1.0483E-05
1.5849E+02 0.25 6.9852E-06
1.7783E+02 0.25 4.6625E-06
1.9953E+02 0.25 3.0986E-06
2.2387E+02 0.25 2.0703E-06
2.5119E+02 0.25 1.3939E-06
2.8184E+02 0.25 9.2932E-07
3.1623E+02 0.25 6.2057E-07
3.5481E+02 0.25 4.1558E-07
3.9811E+02 0.25 2.7962E-07
4.4668E+02 0.25 1.8767E-07
5.0119E+02 0.25 1.2577E-07
5.6234E+02 0.25 8.4756E-08
6.3096E+02 0.25 5.6891E-08
7.0795E+02 0.25 3.8289E-08
7.9433E+02 0.25 2.5685E-08
8.9125E+02 0.25 1.7112E-08
1.0000E+03 0.25 1.1538E-08
1.1220E+03 0.25 7.7384E-09
1.2589E+03 0.25 5.1618E-09
1.4125E+03 0.25 3.4712E-09
1.5849E+03 0.25 2.3071E-09
1.7783E+03 0.25 1.5383E-09
1.9953E+03 0.25 1.0414E-09
2.2387E+03 0.25 6.8862E-10
2.5119E+03 0.25 4.5048E-10
2.8184E+03 0.25 2.9968E-10
3.1623E+03 0.25 1.9965E-10
3.5481E+03 0.25 1.3203E-10
3.9811E+03 0.25 8.6955E-11
4.4668E+03 0.25 5.6623E-11
5.0119E+03 0.25 3.7955E-11
5.6234E+03 0.25 2.5339E-11
6.3096E+03 0.25 1.6342E-11
7.0795E+03 0.25 1.0639E-11
7.9433E+03 0.25 6.9995E-12
8.9125E+03 0.25 4.6758E-12
1.0000E+04 0.25 3.0439E-12
1.0000E-01 0.15 1.1599E+04
1.1220E-01 0.15 9.8217E+03
1.2589E-01 0.15 8.1946E+03
1.4125E-01 0.15 6.7511E+03
1.5849E-01 0.15 5.5133E+03
1.7783E-01 0.15 4.4646E+03
1.9953E-01 0.15 3.5951E+03
2.2387E-01 0.15 2.8741E+03
2.5119E-01 0.15 2.2661E+03
2.8184E-01 0.15 1.7752E+03
3.1623E-01 0.15 1.3831E+03
3.5481E-01 0.15 1.0669E+03
3.9811E-01 0.15 8.2032E+02
4.4668E-01 0.15 6.2638E+02
5.0119E-01 0.15 4.7654E+02
5.6234E-01 0.15 3.6156E+02
6.3096E-01 0.15 2.7134E+02
7.0795E-01 0.15 2.0346E+02
7.9433E-01 0.15 1.5361E+02
8.9125E-01 0.15 1.1558E+02
1.0000E+00 0.15 8.6331E+01
1.1220E+00 0.15 6.4612E+01
1.2589E+00 0.15 4.8242E+01
1.4125E+00 0.15 3.6001E+01
1.5849E+00 0.15 2.6710E+01
1.7783E+00 0.15 1.9766E+01
1.9953E+00 0.15 1.4692E+01
2.2387E+00 0.15 1.0855E+01
2.5119E+00 0.15 7.9143E+00
2.8184E+00 0.15 5.7815E+00
3.1623E+00 0.15 4.1822E+00
3.5481E+00 0.15 2.9989E+00
3.9811E+00 0.15 2.1538E+00
4.4668E+00 0.15 1.5448E+00
5.0119E+00 0.15 1.0990E+00
5.6234E+00 0.15 7.7981E-01
6.3096E+00 0.15 5.5198E-01
7.0795E+00 0.15 3.8628E-01
7.9433E+00 0.15 2.6955E-01
8.9125E+00 0.15 1.9078E-01
1.0000E+01 0.15 1.3334E-01
1.1220E+01 0.15 9.2160E-02
1.2589E+01 0.15 6.3889E-02
1.4125E+01 0.15 4.4127E-02
1.5849E+01 0.15 3.0514E-02
1.7783E+01 0.15 2.0944E-02
1.9953E+01 0.15 1.4250E-02
2.2387E+01 0.15 9.7855E-03
2.5119E+01 0.15 6.7561E-03
2.8184E+01 0.15 4.6070E-03
3.1623E+01 0.15 3.0903E-03
3.5481E+01 0.15 2.0920E-03
3.9811E+01 0.15 1.4089E-03
4.4668E+01 0.15 9.4804E-04
5.0119E+01 0.15 6.3745E-04
5.6234E+01 0.15 4.2740E-04
6.3096E+01 0.15 2.8599E-04
7.0795E+01 0.15 1.9185E-04
7.9433E+01 0.15 1.2820E-04
8.9125E+01 0.15 8.5147E-05
1.0000E+02 0.15 5.6693E-05
1.1220E+02 0.15 3.7747E-05
1.2589E+02 0.15 2.5109E-05
1.4125E+02 0.15 1.6684E-05
1.5849E+02 0.15 1.1101E-05
1.7783E+02 0.15 7.3837E-06
1.9953E+02 0.15 4.8802E-06
2.2387E+02 0.15 3.2286E-06
2.5119E+02 0.15 2.1469E-06
2.8184E+02 0.15 1.4149E-06
3.1623E+02 0.15 9.4469E-07
3.5481E+02 0.15 6.2899E-07
3.9811E+02 0.15 4.1743E-07
4.4668E+02 0.15 2.7809E-07
5.0119E+02 0.15 1.8491E-07
5.6234E+02 0.15 1.2341E-07
6.3096E+02 0.15 8.2484E-08
7.0795E+02 0.15 5.5098E-08
7.9433E+02 0.15 3.6908E-08
8.9125E+02 0.15 2.4544E-08
1.0000E+03 0.15 1.6366E-08
1.1220E+03 0.15 1.0961E-08
1.2589E+03 0.15 7.3678E-09
1.4125E+03 0.15 4.9128E-09
1.5849E+03 0.15 3.2803E-09
1.7783E+03 0.15 2.1919E-09
1.9953E+03 0.15 1.4539E-09
2.2387E+03 0.15 9.6547E-10
2.5119E+03 0.15 6.4827E-10
2.8184E+03 0.15 4.3038E-10
3.1623E+03 0.15 2.8614E-10
3.5481E+03 0.15 1.9074E-10
3.9811E+03 0.15 1.2621E-10
4.4668E+03 0.15 8.2857E-11
5.0119E+03 0.15 5.5077E-11
5.6234E+03 0.15 3.6078E-11
6.3096E+03 0.15 2.3878E-11
7.0795E+03 0.15 1.5952E-11
7.9433E+03 0.15 1.0383E-11
8.9125E+03 0.15 6.6850E-12
1.0000E+04 0.15 4.4223E-12
1.0000E-01 0.05 1.9814E+04
1.1220E-01 0.05 1.6493E+04
1.2589E-01 0.05 1.3541E+04
1.4125E-01 0.05 1.0952E+04
1.5849E-01 0.05 8.8031E+03
1.7783E-01 0.05 7.0233E+03
1.9953E-01 0.05 5.5446E+03
2.2387E-01 0.05 4.3352E+03
2.5119E-01 0.05 3.3678E+03
2.8184E-01 0.05 2.5950E+03
3.1623E-01 0.05 1.9740E+03
3.5481E-01 0.05 1.4943E+03
3.9811E-01 0.05 1.1225E+03
4.4668E-01 0.05 8.3711E+02
5.0119E-01 0.05 6.2356E+02
5.6234E-01 0.05 4.6350E+02
6.3096E-01 0.05 3.4336E+02
7.0795E-01 0.05 2.5332E+02
7.9433E-01 0.05 1.8461E+02
8.9125E-01 0.05 1.3401E+02
1.0000E+00 0.05 1.0022E+02
1.1220E+00 0.05 7.3855E+01
1.2589E+00 0.05 5.4573E+01
1.4125E+00 0.05 4.0701E+01
1.5849E+00 0.05 3.0130E+01
1.7783E+00 0.05 2.2096E+01
1.9953E+00 0.05 1.6158E+01
2.2387E+00 0.05 1.1876E+01
2.5119E+00 0.05 8.8290E+00
2.8184E+00 0.05 6.4352E+00
3.1623E+00 0.05 4.6862E+00
3.5481E+00 0.05 3.4001E+00
3.9811E+00 0.05 2.4675E+00
4.4668E+00 0.05 1.7973E+00
5.0119E+00 0.05 1.2907E+00
5.6234E+00 0.05 9.3267E-01
6.3096E+00 0.05 6.7544E-01
7.0795E+00 0.05 4.7918E-01
7.9433E+00 0.05 3.3871E-01
8.9125E+00 0.05 2.4168E-01
1.0000E+01 0.05 1.7260E-01
1.1220E+01 0.05 1.2210E-01
1.2589E+01 0.05 8.5828E-02
1.4125E+01 0.05 6.0204E-02
1.5849E+01 0.05 4.1915E-02
1.7783E+01 0.05 2.9240E-02
1.9953E+01 0.05 2.1024E-02
2.2387E+01 0.05 1.4812E-02
2.5119E+01 0.05 1.0161E-02
2.8184E+01 0.05 6.9348E-03
3.1623E+01 0.05 5.0091E-03
3.5481E+01 0.05 3.4574E-03
3.9811E+01 0.05 2.3817E-03
4.4668E+01 0.05 1.6321E-03
5.0119E+01 0.05 1.1152E-03
5.6234E+01 0.05 7.6014E-04
6.3096E+01 0.05 5.1739E-04
7.0795E+01 0.05 3.5099E-04
7.9433E+01 0.05 2.3699E-04
8.9125E+01 0.05 1.6010E-04
1.0000E+02 0.05 1.0745E-04
1.1220E+02 0.05 7.1908E-05
1.2589E+02 0.05 4.8122E-05
1.4125E+02 0.05 3.2119E-05
1.5849E+02 0.05 2.1334E-05
1.7783E+02 0.05 1.4206E-05
1.9953E+02 0.05 9.4359E-06
2.2387E+02 0.05 6.2086E-06
2.5119E+02 0.05 4.0970E-06
2.8184E+02 0.05 2.7222E-06
3.1623E+02 0.05 1.7972E-06
3.5481E+02 0.05 1.1854E-06
3.9811E+02 0.05 7.8027E-07
4.4668E+02 0.05 5.1162E-07
5.0119E+02 0.05 3.3735E-07
5.6234E+02 0.05 2.2157E-07
6.3096E+02 0.05 1.4575E-07
7.0795E+02 0.05 9.5980E-08
7.9433E+02 0.05 6.3116E-08
8.9125E+02 0.05 4.1585E-08
1.0000E+03 0.05 2.7500E-08
1.1220E+03 0.05 1.8138E-08
1.2589E+03 0.05 1.1982E-08
1.4125E+03 0.05 7.9010E-09
1.5849E+03 0.05 5.2358E-09
1.7783E+03 0.05 3.4616E-09
1.9953E+03 0.05 2.2841E-09
2.2387E+03 0.05 1.5076E-09
2.5119E+03 0.05 9.9828E-10
2.8184E+03 0.05 6.6489E-10
3.1623E+03 0.05 4.4105E-10
3.5481E+03 0.05 2.9054E-10
3.9811E+03 0.05 1.9202E-10
4.4668E+03 0.05 1.2677E-10
5.0119E+03 0.05 8.3157E-11
5.6234E+03 0.05 5.4775E-11
6.3096E+03 0.05 3.6507E-11
7.0795E+03 0.05 2.4057E-11
7.9433E+03 0.05 1.5745E-11
8.9125E+03 0.05 1.0284E-11
1.0000E+04 0.05 6.7039E-12
1.0000E-01 -0.05 1.9907E+04
1.1220E-01 -0.05 1.6579E+04
1.2589E-01 -0.05 1.3597E+04
1.4125E-01 -0.05 1.1048E+04
1.5849E-01 -0.05 8.8839E+03
1.7783E-01 -0.05 7.0774E+03
1.9953E-01 -0.05 5.5996E+03
2.2387E-01 -0.05 4.3745E+03
2.5119E-01 -0.05 3.3919E+03
2.8184E-01 -0.05 2.5993E+03
3.1623E-01 -0.05 1.9756E+03
3.5481E-01 -0.05 1.5038E+03
3.9811E-01 -0.05 1.1341E+03
4.4668E-01 -0.05 8.4642E+02
5.0119E-01 -0.05 6.2967E+02
5.6234E-01 -0.05 4.6731E+02
6.3096E-01 -0.05 3.4404E+02
7.0795E-01 -0.05 2.5246E+02
7.9433E-01 -0.05 1.8725E+02
8.9125E-01 -0.05 1.3702E+02
1.0000E+00 -0.05 1.0117E+02
1.1220E+00 -0.05 7.4882E+01
1.2589E+00 -0.05 5.5166E+01
1.4125E+00 -0.05 4.0558E+01
1.5849E+00 -0.05 2.9938E+01
1.7783E+00 -0.05 2.2582E+01
1.9953E+00 -0.05 1.6458E+01
2.2387E+00 -0.05 1.1878E+01
2.5119E+00 -0.05 8.7948E+00
2.8184E+00 -0.05 6.4858E+00
3.1623E+00 -0.05 4.7078E+00
3.5481E+00 -0.05 3.4335E+00
3.9811E+00 -0.05 2.4898E+00
4.4668E+00 -0.05 1.8084E+00
5.0119E+00 -0.05 1.3005E+00
5.6234E+00 -0.05 9.3111E-01
6.3096E+00 -0.05 6.7210E-01
7.0795E+00 -0.05 4.8116E-01
7.9433E+00 -0.05 3.4332E-01
8.9125E+00 -0.05 2.4914E-01
1.0000E+01 -0.05 1.7478E-01
1.1220E+01 -0.05 1.2476E-01
1.2589E+01 -0.05 8.8196E-02
1.4125E+01 -0.05 6.1624E-02
1.5849E+01 -0.05 4.3036E-02
1.7783E+01 -0.05 3.0488E-02
1.9953E+01 -0.05 2.1708E-02
2.2387E+01 -0.05 1.5051E-02
2.5119E+01 -0.05 1.0546E-02
2.8184E+01 -0.05 7.2934E-03
3.1623E+01 -0.05 5.1899E-03
3.5481E+01 -0.05 3.5917E-03
3.9811E+01 -0.05 2.4757E-03
4.4668E+01 -0.05 1.7056E-03
5.0119E+01 -0.05 1.1717E-03
5.6234E+01 -0.05 8.0160E-04
6.3096E+01 -0.05 5.4819E-04
7.0795E+01 -0.05 3.7341E-04
7.9433E+01 -0.05 2.5269E-04
8.9125E+01 -0.05 1.7044E-04
1.0000E+02 -0.05 1.1520E-04
1.1220E+02 -0.05 7.7482E-05
1.2589E+02 -0.05 5.1971E-05
1.4125E+02 -0.05 3.4805E-05
1.5849E+02 -0.05 2.3204E-05
1.7783E+02 -0.05 1.5408E-05
1.9953E+02 -0.05 1.0229E-05
2.2387E+02 -0.05 6.7943E-06
2.5119E+02 -0.05 4.4783E-06
2.8184E+02 -0.05 2.9448E-06
3.1623E+02 -0.05 1.9531E-06
3.5481E+02 -0.05 1.2848E-06
3.9811E+02 -0.05 8.4553E-07
4.4668E+02 -0.05 5.5459E-07
5.0119E+02 -0.05 3.6482E-07
5.6234E+02 -0.05 2.3976E-07
6.3096E+02 -0.05 1.5708E-07
7.0795E+02 -0.05 1.0305E-07
7.9433E+02 -0.05 6.7840E-08
8.9125E+02 -0.05 4.4426E-08
1.0000E+03 -0.05 2.9067E-08
1.1220E+03 -0.05 1.9085E-08
1.2589E+03 -0.05 1.2598E-08
1.4125E+03 -0.05 8.3151E-09
1.5849E+03 -0.05 5.4836E-09
1.7783E+03 -0.05 3.5991E-09
1.9953E+03 -0.05 2.3892E-09
2.2387E+03 -0.05 1.5780E-09
2.5119E+03 -0.05 1.0383E-09
2.8184E+03 -0.05 6.8662E-10
3.1623E+03 -0.05 4.4967E-10
3.5481E+03 -0.05 2.9687E-10
3.9811E+03 -0.05 1.9733E-10
4.4668E+03 -0.05 1.2983E-10
5.0119E+03 -0.05 8.5079E-11
5.6234E+03 -0.05 5.5829E-11
6.3096E+03 -0.05 3.6609E-11
7.0795E+03 -0.05 2.4019E-11
7.9433E+03 -0.05 1.5704E-11
8.9125E+03 -0.05 1.0386E-11
1.0000E+04 -0.05 6.8698E-12
1.0000E-01 -0.15 1.1686E+04
1.1220E-01 -0.15 9.9023E+03
1.2589E-01 -0.15 8.2706E+03
1.4125E-01 -0.15 6.8211E+03
1.5849E-01 -0.15 5.5839E+03
1.7783E-01 -0.15 4.5275E+03
1.9953E-01 -0.15 3.6381E+03
2.2387E-01 -0.15 2.9139E+03
2.5119E-01 -0.15 2.3080E+03
2.8184E-01 -0.15 1.8067E+03
3.1623E-01 -0.15 1.4081E+03
3.5481E-01 -0.15 1.0869E+03
3.9811E-01 -0.15 8.3034E+02
4.4668E-01 -0.15 6.3400E+02
5.0119E-01 -0.15 4.8240E+02
5.6234E-01 -0.15 3.6582E+02
6.3096E-01 -0.15 2.7699E+02
7.0795E-01 -0.15 2.0838E+02
7.9433E-01 -0.15 1.5627E+02
8.9125E-01 -0.15 1.1730E+02
1.0000E+00 -0.15 8.7455E+01
1.1220E+00 -0.15 6.5446E+01
1.2589E+00 -0.15 4.9009E+01
1.4125E+00 -0.15 3.6499E+01
1.5849E+00 -0.15 2.7220E+01
1.7783E+00 -0.15 2.0122E+01
1.9953E+00 -0.15 1.4806E+01
2.2387E+00 -0.15 1.0950E+01
2.5119E+00 -0.15 8.0174E+00
2.8184E+00 -0.15 5.8098E+00
3.1623E+00 -0.15 4.2373E+00
3.5481E+00 -0.15 3.0546E+00
3.9811E+00 -0.15 2.1971E+00
4.4668E+00 -0.15 1.5734E+00
5.0119E+00 -0.15 1.1194E+00
5.6234E+00 -0.15 7.9779E-01
6.3096E+00 -0.15 5.7103E-01
7.0795E+00 -0.15 4.0194E-01
7.9433E+00 -0.15 2.8069E-01
8.9125E+00 -0.15 1.9574E-01
1.0000E+01 -0.15 1.3745E-01
1.1220E+01 -0.15 9.5236E-02
1.2589E+01 -0.15 6.6475E-02
1.4125E+01 -0.15 4.6454E-02
1.5849E+01 -0.15 3.2259E-02
1.7783E+01 -0.15 2.1953E-02
1.9953E+01 -0.15 1.4990E-02
2.2387E+01 -0.15 1.0275E-02
2.5119E+01 -0.15 6.9620E-03
2.8184E+01 -0.15 4.7608E-03
3.1623E+01 -0.15 3.2789E-03
3.5481E+01 -0.15 2.2216E-03
3.9811E+01 -0.15 1.5045E-03
4.4668E+01 -0.15 1.0180E-03
5.0119E+01 -0.15 6.8614E-04
5.6234E+01 -0.15 4.6027E-04
6.3096E+01 -0.15 3.0867E-04
7.0795E+01 -0.15 2.0673E-04
7.9433E+01 -0.15 1.3801E-04
8.9125E+01 -0.15 9.2312E-05
1.0000E+02 -0.15 6.1409E-05
1.1220E+02 -0.15 4.0849E-05
1.2589E+02 -0.15 2.7111E-05
1.4125E+02 -0.15 1.8012E-05
1.5849E+02 -0.15 1.1945E-05
1.7783E+02 -0.15 7.9021E-06
1.9953E+02 -0.15 5.2296E-06
2.2387E+02 -0.15 3.4640E-06
2.5119E+02 -0.15 2.3008E-06
2.8184E+02 -0.15 1.5259E-06
3.1623E+02 -0.15 1.0102E-06
3.5481E+02 -0.15 6.6960E-07
3.9811E+02 -0.15 4.4344E-07
4.4668E+02 -0.15 2.9459E-07
5.0119E+02 -0.15 1.9547E-07
5.6234E+02 -0.15 1.3006E-07
6.3096E+02 -0.15 8.6331E-08
7.0795E+02 -0.15 5.7564E-08
7.9433E+02 -0.15 3.8528E-08
8.9125E+02 -0.15 2.5513E-08
1.0000E+03 -0.15 1.6994E-08
1.1220E+03 -0.15 1.1346E-08
1.2589E+03 -0.15 7.5617E-09
1.4125E+03 -0.15 5.0144E-09
1.5849E+03 -0.15 3.3516E-09
1.7783E+03 -0.15 2.2438E-09
1.9953E+03 -0.15 1.4968E-09
2.2387E+03 -0.15 9.9703E-10
2.5119E+03 -0.15 6.5758E-10
2.8184E+03 -0.15 4.3653E-10
3.1623E+03 -0.15 2.8976E-10
3.5481E+03 -0.15 1.9320E-10
3.9811E+03 -0.15 1.2710E-10
4.4668E+03 -0.15 8.4420E-11
5.0119E+03 -0.15 5.5994E-11
5.6234E+03 -0.15 3.6525E-11
6.3096E+03 -0.15 2.4151E-11
7.0795E+03 -0.15 1.5959E-11
7.9433E+03 -0.15 1.0469E-11
8.9125E+03 -0.15 6.7488E-12
1.0000E+04 -0.15 4.4153E-12
1.0000E-01 -0.25 8.2054E+03
1.1220E-01 -0.25 7.0442E+03
1.2589E-01 -0.25 5.9490E+03
1.4125E-01 -0.25 4.9837E+03
1.5849E-01 -0.25 4.1424E+03
1.7783E-01 -0.25 3.4080E+03
1.9953E-01 -0.25 2.7887E+03
2.2387E-01 -0.25 2.2613E+03
2.5119E-01 -0.25 1.8209E+03
2.8184E-01 -0.25 1.4523E+03
3.1623E-01 -0.25 1.1488E+03
3.5481E-01 -0.25 9.0068E+02
3.9811E-01 -0.25 7.0059E+02
4.4668E-01 -0.25 5.4313E+02
5.0119E-01 -0.25 4.1938E+02
5.6234E-01 -0.25 3.2264E+02
6.3096E-01 -0.25 2.4617E+02
7.0795E-01 -0.25 1.8692E+02
7.9433E-01 -0.25 1.4163E+02
8.9125E-01 -0.25 1.0730E+02
1.0000E+00 -0.25 8.0524E+01
1.1220E+00 -0.25 6.0206E+01
1.2589E+00 -0.25 4.5172E+01
1.4125E+00 -0.25 3.3563E+01
1.5849E+00 -0.25 2.4855E+01
1.7783E+00 -0.25 1.8333E+01
1.9953E+00 -0.25 1.3387E+01
2.2387E+00 -0.25 9.8171E+00
2.5119E+00 -0.25 7.1502E+00
2.8184E+00 -0.25 5.1431E+00
3.1623E+00 -0.25 3.7209E+00
3.5481E+00 -0.25 2.6543E+00
3.9811E+00 -0.25 1.8812E+00
4.4668E+00 -0.25 1.3266E+00
5.0119E+00 -0.25 9.3633E-01
5.6234E+00 -0.25 6.5872E-01
6.3096E+00 -0.25 4.6149E-01
7.0795E+00 -0.25 3.2050E-01
7.9433E+00 -0.25 2.2108E-01
8.9125E+00 -0.25 1.5325E-01
1.0000E+01 -0.25 1.0561E-01
1.1220E+01 -0.25 7.2526E-02
1.2589E+01 -0.25 4.9621E-02
1.4125E+01 -0.25 3.3937E-02
1.5849E+01 -0.25 2.3112E-02
1.7783E+01 -0.25 1.5653E-02
1.9953E+01 -0.25 1.0651E-02
2.2387E+01 -0.25 7.1494E-03
2.5119E+01 -0.25 4.8264E-03
2.8184E+01 -0.25 3.3032E-03
3.1623E+01 -0.25 2.2136E-03
3.5481E+01 -0.25 1.4875E-03
3.9811E+01 -0.25 9.9725E-04
4.4668E+01 -0.25 6.6852E-04
5.0119E+01 -0.25 4.4638E-04
5.6234E+01 -0.25 2.9745E-04
6.3096E+01 -0.25 1.9858E-04
7.0795E+01 -0.25 1.3238E-04
7.9433E+01 -0.25 8.8353E-05
8.9125E+01 -0.25 5.8916E-05
1.0000E+02 -0.25 3.8910E-05
1.1220E+02 -0.25 2.5953E-05
1.2589E+02 -0.25 1.7263E-05
1.4125E+02 -0.25 1.1441E-05
1.5849E+02 -0.25 7.6150E-06
1.7783E+02 -0.25 5.0531E-06
1.9953E+02 -0.25 3.3600E-06
2.2387E+02 -0.25 2.2380E-06
2.5119E+02 -0.25 1.5019E-06
2.8184E+02 -0.25 9.9804E-07
3.1623E+02 -0.25 6.6595E-07
3.5481E+02 -0.25 4.4520E-07
3.9811E+02 -0.25 2.9822E-07
4.4668E+02 -0.25 1.9999E-07
5.0119E+02 -0.25 1.3359E-07
5.6234E+02 -0.25 8.8980E-08
6.3096E+02 -0.25 5.9462E-08
7.0795E+02 -0.25 3.9814E-08
7.9433E+02 -0.25 2.6731E-08
8.9125E+02 -0.25 1.8054E-08
1.0000E+03 -0.25 1.2054E-08
1.1220E+03 -0.25 7.9774E-09
1.2589E+03 -0.25 5.3175E-09
1.4125E+03 -0.25 3.5769E-09
1.5849E+03 -0.25 2.3822E-09
1.7783E+03 -0.25 1.5573E-09
1.9953E+03 -0.25 1.0393E-09
2.2387E+03 -0.25 6.8998E-10
2.5119E+03 -0.25 4.6127E-10
2.8184E+03 -0.25 3.0684E-10
3.1623E+03 -0.25 2.0481E-10
3.5481E+03 -0.25 1.3483E-10
3.9811E+03 -0.25 9.0129E-11
4.4668E+03 -0.25 5.9900E-11
5.0119E+03 -0.25 3.8798E-11
5.6234E+03 -0.25 2.5644E-11
6.3096E+03 -0.25 1.6859E-11
7.0795E+03 -0.25 1.1055E-11
7.9433E+03 -0.25 7.2066E-12
8.9125E+03 -0.25 4.7382E-12
1.0000E+04 -0.25 3.1358E-12
1.0000E-01 -0.35 6.1592E+03
1.1220E-01 -0.35 5.3324E+03
1.2589E-01 -0.35 4.5728E+03
1.4125E-01 -0.35 3.8853E+03
1.5849E-01 -0.35 3.2742E+03
1.7783E-01 -0.35 2.7378E+03
1.9953E-01 -0.35 2.2743E+03
2.2387E-01 -0.35 1.8718E+03
2.5119E-01 -0.35 1.5285E+03
2.8184E-01 -0.35 1.2344E+03
3.1623E-01 -0.35 9.8809E+02
3.5481E-01 -0.35 7.8808E+02
3.9811E-01 -0.35 6.2251E+02
4.4668E-01 -0.35 4.8889E+02
5.0119E-01 -0.35 3.8017E+02
5.6234E-01 -0.35 2.9354E+02
6.3096E-01 -0.35 2.2672E+02
7.0795E-01 -0.35 1.7331E+02
7.9433E-01 -0.35 1.3176E+02
8.9125E-01 -0.35 9.8981E+01
1.0000E+00 -0.35 7.4737E+01
1.1220E+00 -0.35 5.5898E+01
1.2589E+00 -0.35 4.1766E+01
1.4125E+00 -0.35 3.0988E+01
1.5849E+00 -0.35 2.2793E+01
1.7783E+00 -0.35 1.6624E+01
1.9953E+00 -0.35 1.2100E+01
2.2387E+00 -0.35 8.7873E+00
2.5119E+00 -0.35 6.3277E+00
2.8184E+00 -0.35 4.5485E+00
3.1623E+00 -0.35 3.2350E+00
3.5481E+00 -0.35 2.2844E+00
3.9811E+00 -0.35 1.6065E+00
4.4668E+00 -0.35 1.1265E+00
5.0119E+00 -0.35 7.8858E-01
5.6234E+00 -0.35 5.4883E-01
6.3096E+00 -0.35 3.8104E-01
7.0795E+00 -0.35 2.6217E-01
7.9433E+00 -0.35 1.7892E-01
8.9125E+00 -0.35 1.2333E-01
1.0000E+01 -0.35 8.3996E-02
1.1220E+01 -0.35 5.6937E-02
1.2589E+01 -0.35 3.8812E-02
1.4125E+01 -0.35 2.6439E-02
1.5849E+01 -0.35 1.7758E-02
1.7783E+01 -0.35 1.1922E-02
1.9953E+01 -0.35 8.0041E-03
2.2387E+01 -0.35 5.3844E-03
2.5119E+01 -0.35 3.6357E-03
2.8184E+01 -0.35 2.4153E-03
3.1623E+01 -0.35 1.6352E-03
3.5481E+01 -0.35 1.0921E-03
3.9811E+01 -0.35 7.2921E-04
4.4668E+01 -0.35 4.8707E-04
5.0119E+01 -0.35 3.2400E-04
5.6234E+01 -0.35 2.1656E-04
6.3096E+01 -0.35 1.4439E-04
7.0795E+01 -0.35 9.6380E-05
7.9433E+01 -0.35 6.4235E-05
8.9125E+01 -0.35 4.2715E-05
1.0000E+02 -0.35 2.8421E-05
1.1220E+02 -0.35 1.8945E-05
1.2589E+02 -0.35 1.2612E-05
1.4125E+02 -0.35 8.4308E-06
1.5849E+02 -0.35 5.6437E-06
1.7783E+02 -0.35 3.7793E-06
1.9953E+02 -0.35 2.5151E-06
2.2387E+02 -0.35 1.6790E-06
2.5119E+02 -0.35 1.1153E-06
2.8184E+02 -0.35 7.5151E-07
3.1623E+02 -0.35 5.0533E-07
3.5481E+02 -0.35 3.3935E-07
3.9811E+02 -0.35 2.2727E-07
4.4668E+02 -0.35 1.5256E-07
5.0119E+02 -0.35 1.0299E-07
5.6234E+02 -0.35 6.8829E-08
6.3096E+02 -0.35 4.6132E-08
7.0795E+02 -0.35 3.1214E-08
7.9433E+02 -0.35 2.1079E-08
8.9125E+02 -0.35 1.4030E-08
1.0000E+03 -0.35 9.3172E-09
1.1220E+03 -0.35 6.2082E-09
1.2589E+03 -0.35 4.1372E-09
1.4125E+03 -0.35 2.7696E-09
1.5849E+03 -0.35 1.8245E-09
1.7783E+03 -0.35 1.2249E-09
1.9953E+03 -0.35 8.1855E-10
2.2387E+03 -0.35 5.4058E-10
2.5119E+03 -0.35 3.5126E-10
2.8184E+03 -0.35 2.3282E-10
3.1623E+03 -0.35 1.5683E-10
3.5481E+03 -0.35 1.0403E-10
3.9811E+03 -0.35 6.7702E-11
4.4668E+03 -0.35 4.4413E-11
5.0119E+03 -0.35 2.9932E-11
5.6234E+03 -0.35 1.9565E-11
6.3096E+03 -0.35 1.2759E-11
7.0795E+03 -0.35 8.3454E-12
7.9433E+03 -0.35 5.4556E-12
8.9125E+03 -0.35 3.5124E-12
1.0000E+04 -0.35 2.2669E-12
1.0000E-01 -0.45 4.3933E+03
1.1220E-01 -0.45 3.8546E+03
1.2589E-01 -0.45 3.3594E+03
1.4125E-01 -0.45 2.8956E+03
1.5849E-01 -0.45 2.4748E+03
1.7783E-01 -0.45 2.1030E+03
1.9953E-01 -0.45 1.7712E+03
2.2387E-01 -0.45 1.4817E+03
2.5119E-01 -0.45 1.2288E+03
2.8184E-01 -0.45 1.0091E+03
3.1623E-01 -0.45 8.2072E+02
3.5481E-01 -0.45 6.6187E+02
3.9811E-01 -0.45 5.3082E+02
4.4668E-01 -0.45 4.2065E+02
5.0119E-01 -0.45 3.3023E+02
5.6234E-01 -0.45 2.5870E+02
6.3096E-01 -0.45 2.0138E+02
7.0795E-01 -0.45 1.5476E+02
7.9433E-01 -0.45 1.1824E+02
8.9125E-01 -0.45 8.9995E+01
1.0000E+00 -0.45 6.7782E+01
1.1220E+00 -0.45 5.0831E+01
1.2589E+00 -0.45 3.7870E+01
1.4125E+00 -0.45 2.7970E+01
1.5849E+00 -0.45 2.0487E+01
1.7783E+00 -0.45 1.4967E+01
1.9953E+00 -0.45 1.0903E+01
2.2387E+00 -0.45 7.8706E+00
2.5119E+00 -0.45 5.6555E+00
2.8184E+00 -0.45 4.0174E+00
3.1623E+00 -0.45 2.8293E+00
3.5481E+00 -0.45 1.9875E+00
3.9811E+00 -0.45 1.3909E+00
4.4668E+00 -0.45 9.6791E-01
5.0119E+00 -0.45 6.6938E-01
5.6234E+00 -0.45 4.6224E-01
6.3096E+00 -0.45 3.1941E-01
7.0795E+00 -0.45 2.1838E-01
7.9433E+00 -0.45 1.4872E-01
8.9125E+00 -0.45 1.0062E-01
1.0000E+01 -0.45 6.8543E-02
1.1220E+01 -0.45 4.6332E-02
1.2589E+01 -0.45 3.1294E-02
1.4125E+01 -0.45 2.1089E-02
1.5849E+01 -0.45 1.4145E-02
1.7783E+01 -0.45 9.4770E-03
1.9953E+01 -0.45 6.3209E-03
2.2387E+01 -0.45 4.1997E-03
2.5119E+01 -0.45 2.8505E-03
2.8184E+01 -0.45 1.9167E-03
3.1623E+01 -0.45 1.2786E-03
3.5481E+01 -0.45 8.5304E-04
3.9811E+01 -0.45 5.6734E-04
4.4668E+01 -0.45 3.7849E-04
5.0119E+01 -0.45 2.5328E-04
5.6234E+01 -0.45 1.6921E-04
6.3096E+01 -0.45 1.1281E-04
7.0795E+01 -0.45 7.4913E-05
7.9433E+01 -0.45 4.9806E-05
8.9125E+01 -0.45 3.3392E-05
1.0000E+02 -0.45 2.2335E-05
1.1220E+02 -0.45 1.4933E-05
1.2589E+02 -0.45 1.0010E-05
1.4125E+02 -0.45 6.6947E-06
1.5849E+02 -0.45 4.4996E-06
1.7783E+02 -0.45 3.0089E-06
1.9953E+02 -0.45 2.0133E-06
2.2387E+02 -0.45 1.3571E-06
2.5119E+02 -0.45 9.1560E-07
2.8184E+02 -0.45 6.1159E-07
3.1623E+02 -0.45 4.1119E-07
3.5481E+02 -0.45 2.7706E-07
3.9811E+02 -0.45 1.8526E-07
4.4668E+02 -0.45 1.2420E-07
5.0119E+02 -0.45 8.4033E-08
5.6234E+02 -0.45 5.6356E-08
6.3096E+02 -0.45 3.7625E-08
7.0795E+02 -0.45 2.5165E-08
7.9433E+02 -0.45 1.6882E-08
8.9125E+02 -0.45 1.1432E-08
1.0000E+03 -0.45 7.5989E-09
1.1220E+03 -0.45 5.0704E-09
1.2589E+03 -0.45 3.4184E-09
1.4125E+03 -0.45 2.2696E-09
1.5849E+03 -0.45 1.5100E-09
1.7783E+03 -0.45 9.9843E-10
1.9953E+03 -0.45 6.5860E-10
2.2387E+03 -0.45 4.3525E-10
2.5119E+03 -0.45 2.8655E-10
2.8184E+03 -0.45 1.9084E-10
3.1623E+03 -0.45 1.2734E-10
3.5481E+03 -0.45 8.4238E-11
3.9811E+03 -0.45 5.5340E-11
4.4668E+03 -0.45 3.6126E-11
5.0119E+03 -0.45 2.4004E-11
5.6234E+03 -0.45 1.5453E-11
6.3096E+03 -0.45 1.0162E-11
7.0795E+03 -0.45 6.5903E-12
7.9433E+03 -0.45 4.2649E-12
8.9125E+03 -0.45 2.7924E-12
1.0000E+04 -0.45 1.8350E-12
1.0000E-01 -0.55 2.6676E+03
1.1220E-01 -0.55 2.3830E+03
1.2589E-01 -0.55 2.1059E+03
1.4125E-01 -0.55 1.8447E+03
1.5849E-01 -0.55 1.6046E+03
1.7783E-01 -0.55 1.3854E+03
1.9953E-01 -0.55 1.1879E+03
2.2387E-01 -0.55 1.0098E+03
2.5119E-01 -0.55 8.5240E+02
2.8184E-01 -0.55 7.1361E+02
3.1623E-01 -0.55 5.9047E+02
3.5481E-01 -0.55 4.8388E+02
3.9811E-01 -0.55 3.9415E+02
4.4668E-01 -0.55 3.2020E+02
5.0119E-01 -0.55 2.5695E+02
5.6234E-01 -0.55 2.0386E+02
6.3096E-01 -0.55 1.6086E+02
7.0795E-01 -0.55 1.2576E+02
7.9433E-01 -0.55 9.7366E+01
8.9125E-01 -0.55 7.4785E+01
1.0000E+00 -0.55 5.7135E+01
1.1220E+00 -0.55 4.3209E+01
1.2589E+00 -0.55 3.2494E+01
1.4125E+00 -0.55 2.4220E+01
1.5849E+00 -0.55 1.7933E+01
1.7783E+00 -0.55 1.3129E+01
1.9953E+00 -0.55 9.5370E+00
2.2387E+00 -0.55 6.8843E+00
2.5119E+00 -0.55 4.9216E+00
2.8184E+00 -0.55 3.4874E+00
3.1623E+00 -0.55 2.4717E+00
3.5481E+00 -0.55 1.7366E+00
3.9811E+00 -0.55 1.2117E+00
4.4668E+00 -0.55 8.4198E-01
5.0119E+00 -0.55 5.8026E-01
5.6234E+00 -0.55 3.9726E-01
6.3096E+00 -0.55 2.7246E-01
7.0795E+00 -0.55 1.8545E-01
7.9433E+00 -0.55 1.2525E-01
8.9125E+00 -0.55 8.4813E-02
1.0000E+01 -0.55 5.7425E-02
1.1220E+01 -0.55 3.8687E-02
1.2589E+01 -0.55 2.6055E-02
1.4125E+01 -0.55 1.7471E-02
1.5849E+01 -0.55 1.1670E-02
1.7783E+01 -0.55 7.7771E-03
1.9953E+01 -0.55 5.2403E-03
2.2387E+01 -0.55 3.4974E-03
2.5119E+01 -0.55 2.3031E-03
2.8184E+01 -0.55 1.5215E-03
3.1623E+01 -0.55 1.0420E-03
3.5481E+01 -0.55 6.9613E-04
3.9811E+01 -0.55 4.6490E-04
4.4668E+01 -0.55 3.1119E-04
5.0119E+01 -0.55 2.0708E-04
5.6234E+01 -0.55 1.3810E-04
6.3096E+01 -0.55 9.2234E-05
7.0795E+01 -0.55 6.1705E-05
7.9433E+01 -0.55 4.1453E-05
8.9125E+01 -0.55 2.7684E-05
1.0000E+02 -0.55 1.8525E-05
1.1220E+02 -0.55 1.2413E-05
1.2589E+02 -0.55 8.3026E-06
1.4125E+02 -0.55 5.5514E-06
1.5849E+02 -0.55 3.7316E-06
1.7783E+02 -0.55 2.5186E-06
1.9953E+02 -0.55 1.6933E-06
2.2387E+02 -0.55 1.1364E-06
2.5119E+02 -0.55 7.6447E-07
2.8184E+02 -0.55 5.1451E-07
3.1623E+02 -0.55 3.4800E-07
3.5481E+02 -0.55 2.3509E-07
3.9811E+02 -0.55 1.5698E-07
4.4668E+02 -0.55 1.0554E-07
5.0119E+02 -0.55 7.1480E-08
5.6234E+02 -0.55 4.7911E-08
6.3096E+02 -0.55 3.2041E-08
7.0795E+02 -0.55 2.1478E-08
7.9433E+02 -0.55 1.4370E-08
8.9125E+02 -0.55 9.5638E-09
1.0000E+03 -0.55 6.4274E-09
1.1220E+03 -0.55 4.2702E-09
1.2589E+03 -0.55 2.8439E-09
1.4125E+03 -0.55 1.9009E-09
1.5849E+03 -0.55 1.2583E-09
1.7783E+03 -0.55 8.2282E-10
1.9953E+03 -0.55 5.4538E-10
2.2387E+03 -0.55 3.6675E-10
2.5119E+03 -0.55 2.4392E-10
2.8184E+03 -0.55 1.5885E-10
3.1623E+03 -0.55 1.0602E-10
3.5481E+03 -0.55 6.8923E-11
3.9811E+03 -0.55 4.5206E-11
4.4668E+03 -0.55 3.0398E-11
5.0119E+03 -0.55 2.0119E-11
5.6234E+03 -0.55 1.2934E-11
6.3096E+03 -0.55 8.3339E-12
7.0795E+03 -0.55 5.5733E-12
7.9433E+03 -0.55 3.4744E-12
8.9125E+03 -0.55 2.2443E-12
1.0000E+04 -0.55 1.4897E-12
1.0000E-01 -0.65 1.7614E+03
1.1220E-01 -0.65 1.5847E+03
1.2589E-01 -0.65 1.4134E+03
1.4125E-01 -0.65 1.2547E+03
1.5849E-01 -0.65 1.1015E+03
1.7783E-01 -0.65 9.5586E+02
1.9953E-01 -0.65 8.2723E+02
2.2387E-01 -0.65 7.1004E+02
2.5119E-01 -0.65 6.0344E+02
2.8184E-01 -0.65 5.0901E+02
3.1623E-01 -0.65 4.2532E+02
3.5481E-01 -0.65 3.5268E+02
3.9811E-01 -0.65 2.8992E+02
4.4668E-01 -0.65 2.3673E+02
5.0119E-01 -0.65 1.9225E+02
5.6234E-01 -0.65 1.5414E+02
6.3096E-01 -0.65 1.2242E+02
7.0795E-01 -0.65 9.7036E+01
7.9433E-01 -0.65 7.6220E+01
8.9125E-01 -0.65 5.9423E+01
1.0000E+00 -0.65 4.5774E+01
1.1220E+00 -0.65 3.4916E+01
1.2589E+00 -0.65 2.6459E+01
1.4125E+00 -0.65 1.9908E+01
1.5849E+00 -0.65 1.4884E+01
1.7783E+00 -0.65 1.0987E+01
1.9953E+00 -0.65 8.0591E+00
2.2387E+00 -0.65 5.8697E+00
2.5119E+00 -0.65 4.2225E+00
2.8184E+00 -0.65 3.0138E+00
3.1623E+00 -0.65 2.1348E+00
3.5481E+00 -0.65 1.5035E+00
3.9811E+00 -0.65 1.0505E+00
4.4668E+00 -0.65 7.2761E-01
5.0119E+00 -0.65 5.0265E-01
5.6234E+00 -0.65 3.4683E-01
6.3096E+00 -0.65 2.3631E-01
7.0795E+00 -0.65 1.5965E-01
7.9433E+00 -0.65 1.0803E-01
8.9125E+00 -0.65 7.2947E-02
1.0000E+01 -0.65 4.9060E-02
1.1220E+01 -0.65 3.2896E-02
1.2589E+01 -0.65 2.2104E-02
1.4125E+01 -0.65 1.4770E-02
1.5849E+01 -0.65 9.8906E-03
1.7783E+01 -0.65 6.6445E-03
1.9953E+01 -0.65 4.3950E-03
2.2387E+01 -0.65 2.9333E-03
2.5119E+01 -0.65 1.9790E-03
2.8184E+01 -0.65 1.3177E-03
3.1623E+01 -0.65 8.8145E-04
3.5481E+01 -0.65 5.8802E-04
3.9811E+01 -0.65 3.9152E-04
4.4668E+01 -0.65 2.6097E-04
5.0119E+01 -0.65 1.7505E-04
5.6234E+01 -0.65 1.1734E-04
6.3096E+01 -0.65 7.8150E-05
7.0795E+01 -0.65 5.2357E-05
7.9433E+01 -0.65 3.5181E-05
8.9125E+01 -0.65 2.3772E-05
1.0000E+02 -0.65 1.5909E-05
1.1220E+02 -0.65 1.0715E-05
1.2589E+02 -0.65 7.2092E-06
1.4125E+02 -0.65 4.7987E-06
1.5849E+02 -0.65 3.2227E-06
1.7783E+02 -0.65 2.1932E-06
1.9953E+02 -0.65 1.4774E-06
2.2387E+02 -0.65 9.9571E-07
2.5119E+02 -0.65 6.7124E-07
2.8184E+02 -0.65 4.5122E-07
3.1623E+02 -0.65 3.0370E-07
3.5481E+02 -0.65 2.0556E-07
3.9811E+02 -0.65 1.3753E-07
4.4668E+02 -0.65 9.2502E-08
5.0119E+02 -0.65 6.2273E-08
5.6234E+02 -0.65 4.1645E-08
6.3096E+02 -0.65 2.7894E-08
7.0795E+02 -0.65 1.8650E-08
7.9433E+02 -0.65 1.2633E-08
8.9125E+02 -0.65 8.4355E-09
1.0000E+03 -0.65 5.5291E-09
1.1220E+03 -0.65 3.7010E-09
1.2589E+03 -0.65 2.5033E-09
1.4125E+03 -0.65 1.6648E-09
1.5849E+03 -0.65 1.0879E-09
1.7783E+03 -0.65 7.2812E-10
1.9953E+03 -0.65 4.8274E-10
2.2387E+03 -0.65 3.1527E-10
2.5119E+03 -0.65 2.0888E-10
2.8184E+03 -0.65 1.3588E-10
3.1623E+03 -0.65 9.0381E-11
3.5481E+03 -0.65 5.9355E-11
3.9811E+03 -0.65 3.8610E-11
4.4668E+03 -0.65 2.4804E-11
5.0119E+03 -0.65 1.6267E-11
5.6234E+03 -0.65 1.0874E-11
6.3096E+03 -0.65 7.1382E-12
7.0795E+03 -0.65 4.6322E-12
7.9433E+03 -0.65 2.9299E-12
8.9125E+03 -0.65 1.9009E-12
1.0000E+04 -0.65 1.2794E-12
1.0000E-01 -0.75 1.5536E+03
1.1220E-01 -0.75 1.4008E+03
1.2589E-01 -0.75 1.2512E+03
1.4125E-01 -0.75 1.1121E+03
1.5849E-01 -0.75 9.7648E+02
1.7783E-01 -0.75 8.5125E+02
1.9953E-01 -0.75 7.3839E+02
2.2387E-01 -0.75 6.3222E+02
2.5119E-01 -0.75 5.3636E+02
2.8184E-01 -0.75 4.5281E+02
3.1623E-01 -0.75 3.7845E+02
3.5481E-01 -0.75 3.1310E+02
3.9811E-01 -0.75 2.5799E+02
4.4668E-01 -0.75 2.1060E+02
5.0119E-01 -0.75 1.6986E+02
5.6234E-01 -0.75 1.3641E+02
6.3096E-01 -0.75 1.0892E+02
7.0795E-01 -0.75 8.5933E+01
7.9433E-01 -0.75 6.7226E+01
8.9125E-01 -0.75 5.2270E+01
1.0000E+00 -0.75 4.0349E+01
1.1220E+00 -0.75 3.0931E+01
1.2589E+00 -0.75 2.3381E+01
1.4125E+00 -0.75 1.7553E+01
1.5849E+00 -0.75 1.3110E+01
1.7783E+00 -0.75 9.6803E+00
1.9953E+00 -0.75 7.0839E+00
2.2387E+00 -0.75 5.1728E+00
2.5119E+00 -0.75 3.7298E+00
2.8184E+00 -0.75 2.6612E+00
3.1623E+00 -0.75 1.8845E+00
3.5481E+00 -0.75 1.3257E+00
3.9811E+00 -0.75 9.2552E-01
4.4668E+00 -0.75 6.4222E-01
5.0119E+00 -0.75 4.4267E-01
5.6234E+00 -0.75 3.0371E-01
6.3096E+00 -0.75 2.0718E-01
7.0795E+00 -0.75 1.4105E-01
7.9433E+00 -0.75 9.5699E-02
8.9125E+00 -0.75 6.4352E-02
1.0000E+01 -0.75 4.2999E-02
1.1220E+01 -0.75 2.8808E-02
1.2589E+01 -0.75 1.9354E-02
1.4125E+01 -0.75 1.2972E-02
1.5849E+01 -0.75 8.5845E-03
1.7783E+01 -0.75 5.7187E-03
1.9953E+01 -0.75 3.8428E-03
2.2387E+01 -0.75 2.5677E-03
2.5119E+01 -0.75 1.7006E-03
2.8184E+01 -0.75 1.1368E-03
3.1623E+01 -0.75 7.6483E-04
3.5481E+01 -0.75 5.1011E-04
3.9811E+01 -0.75 3.4086E-04
4.4668E+01 -0.75 2.2850E-04
5.0119E+01 -0.75 1.5270E-04
5.6234E+01 -0.75 1.0201E-04
6.3096E+01 -0.75 6.8662E-05
7.0795E+01 -0.75 4.5979E-05
7.9433E+01 -0.75 3.1010E-05
8.9125E+01 -0.75 2.1000E-05
1.0000E+02 -0.75 1.4066E-05
1.1220E+02 -0.75 9.4876E-06
1.2589E+02 -0.75 6.4064E-06
1.4125E+02 -0.75 4.3112E-06
1.5849E+02 -0.75 2.9050E-06
1.7783E+02 -0.75 1.9561E-06
1.9953E+02 -0.75 1.3168E-06
2.2387E+02 -0.75 8.8944E-07
2.5119E+02 -0.75 6.0391E-07
2.8184E+02 -0.75 4.1311E-07
3.1623E+02 -0.75 2.7376E-07
3.5481E+02 -0.75 1.8422E-07
3.9811E+02 -0.75 1.2295E-07
4.4668E+02 -0.75 8.3288E-08
5.0119E+02 -0.75 5.6842E-08
5.6234E+02 -0.75 3.7440E-08
6.3096E+02 -0.75 2.5154E-08
7.0795E+02 -0.75 1.6715E-08
7.9433E+02 -0.75 1.1100E-08
8.9125E+02 -0.75 7.4667E-09
1.0000E+03 -0.75 4.9640E-09
1.1220E+03 -0.75 3.3243E-09
1.2589E+03 -0.75 2.2041E-09
1.4125E+03 -0.75 1.4579E-09
1.5849E+03 -0.75 9.6537E-10
1.7783E+03 -0.75 6.3246E-10
1.9953E+03 -0.75 4.1254E-10
2.2387E+03 -0.75 2.7378E-10
2.5119E+03 -0.75 1.8333E-10
2.8184E+03 -0.75 1.2043E-10
3.1623E+03 -0.75 7.9156E-11
3.5481E+03 -0.75 5.1226E-11
3.9811E+03 -0.75 3.3836E-11
4.4668E+03 -0.75 2.2070E-11
5.0119E+03 -0.75 1.3966E-11
5.6234E+03 -0.75 9.2787E-12
6.3096E+03 -0.75 6.1660E-12
7.0795E+03 -0.75 3.9449E-12
7.9433E+03 -0.75 2.5879E-12
8.9125E+03 -0.75 1.6932E-12
1.0000E+04 -0.75 1.0950E-12
1.0000E-01 -0.85 2.1324E+03
1.1220E-01 -0.85 1.9259E+03
1.2589E-01 -0.85 1.7207E+03
1.4125E-01 -0.85 1.5184E+03
1.5849E-01 -0.85 1.3271E+03
1.7783E-01 -0.85 1.1510E+03
1.9953E-01 -0.85 9.8993E+02
2.2387E-01 -0.85 8.4509E+02
2.5119E-01 -0.85 7.1160E+02
2.8184E-01 -0.85 5.9164E+02
3.1623E-01 -0.85 4.8908E+02
3.5481E-01 -0.85 4.0065E+02
3.9811E-01 -0.85 3.2426E+02
4.4668E-01 -0.85 2.5999E+02
5.0119E-01 -0.85 2.0676E+02
5.6234E-01 -0.85 1.6318E+02
6.3096E-01 -0.85 1.2786E+02
7.0795E-01 -0.85 9.9128E+01
7.9433E-01 -0.85 7.6187E+01
8.9125E-01 -0.85 5.8067E+01
1.0000E+00 -0.85 4.3820E+01
1.1220E+00 -0.85 3.2903E+01
1.2589E+00 -0.85 2.4574E+01
1.4125E+00 -0.85 1.8157E+01
1.5849E+00 -0.85 1.3283E+01
1.7783E+00 -0.85 9.6810E+00
1.9953E+00 -0.85 6.9914E+00
2.2387E+00 -0.85 5.0056E+00
2.5119E+00 -0.85 3.5771E+00
2.8184E+00 -0.85 2.5345E+00
3.1623E+00 -0.85 1.7638E+00
3.5481E+00 -0.85 1.2271E+00
3.9811E+00 -0.85 8.5023E-01
4.4668E+00 -0.85 5.8748E-01
5.0119E+00 -0.85 4.0115E-01
5.6234E+00 -0.85 2.7257E-01
6.3096E+00 -0.85 1.8649E-01
7.0795E+00 -0.85 1.2566E-01
7.9433E+00 -0.85 8.3550E-02
8.9125E+00 -0.85 5.6569E-02
1.0000E+01 -0.85 3.8040E-02
1.1220E+01 -0.85 2.5420E-02
1.2589E+01 -0.85 1.6964E-02
1.4125E+01 -0.85 1.1327E-02
1.5849E+01 -0.85 7.6038E-03
1.7783E+01 -0.85 5.0629E-03
1.9953E+01 -0.85 3.3605E-03
2.2387E+01 -0.85 2.2536E-03
2.5119E+01 -0.85 1.5067E-03
2.8184E+01 -0.85 1.0121E-03
3.1623E+01 -0.85 6.7228E-04
3.5481E+01 -0.85 4.5053E-04
3.9811E+01 -0.85 3.0287E-04
4.4668E+01 -0.85 2.0376E-04
5.0119E+01 -0.85 1.3675E-04
5.6234E+01 -0.85 9.1707E-05
6.3096E+01 -0.85 6.1603E-05
7.0795E+01 -0.85 4.1583E-05
7.9433E+01 -0.85 2.8171E-05
8.9125E+01 -0.85 1.8835E-05
1.0000E+02 -0.85 1.2693E-05
1.1220E+02 -0.85 8.5911E-06
1.2589E+02 -0.85 5.8175E-06
1.4125E+02 -0.85 3.9113E-06
1.5849E+02 -0.85 2.6300E-06
1.7783E+02 -0.85 1.7659E-06
1.9953E+02 -0.85 1.1932E-06
2.2387E+02 -0.85 8.0604E-07
2.5119E+02 -0.85 5.4403E-07
2.8184E+02 -0.85 3.6723E-07
3.1623E+02 -0.85 2.4992E-07
3.5481E+02 -0.85 1.6809E-07
3.9811E+02 -0.85 1.1253E-07
4.4668E+02 -0.85 7.5627E-08
5.0119E+02 -0.85 5.1384E-08
5.6234E+02 -0.85 3.4196E-08
6.3096E+02 -0.85 2.2817E-08
7.0795E+02 -0.85 1.5219E-08
7.9433E+02 -0.85 1.0151E-08
8.9125E+02 -0.85 6.8231E-09
1.0000E+03 -0.85 4.5230E-09
1.1220E+03 -0.85 2.9965E-09
1.2589E+03 -0.85 1.9923E-09
1.4125E+03 -0.85 1.2999E-09
1.5849E+03 -0.85 8.5192E-10
1.7783E+03 -0.85 5.6493E-10
1.9953E+03 -0.85 3.8017E-10
2.2387E+03 -0.85 2.4925E-10
2.5119E+03 -0.85 1.6428E-10
2.8184E+03 -0.85 1.0958E-10
3.1623E+03 -0.85 7.1695E-11
3.5481E+03 -0.85 4.7121E-11
3.9811E+03 -0.85 3.1072E-11
4.4668E+03 -0.85 2.0066E-11
5.0119E+03 -0.85 1.2692E-11
5.6234E+03 -0.85 8.1550E-12
6.3096E+03 -0.85 5.6257E-12
7.0795E+03 -0.85 3.6945E-12
7.9433E+03 -0.85 2.3639E-12
8.9125E+03 -0.85 1.5470E-12
1.0000E+04 -0.85 1.0271E-12
1.0000E-01 -0.95 4.1599E+03
1.1220E-01 -0.95 3.7125E+03
1.2589E-01 -0.95 3.2735E+03
1.4125E-01 -0.95 2.8574E+03
1.5849E-01 -0.95 2.4641E+03
1.7783E-01 -0.95 2.0976E+03
1.9953E-01 -0.95 1.7659E+03
2.2387E-01 -0.95 1.4704E+03
2.5119E-01 -0.95 1.2097E+03
2.8184E-01 -0.95 9.8172E+02
3.1623E-01 -0.95 7.8828E+02
3.5481E-01 -0.95 6.2580E+02
3.9811E-01 -0.95 4.9032E+02
4.4668E-01 -0.95 3.8054E+02
5.0119E-01 -0.95 2.9251E+02
5.6234E-01 -0.95 2.2269E+02
6.3096E-01 -0.95 1.6836E+02
7.0795E-01 -0.95 1.2616E+02
7.9433E-01 -0.95 9.3522E+01
8.9125E-01 -0.95 6.8845E+01
1.0000E+00 -0.95 5.0444E+01
1.1220E+00 -0.95 3.6885E+01
1.2589E+00 -0.95 2.6743E+01
1.4125E+00 -0.95 1.9229E+01
1.5849E+00 -0.95 1.3798E+01
1.7783E+00 -0.95 9.8246E+00
1.9953E+00 -0.95 6.9386E+00
2.2387E+00 -0.95 4.8718E+00
2.5119E+00 -0.95 3.4160E+00
2.8184E+00 -0.95 2.3838E+00
3.1623E+00 -0.95 1.6460E+00
3.5481E+00 -0.95 1.1353E+00
3.9811E+00 -0.95 7.7768E-01
4.4668E+00 -0.95 5.2865E-01
5.0119E+00 -0.95 3.6046E-01
5.6234E+00 -0.95 2.4554E-01
6.3096E+00 -0.95 1.6513E-01
7.0795E+00 -0.95 1.1161E-01
7.9433E+00 -0.95 7.5309E-02
8.9125E+00 -0.95 5.0135E-02
1.0000E+01 -0.95 3.3582E-02
1.1220E+01 -0.95 2.2486E-02
1.2589E+01 -0.95 1.4951E-02
1.4125E+01 -0.95 1.0022E-02
1.5849E+01 -0.95 6.7156E-03
1.7783E+01 -0.95 4.4670E-03
1.9953E+01 -0.95 2.9995E-03
2.2387E+01 -0.95 1.9979E-03
2.5119E+01 -0.95 1.3425E-03
2.8184E+01 -0.95 8.9651E-04
3.1623E+01 -0.95 5.9970E-04
3.5481E+01 -0.95 4.0084E-04
3.9811E+01 -0.95 2.6986E-04
4.4668E+01 -0.95 1.8230E-04
5.0119E+01 -0.95 1.2269E-04
5.6234E+01 -0.95 8.2828E-05
6.3096E+01 -0.95 5.6021E-05
7.0795E+01 -0.95 3.7550E-05
7.9433E+01 -0.95 2.5441E-05
8.9125E+01 -0.95 1.7378E-05
1.0000E+02 -0.95 1.1628E-05
1.1220E+02 -0.95 7.8578E-06
1.2589E+02 -0.95 5.3462E-06
1.4125E+02 -0.95 3.6108E-06
1.5849E+02 -0.95 2.4432E-06
1.7783E+02 -0.95 1.6448E-06
1.9953E+02 -0.95 1.0971E-06
2.2387E+02 -0.95 7.4235E-07
2.5119E+02 -0.95 5.0176E-07
2.8184E+02 -0.95 3.3893E-07
3.1623E+02 -0.95 2.3251E-07
3.5481E+02 -0.95 1.5636E-07
3.9811E+02 -0.95 1.0463E-07
4.4668E+02 -0.95 6.9740E-08
5.0119E+02 -0.95 4.6504E-08
5.6234E+02 -0.95 3.1390E-08
6.3096E+02 -0.95 2.1300E-08
7.0795E+02 -0.95 1.4153E-08
7.9433E+02 -0.95 9.2720E-09
8.9125E+02 -0.95 6.1312E-09
1.0000E+03 -0.95 4.1546E-09
1.1220E+03 -0.95 2.7660E-09
1.2589E+03 -0.95 1.8254E-09
1.4125E+03 -0.95 1.2061E-09
1.5849E+03 -0.95 7.8446E-10
1.7783E+03 -0.95 5.2109E-10
1.9953E+03 -0.95 3.4627E-10
2.2387E+03 -0.95 2.3053E-10
2.5119E+03 -0.95 1.5317E-10
2.8184E+03 -0.95 9.7507E-11
3.1623E+03 -0.95 6.6347E-11
3.5481E+03 -0.95 4.4412E-11
3.9811E+03 -0.95 2.8416E-11
4.4668E+03 -0.95 1.8313E-11
5.0119E+03 -0.95 1.2003E-11
5.6234E+03 -0.95 7.9904E-12
6.3096E+03 -0.95 5.0945E-12
7.0795E+03 -0.95 3.3295E-12
7.9433E+03 -0.95 2.1488E-12
8.9125E+03 -0.95 1.4612E-12
1.0000E+04 -0.95 9.7455E-13
