1.0000E-01 0.95 1.9536E+03
1.1220E-01 0.95 1.7767E+03
1.2589E-01 0.95 1.6010E+03
1.4125E-01 0.95 1.4346E+03
1.5849E-01 0.95 1.2714E+03
1.7783E-01 0.95 1.1148E+03
1.9953E-01 0.95 9.6841E+02
2.2387E-01 0.95 8.3434E+02
2.5119E-01 0.95 7.1077E+02
2.8184E-01 0.95 5.9832E+02
3.1623E-01 0.95 4.9960E+02
3.5481E-01 0.95 4.1302E+02
3.9811E-01 0.95 3.3720E+02
4.4668E-01 0.95 2.7337E+02
5.0119E-01 0.95 2.2006E+02
5.6234E-01 0.95 1.7515E+02
6.3096E-01 0.95 1.3833E+02
7.0795E-01 0.95 1.0847E+02
7.9433E-01 0.95 8.4109E+01
8.9125E-01 0.95 6.4574E+01
1.0000E+00 0.95 4.9175E+01
1.1220E+00 0.95 3.7127E+01
1.2589E+00 0.95 2.7838E+01
1.4125E+00 0.95 2.0726E+01
1.5849E+00 0.95 1.5294E+01
1.7783E+00 0.95 1.1177E+01
1.9953E+00 0.95 8.1079E+00
2.2387E+00 0.95 5.8449E+00
2.5119E+00 0.95 4.1578E+00
2.8184E+00 0.95 2.9383E+00
3.1623E+00 0.95 2.0534E+00
3.5481E+00 0.95 1.4267E+00
3.9811E+00 0.95 9.8931E-01
4.4668E+00 0.95 6.7961E-01
5.0119E+00 0.95 4.6473E-01
5.6234E+00 0.95 3.1573E-01
6.3096E+00 0.95 2.1327E-01
7.0795E+00 0.95 1.4387E-01
7.9433E+00 0.95 9.6276E-02
8.9125E+00 0.95 6.4471E-02
1.0000E+01 0.95 4.3193E-02
1.1220E+01 0.95 2.8926E-02
1.2589E+01 0.95 1.9226E-02
1.4125E+01 0.95 1.2796E-02
1.5849E+01 0.95 8.5613E-03
1.7783E+01 0.95 5.6689E-03
1.9953E+01 0.95 3.7566E-03
2.2387E+01 0.95 2.5074E-03
2.5119E+01 0.95 1.6749E-03
2.8184E+01 0.95 1.1170E-03
3.1623E+01 0.95 7.4208E-04
3.5481E+01 0.95 4.9687E-04
3.9811E+01 0.95 3.3289E-04
4.4668E+01 0.95 2.2291E-04
5.0119E+01 0.95 1.5005E-04
5.6234E+01 0.95 1.0064E-04
6.3096E+01 0.95 6.7757E-05
7.0795E+01 0.95 4.5666E-05
7.9433E+01 0.95 3.0882E-05
8.9125E+01 0.95 2.0873E-05
1.0000E+02 0.95 1.4085E-05
1.1220E+02 0.95 9.5540E-06
1.2589E+02 0.95 6.4721E-06
1.4125E+02 0.95 4.3944E-06
1.5849E+02 0.95 2.9729E-06
1.7783E+02 0.95 2.0167E-06
1.9953E+02 0.95 1.3598E-06
2.2387E+02 0.95 9.2073E-07
2.5119E+02 0.95 6.1992E-07
2.8184E+02 0.95 4.2346E-07
3.1623E+02 0.95 2.8750E-07
3.5481E+02 0.95 1.9548E-07
3.9811E+02 0.95 1.3320E-07
4.4668E+02 0.95 8.8813E-08
5.0119E+02 0.95 5.9191E-08
5.6234E+02 0.95 4.0508E-08
6.3096E+02 0.95 2.7271E-08
7.0795E+02 0.95 1.8300E-08
7.9433E+02 0.95 1.2257E-08
8.9125E+02 0.95 8.2062E-09
1.0000E+03 0.95 5.4634E-09
1.1220E+03 0.95 3.6500E-09
1.2589E+03 0.95 2.4214E-09
1.4125E+03 0.95 1.6042E-09
1.5849E+03 0.95 1.0586E-09
1.7783E+03 0.95 7.0099E-10
1.9953E+03 0.95 4.6559E-10
2.2387E+03 0.95 3.0385E-10
2.5119E+03 0.95 1.9952E-10
2.8184E+03 0.95 1.3271E-10
3.1623E+03 0.95 8.9379E-11
3.5481E+03 0.95 5.8096E-11
3.9811E+03 0.95 3.8259E-11
4.4668E+03 0.95 2.5599E-11
5.0119E+03 0.95 1.7058E-11
5.6234E+03 0.95 1.1106E-11
6.3096E+03 0.95 7.2169E-12
7.0795E+03 0.95 4.7153E-12
7.9433E+03 0.95 3.0547E-12
8.9125E+03 0.95 2.0050E-12
1.0000E+04 0.95 1.3010E-12
1.0000E-01 0.85 2.0003E+03
1.1220E-01 0.85 1.8214E+03
1.2589E-01 0.85 1.6406E+03
1.4125E-01 0.85 1.4619E+03
1.5849E-01 0.85 1.2929E+03
1.7783E-01 0.85 1.1367E+03
1.9953E-01 0.85 9.8785E+02
2.2387E-01 0.85 8.5031E+02
2.5119E-01 0.85 7.2604E+02
2.8184E-01 0.85 6.1212E+02
3.1623E-01 0.85 5.1135E+02
3.5481E-01 0.85 4.2443E+02
3.9811E-01 0.85 3.4821E+02
4.4668E-01 0.85 2.8333E+02
5.0119E-01 0.85 2.2838E+02
5.6234E-01 0.85 1.8179E+02
6.3096E-01 0.85 1.4390E+02
7.0795E-01 0.85 1.1283E+02
7.9433E-01 0.85 8.7629E+01
8.9125E-01 0.85 6.7735E+01
1.0000E+00 0.85 5.1891E+01
1.1220E+00 0.85 3.9406E+01
1.2589E+00 0.85 2.9659E+01
1.4125E+00 0.85 2.2102E+01
1.5849E+00 0.85 1.6320E+01
1.7783E+00 0.85 1.1988E+01
1.9953E+00 0.85 8.7363E+00
2.2387E+00 0.85 6.3093E+00
2.5119E+00 0.85 4.5156E+00
2.8184E+00 0.85 3.1888E+00
3.1623E+00 0.85 2.2496E+00
3.5481E+00 0.85 1.5725E+00
3.9811E+00 0.85 1.0925E+00
4.4668E+00 0.85 7.5318E-01
5.0119E+00 0.85 5.1512E-01
5.6234E+00 0.85 3.5169E-01
6.3096E+00 0.85 2.3918E-01
7.0795E+00 0.85 1.6057E-01
7.9433E+00 0.85 1.0777E-01
8.9125E+00 0.85 7.2751E-02
1.0000E+01 0.85 4.8595E-02
1.1220E+01 0.85 3.2467E-02
1.2589E+01 0.85 2.1678E-02
1.4125E+01 0.85 1.4427E-02
1.5849E+01 0.85 9.5493E-03
1.7783E+01 0.85 6.3510E-03
1.9953E+01 0.85 4.2426E-03
2.2387E+01 0.85 2.8138E-03
2.5119E+01 0.85 1.8756E-03
2.8184E+01 0.85 1.2636E-03
3.1623E+01 0.85 8.3096E-04
3.5481E+01 0.85 5.5570E-04
3.9811E+01 0.85 3.7254E-04
4.4668E+01 0.85 2.4841E-04
5.0119E+01 0.85 1.6568E-04
5.6234E+01 0.85 1.1153E-04
6.3096E+01 0.85 7.5422E-05
7.0795E+01 0.85 5.0883E-05
7.9433E+01 0.85 3.4024E-05
8.9125E+01 0.85 2.2834E-05
1.0000E+02 0.85 1.5440E-05
1.1220E+02 0.85 1.0395E-05
1.2589E+02 0.85 7.0183E-06
1.4125E+02 0.85 4.7604E-06
1.5849E+02 0.85 3.2193E-06
1.7783E+02 0.85 2.1945E-06
1.9953E+02 0.85 1.4911E-06
2.2387E+02 0.85 1.0056E-06
2.5119E+02 0.85 6.8380E-07
2.8184E+02 0.85 4.6121E-07
3.1623E+02 0.85 3.1144E-07
3.5481E+02 0.85 2.1113E-07
3.9811E+02 0.85 1.4329E-07
4.4668E+02 0.85 9.7220E-08
5.0119E+02 0.85 6.4971E-08
5.6234E+02 0.85 4.3978E-08
6.3096E+02 0.85 2.9525E-08
7.0795E+02 0.85 1.9702E-08
7.9433E+02 0.85 1.3271E-08
8.9125E+02 0.85 8.9281E-09
1.0000E+03 0.85 5.9113E-09
1.1220E+03 0.85 3.9177E-09
1.2589E+03 0.85 2.6357E-09
1.4125E+03 0.85 1.7748E-09
1.5849E+03 0.85 1.1839E-09
1.7783E+03 0.85 7.8409E-10
1.9953E+03 0.85 5.2262E-10
2.2387E+03 0.85 3.4078E-10
2.5119E+03 0.85 2.2242E-10
2.8184E+03 0.85 1.4420E-10
3.1623E+03 0.85 9.8547E-11
3.5481E+03 0.85 6.5143E-11
3.9811E+03 0.85 4.2560E-11
4.4668E+03 0.85 2.7836E-11
5.0119E+03 0.85 1.8256E-11
5.6234E+03 0.85 1.2043E-11
6.3096E+03 0.85 8.0381E-12
7.0795E+03 0.85 5.1014E-12
7.9433E+03 0.85 3.3927E-12
8.9125E+03 0.85 2.2102E-12
1.0000E+04 0.85 1.4355E-12
1.0000E-01 0.75 2.0584E+03
1.1220E-01 0.75 1.8699E+03
1.2589E-01 0.75 1.6792E+03
1.4125E-01 0.75 1.4957E+03
1.5849E-01 0.75 1.3238E+03
1.7783E-01 0.75 1.1600E+03
1.9953E-01 0.75 1.0084E+03
2.2387E-01 0.75 8.6980E+02
2.5119E-01 0.75 7.4288E+02
2.8184E-01 0.75 6.2891E+02
3.1623E-01 0.75 5.2682E+02
3.5481E-01 0.75 4.3728E+02
3.9811E-01 0.75 3.5966E+02
4.4668E-01 0.75 2.9260E+02
5.0119E-01 0.75 2.3650E+02
5.6234E-01 0.75 1.8992E+02
6.3096E-01 0.75 1.5020E+02
7.0795E-01 0.75 1.1781E+02
7.9433E-01 0.75 9.2084E+01
8.9125E-01 0.75 7.1310E+01
1.0000E+00 0.75 5.4863E+01
1.1220E+00 0.75 4.1830E+01
1.2589E+00 0.75 3.1615E+01
1.4125E+00 0.75 2.3685E+01
1.5849E+00 0.75 1.7574E+01
1.7783E+00 0.75 1.2946E+01
1.9953E+00 0.75 9.4799E+00
2.2387E+00 0.75 6.8697E+00
2.5119E+00 0.75 4.9255E+00
2.8184E+00 0.75 3.5191E+00
3.1623E+00 0.75 2.4857E+00
3.5481E+00 0.75 1.7416E+00
3.9811E+00 0.75 1.2123E+00
4.4668E+00 0.75 8.3857E-01
5.0119E+00 0.75 5.7838E-01
5.6234E+00 0.75 3.9446E-01
6.3096E+00 0.75 2.6872E-01
7.0795E+00 0.75 1.8281E-01
7.9433E+00 0.75 1.2251E-01
8.9125E+00 0.75 8.2647E-02
1.0000E+01 0.75 5.5514E-02
1.1220E+01 0.75 3.7154E-02
1.2589E+01 0.75 2.4743E-02
1.4125E+01 0.75 1.6463E-02
1.5849E+01 0.75 1.0960E-02
1.7783E+01 0.75 7.3252E-03
1.9953E+01 0.75 4.8580E-03
2.2387E+01 0.75 3.2072E-03
2.5119E+01 0.75 2.1533E-03
2.8184E+01 0.75 1.4242E-03
3.1623E+01 0.75 9.4971E-04
3.5481E+01 0.75 6.3375E-04
3.9811E+01 0.75 4.2141E-04
4.4668E+01 0.75 2.8108E-04
5.0119E+01 0.75 1.8748E-04
5.6234E+01 0.75 1.2546E-04
6.3096E+01 0.75 8.3902E-05
7.0795E+01 0.75 5.6488E-05
7.9433E+01 0.75 3.8164E-05
8.9125E+01 0.75 2.5398E-05
1.0000E+02 0.75 1.7167E-05
1.1220E+02 0.75 1.1518E-05
1.2589E+02 0.75 7.7662E-06
1.4125E+02 0.75 5.2716E-06
1.5849E+02 0.75 3.5462E-06
1.7783E+02 0.75 2.3939E-06
1.9953E+02 0.75 1.6285E-06
2.2387E+02 0.75 1.1085E-06
2.5119E+02 0.75 7.4890E-07
2.8184E+02 0.75 5.0130E-07
3.1623E+02 0.75 3.4175E-07
3.5481E+02 0.75 2.2998E-07
3.9811E+02 0.75 1.5514E-07
4.4668E+02 0.75 1.0571E-07
5.0119E+02 0.75 7.1161E-08
5.6234E+02 0.75 4.8208E-08
6.3096E+02 0.75 3.2650E-08
7.0795E+02 0.75 2.1823E-08
7.9433E+02 0.75 1.4657E-08
8.9125E+02 0.75 9.7936E-09
1.0000E+03 0.75 6.5671E-09
1.1220E+03 0.75 4.4309E-09
1.2589E+03 0.75 2.9457E-09
1.4125E+03 0.75 1.9311E-09
1.5849E+03 0.75 1.2963E-09
1.7783E+03 0.75 8.6327E-10
1.9953E+03 0.75 5.7001E-10
2.2387E+03 0.75 3.8094E-10
2.5119E+03 0.75 2.5301E-10
2.8184E+03 0.75 1.6610E-10
3.1623E+03 0.75 1.0866E-10
3.5481E+03 0.75 7.1620E-11
3.9811E+03 0.75 4.7216E-11
4.4668E+03 0.75 3.1349E-11
5.0119E+03 0.75 2.0710E-11
5.6234E+03 0.75 1.3443E-11
6.3096E+03 0.75 8.7798E-12
7.0795E+03 0.75 5.8095E-12
7.9433E+03 0.75 3.8663E-12
8.9125E+03 0.75 2.5738E-12
1.0000E+04 0.75 1.6580E-12
1.0000E-01 0.65 2.1355E+03
1.1220E-01 0.65 1.9322E+03
1.2589E-01 0.65 1.7338E+03
1.4125E-01 0.65 1.5420E+03
1.5849E-01 0.65 1.3610E+03
1.7783E-01 0.65 1.1896E+03
1.9953E-01 0.65 1.0333E+03
2.2387E-01 0.65 8.9240E+02
2.5119E-01 0.65 7.6320E+02
2.8184E-01 0.65 6.4493E+02
3.1623E-01 0.65 5.4032E+02
3.5481E-01 0.65 4.4950E+02
3.9811E-01 0.65 3.7129E+02
4.4668E-01 0.65 3.0283E+02
5.0119E-01 0.65 2.4483E+02
5.6234E-01 0.65 1.9671E+02
6.3096E-01 0.65 1.5658E+02
7.0795E-01 0.65 1.2420E+02
7.9433E-01 0.65 9.7498E+01
8.9125E-01 0.65 7.5545E+01
1.0000E+00 0.65 5.8308E+01
1.1220E+00 0.65 4.4627E+01
1.2589E+00 0.65 3.3833E+01
1.4125E+00 0.65 2.5442E+01
1.5849E+00 0.65 1.8980E+01
1.7783E+00 0.65 1.4019E+01
1.9953E+00 0.65 1.0293E+01
2.2387E+00 0.65 7.5041E+00
2.5119E+00 0.65 5.4245E+00
2.8184E+00 0.65 3.8859E+00
3.1623E+00 0.65 2.7514E+00
3.5481E+00 0.65 1.9393E+00
3.9811E+00 0.65 1.3571E+00
4.4668E+00 0.65 9.4225E-01
5.0119E+00 0.65 6.5009E-01
5.6234E+00 0.65 4.4577E-01
6.3096E+00 0.65 3.0608E-01
7.0795E+00 0.65 2.0756E-01
7.9433E+00 0.65 1.4026E-01
8.9125E+00 0.65 9.5239E-02
1.0000E+01 0.65 6.3924E-02
1.1220E+01 0.65 4.2831E-02
1.2589E+01 0.65 2.8643E-02
1.4125E+01 0.65 1.9153E-02
1.5849E+01 0.65 1.2758E-02
1.7783E+01 0.65 8.5418E-03
1.9953E+01 0.65 5.6798E-03
2.2387E+01 0.65 3.7544E-03
2.5119E+01 0.65 2.5048E-03
2.8184E+01 0.65 1.6615E-03
3.1623E+01 0.65 1.1022E-03
3.5481E+01 0.65 7.3452E-04
3.9811E+01 0.65 4.9027E-04
4.4668E+01 0.65 3.2549E-04
5.0119E+01 0.65 2.1663E-04
5.6234E+01 0.65 1.4471E-04
6.3096E+01 0.65 9.6652E-05
7.0795E+01 0.65 6.4298E-05
7.9433E+01 0.65 4.3130E-05
8.9125E+01 0.65 2.9022E-05
1.0000E+02 0.65 1.9446E-05
1.1220E+02 0.65 1.3048E-05
1.2589E+02 0.65 8.8191E-06
1.4125E+02 0.65 5.9338E-06
1.5849E+02 0.65 3.9869E-06
1.7783E+02 0.65 2.6792E-06
1.9953E+02 0.65 1.8166E-06
2.2387E+02 0.65 1.2280E-06
2.5119E+02 0.65 8.2978E-07
2.8184E+02 0.65 5.5720E-07
3.1623E+02 0.65 3.7911E-07
3.5481E+02 0.65 2.5618E-07
3.9811E+02 0.65 1.7356E-07
4.4668E+02 0.65 1.1730E-07
5.0119E+02 0.65 7.9317E-08
5.6234E+02 0.65 5.3458E-08
6.3096E+02 0.65 3.6107E-08
7.0795E+02 0.65 2.4509E-08
7.9433E+02 0.65 1.6352E-08
8.9125E+02 0.65 1.0978E-08
1.0000E+03 0.65 7.3842E-09
1.1220E+03 0.65 4.9319E-09
1.2589E+03 0.65 3.2755E-09
1.4125E+03 0.65 2.1729E-09
1.5849E+03 0.65 1.4530E-09
1.7783E+03 0.65 9.7022E-10
1.9953E+03 0.65 6.4845E-10
2.2387E+03 0.65 4.3091E-10
2.5119E+03 0.65 2.8785E-10
2.8184E+03 0.65 1.8898E-10
3.1623E+03 0.65 1.2385E-10
3.5481E+03 0.65 8.2362E-11
3.9811E+03 0.65 5.4092E-11
4.4668E+03 0.65 3.5409E-11
5.0119E+03 0.65 2.2983E-11
5.6234E+03 0.65 1.5173E-11
6.3096E+03 0.65 1.0126E-11
7.0795E+03 0.65 6.7039E-12
7.9433E+03 0.65 4.4110E-12
8.9125E+03 0.65 2.9697E-12
1.0000E+04 0.65 1.8899E-12
1.0000E-01 0.55 2.2477E+03
1.1220E-01 0.55 2.0250E+03
1.2589E-01 0.55 1.8069E+03
1.4125E-01 0.55 1.5988E+03
1.5849E-01 0.55 1.4082E+03
1.7783E-01 0.55 1.2305E+03
1.9953E-01 0.55 1.0654E+03
2.2387E-01 0.55 9.1599E+02
2.5119E-01 0.55 7.8145E+02
2.8184E-01 0.55 6.6010E+02
3.1623E-01 0.55 5.5252E+02
3.5481E-01 0.55 4.6097E+02
3.9811E-01 0.55 3.8139E+02
4.4668E-01 0.55 3.1249E+02
5.0119E-01 0.55 2.5293E+02
5.6234E-01 0.55 2.0409E+02
6.3096E-01 0.55 1.6423E+02
7.0795E-01 0.55 1.3015E+02
7.9433E-01 0.55 1.0261E+02
8.9125E-01 0.55 7.9934E+01
1.0000E+00 0.55 6.1673E+01
1.1220E+00 0.55 4.7378E+01
1.2589E+00 0.55 3.6235E+01
1.4125E+00 0.55 2.7381E+01
1.5849E+00 0.55 2.0506E+01
1.7783E+00 0.55 1.5239E+01
1.9953E+00 0.55 1.1269E+01
2.2387E+00 0.55 8.2942E+00
2.5119E+00 0.55 6.0180E+00
2.8184E+00 0.55 4.3327E+00
3.1623E+00 0.55 3.0759E+00
3.5481E+00 0.55 2.1731E+00
3.9811E+00 0.55 1.5273E+00
4.4668E+00 0.55 1.0723E+00
5.0119E+00 0.55 7.4645E-01
5.6234E+00 0.55 5.1422E-01
6.3096E+00 0.55 3.5188E-01
7.0795E+00 0.55 2.4091E-01
7.9433E+00 0.55 1.6340E-01
8.9125E+00 0.55 1.1043E-01
1.0000E+01 0.55 7.5093E-02
1.1220E+01 0.55 5.0354E-02
1.2589E+01 0.55 3.3638E-02
1.4125E+01 0.55 2.2675E-02
1.5849E+01 0.55 1.5204E-02
1.7783E+01 0.55 1.0045E-02
1.9953E+01 0.55 6.7111E-03
2.2387E+01 0.55 4.4789E-03
2.5119E+01 0.55 2.9766E-03
2.8184E+01 0.55 1.9968E-03
3.1623E+01 0.55 1.3151E-03
3.5481E+01 0.55 8.7499E-04
3.9811E+01 0.55 5.8246E-04
4.4668E+01 0.55 3.8669E-04
5.0119E+01 0.55 2.5680E-04
5.6234E+01 0.55 1.7118E-04
6.3096E+01 0.55 1.1394E-04
7.0795E+01 0.55 7.5794E-05
7.9433E+01 0.55 5.0589E-05
8.9125E+01 0.55 3.3773E-05
1.0000E+02 0.55 2.2672E-05
1.1220E+02 0.55 1.5194E-05
1.2589E+02 0.55 1.0167E-05
1.4125E+02 0.55 6.8414E-06
1.5849E+02 0.55 4.5844E-06
1.7783E+02 0.55 3.0934E-06
1.9953E+02 0.55 2.0889E-06
2.2387E+02 0.55 1.3982E-06
2.5119E+02 0.55 9.4207E-07
2.8184E+02 0.55 6.3665E-07
3.1623E+02 0.55 4.2953E-07
3.5481E+02 0.55 2.9149E-07
3.9811E+02 0.55 1.9796E-07
4.4668E+02 0.55 1.3307E-07
5.0119E+02 0.55 8.9610E-08
5.6234E+02 0.55 6.0891E-08
6.3096E+02 0.55 4.1001E-08
7.0795E+02 0.55 2.7775E-08
7.9433E+02 0.55 1.8717E-08
8.9125E+02 0.55 1.2596E-08
1.0000E+03 0.55 8.3716E-09
1.1220E+03 0.55 5.6044E-09
1.2589E+03 0.55 3.7305E-09
1.4125E+03 0.55 2.5177E-09
1.5849E+03 0.55 1.6824E-09
1.7783E+03 0.55 1.1175E-09
1.9953E+03 0.55 7.5459E-10
2.2387E+03 0.55 5.0050E-10
2.5119E+03 0.55 3.2927E-10
2.8184E+03 0.55 2.2164E-10
3.1623E+03 0.55 1.4374E-10
3.5481E+03 0.55 9.5759E-11
3.9811E+03 0.55 6.2804E-11
4.4668E+03 0.55 4.1191E-11
5.0119E+03 0.55 2.7482E-11
5.6234E+03 0.55 1.7969E-11
6.3096E+03 0.55 1.1723E-11
7.0795E+03 0.55 7.8434E-12
7.9433E+03 0.55 5.0750E-12
8.9125E+03 0.55 3.2880E-12
1.0000E+04 0.55 2.1849E-12
1.0000E-01 0.45 2.4197E+03
1.1220E-01 0.45 2.1642E+03
1.2589E-01 0.45 1.9203E+03
1.4125E-01 0.45 1.6896E+03
1.5849E-01 0.45 1.4776E+03
1.7783E-01 0.45 1.2846E+03
1.9953E-01 0.45 1.1097E+03
2.2387E-01 0.45 9.5347E+02
2.5119E-01 0.45 8.1027E+02
2.8184E-01 0.45 6.8291E+02
3.1623E-01 0.45 5.7281E+02
3.5481E-01 0.45 4.7744E+02
3.9811E-01 0.45 3.9478E+02
4.4668E-01 0.45 3.2289E+02
5.0119E-01 0.45 2.6207E+02
5.6234E-01 0.45 2.1124E+02
6.3096E-01 0.45 1.6936E+02
7.0795E-01 0.45 1.3479E+02
7.9433E-01 0.45 1.0657E+02
8.9125E-01 0.45 8.3614E+01
1.0000E+00 0.45 6.5114E+01
1.1220E+00 0.45 5.0256E+01
1.2589E+00 0.45 3.8565E+01
1.4125E+00 0.45 2.9371E+01
1.5849E+00 0.45 2.2113E+01
1.7783E+00 0.45 1.6551E+01
1.9953E+00 0.45 1.2299E+01
2.2387E+00 0.45 9.0417E+00
2.5119E+00 0.45 6.6159E+00
2.8184E+00 0.45 4.8126E+00
3.1623E+00 0.45 3.4605E+00
3.5481E+00 0.45 2.4685E+00
3.9811E+00 0.45 1.7451E+00
4.4668E+00 0.45 1.2262E+00
5.0119E+00 0.45 8.5927E-01
5.6234E+00 0.45 5.9527E-01
6.3096E+00 0.45 4.0991E-01
7.0795E+00 0.45 2.8200E-01
7.9433E+00 0.45 1.9307E-01
8.9125E+00 0.45 1.3211E-01
1.0000E+01 0.45 8.9874E-02
1.1220E+01 0.45 6.0600E-02
1.2589E+01 0.45 4.0723E-02
1.4125E+01 0.45 2.7463E-02
1.5849E+01 0.45 1.8462E-02
1.7783E+01 0.45 1.2336E-02
1.9953E+01 0.45 8.1944E-03
2.2387E+01 0.45 5.5130E-03
2.5119E+01 0.45 3.7094E-03
2.8184E+01 0.45 2.4497E-03
3.1623E+01 0.45 1.6250E-03
3.5481E+01 0.45 1.0804E-03
3.9811E+01 0.45 7.1828E-04
4.4668E+01 0.45 4.7811E-04
5.0119E+01 0.45 3.1771E-04
5.6234E+01 0.45 2.1053E-04
6.3096E+01 0.45 1.3997E-04
7.0795E+01 0.45 9.3192E-05
7.9433E+01 0.45 6.2002E-05
8.9125E+01 0.45 4.1417E-05
1.0000E+02 0.45 2.7437E-05
1.1220E+02 0.45 1.8331E-05
1.2589E+02 0.45 1.2267E-05
1.4125E+02 0.45 8.1768E-06
1.5849E+02 0.45 5.4789E-06
1.7783E+02 0.45 3.6791E-06
1.9953E+02 0.45 2.4541E-06
2.2387E+02 0.45 1.6401E-06
2.5119E+02 0.45 1.1152E-06
2.8184E+02 0.45 7.5136E-07
3.1623E+02 0.45 5.0395E-07
3.5481E+02 0.45 3.4073E-07
3.9811E+02 0.45 2.2961E-07
4.4668E+02 0.45 1.5513E-07
5.0119E+02 0.45 1.0461E-07
5.6234E+02 0.45 7.0580E-08
6.3096E+02 0.45 4.7480E-08
7.0795E+02 0.45 3.1867E-08
7.9433E+02 0.45 2.1480E-08
8.9125E+02 0.45 1.4428E-08
1.0000E+03 0.45 9.7158E-09
1.1220E+03 0.45 6.5653E-09
1.2589E+03 0.45 4.3877E-09
1.4125E+03 0.45 2.9289E-09
1.5849E+03 0.45 1.9722E-09
1.7783E+03 0.45 1.3034E-09
1.9953E+03 0.45 8.7618E-10
2.2387E+03 0.45 5.9075E-10
2.5119E+03 0.45 3.9104E-10
2.8184E+03 0.45 2.6077E-10
3.1623E+03 0.45 1.7241E-10
3.5481E+03 0.45 1.1313E-10
3.9811E+03 0.45 7.4614E-11
4.4668E+03 0.45 4.9130E-11
5.0119E+03 0.45 3.2158E-11
5.6234E+03 0.45 2.1422E-11
6.3096E+03 0.45 1.4229E-11
7.0795E+03 0.45 9.3953E-12
7.9433E+03 0.45 6.1153E-12
8.9125E+03 0.45 3.9965E-12
1.0000E+04 0.45 2.5921E-12
1.0000E-01 0.35 2.7077E+03
1.1220E-01 0.35 2.4062E+03
1.2589E-01 0.35 2.1207E+03
1.4125E-01 0.35 1.8508E+03
1.5849E-01 0.35 1.6077E+03
1.7783E-01 0.35 1.3888E+03
1.9953E-01 0.35 1.1906E+03
2.2387E-01 0.35 1.0137E+03
2.5119E-01 0.35 8.5677E+02
2.8184E-01 0.35 7.1798E+02
3.1623E-01 0.35 5.9782E+02
3.5481E-01 0.35 4.9394E+02
3.9811E-01 0.35 4.0515E+02
4.4668E-01 0.35 3.3228E+02
5.0119E-01 0.35 2.7051E+02
5.6234E-01 0.35 2.1851E+02
6.3096E-01 0.35 1.7583E+02
7.0795E-01 0.35 1.4021E+02
7.9433E-01 0.35 1.1106E+02
8.9125E-01 0.35 8.7086E+01
1.0000E+00 0.35 6.8085E+01
1.1220E+00 0.35 5.2934E+01
1.2589E+00 0.35 4.0760E+01
1.4125E+00 0.35 3.1144E+01
1.5849E+00 0.35 2.3639E+01
1.7783E+00 0.35 1.7922E+01
1.9953E+00 0.35 1.3411E+01
2.2387E+00 0.35 9.9711E+00
2.5119E+00 0.35 7.3536E+00
2.8184E+00 0.35 5.3587E+00
3.1623E+00 0.35 3.8903E+00
3.5481E+00 0.35 2.8020E+00
3.9811E+00 0.35 2.0023E+00
4.4668E+00 0.35 1.4229E+00
5.0119E+00 0.35 1.0076E+00
5.6234E+00 0.35 7.0922E-01
6.3096E+00 0.35 4.9337E-01
7.0795E+00 0.35 3.4276E-01
7.9433E+00 0.35 2.3608E-01
8.9125E+00 0.35 1.6195E-01
1.0000E+01 0.35 1.1084E-01
1.1220E+01 0.35 7.5395E-02
1.2589E+01 0.35 5.0932E-02
1.4125E+01 0.35 3.4375E-02
1.5849E+01 0.35 2.3183E-02
1.7783E+01 0.35 1.5626E-02
1.9953E+01 0.35 1.0496E-02
2.2387E+01 0.35 6.9732E-03
2.5119E+01 0.35 4.6432E-03
2.8184E+01 0.35 3.1400E-03
3.1623E+01 0.35 2.0993E-03
3.5481E+01 0.35 1.4007E-03
3.9811E+01 0.35 9.3181E-04
4.4668E+01 0.35 6.1956E-04
5.0119E+01 0.35 4.1146E-04
5.6234E+01 0.35 2.7299E-04
6.3096E+01 0.35 1.8108E-04
7.0795E+01 0.35 1.2042E-04
7.9433E+01 0.35 8.0213E-05
8.9125E+01 0.35 5.3161E-05
1.0000E+02 0.35 3.5220E-05
1.1220E+02 0.35 2.3432E-05
1.2589E+02 0.35 1.5594E-05
1.4125E+02 0.35 1.0372E-05
1.5849E+02 0.35 6.9242E-06
1.7783E+02 0.35 4.6159E-06
1.9953E+02 0.35 3.0755E-06
2.2387E+02 0.35 2.0550E-06
2.5119E+02 0.35 1.3705E-06
2.8184E+02 0.35 9.2100E-07
3.1623E+02 0.35 6.1812E-07
3.5481E+02 0.35 4.1505E-07
3.9811E+02 0.35 2.7826E-07
4.4668E+02 0.35 1.8754E-07
5.0119E+02 0.35 1.2609E-07
5.6234E+02 0.35 8.5673E-08
6.3096E+02 0.35 5.7691E-08
7.0795E+02 0.35 3.8762E-08
7.9433E+02 0.35 2.6011E-08
8.9125E+02 0.35 1.7455E-08
1.0000E+03 0.35 1.1795E-08
1.1220E+03 0.35 7.9235E-09
1.2589E+03 0.35 5.3051E-09
1.4125E+03 0.35 3.5709E-09
1.5849E+03 0.35 2.4003E-09
1.7783E+03 0.35 1.6243E-09
1.9953E+03 0.35 1.0828E-09
2.2387E+03 0.35 7.1695E-10
2.5119E+03 0.35 4.6778E-10
2.8184E+03 0.35 3.1291E-10
3.1623E+03 0.35 2.0892E-10
3.5481E+03 0.35 1.3876E-10
3.9811E+03 0.35 9.2957E-11
4.4668E+03 0.35 6.1167E-11
5.0119E+03 0.35 4.0479E-11
5.6234E+03 0.35 2.6640E-11
6.3096E+03 0.35 1.7396E-11
7.0795E+03 0.35 1.1493E-11
7.9433E+03 0.35 7.8057E-12
8.9125E+03 0.35 5.0822E-12
1.0000E+04 0.35 3.2714E-12
1.0000E-01 0.25 3.2476E+03
1.1220E-01 0.25 2.8515E+03
1.2589E-01 0.25 2.4878E+03
1.4125E-01 0.25 2.1547E+03
1.5849E-01 0.25 1.8523E+03
1.7783E-01 0.25 1.5760E+03
1.9953E-01 0.25 1.3367E+03
2.2387E-01 0.25 1.1322E+03
2.5119E-01 0.25 9.4768E+02
2.8184E-01 0.25 7.8683E+02
3.1623E-01 0.25 6.5206E+02
3.5481E-01 0.25 5.3692E+02
3.9811E-01 0.25 4.3804E+02
4.4668E-01 0.25 3.5507E+02
5.0119E-01 0.25 2.8739E+02
5.6234E-01 0.25 2.3173E+02
6.3096E-01 0.25 1.8466E+02
7.0795E-01 0.25 1.4660E+02
7.9433E-01 0.25 1.1664E+02
8.9125E-01 0.25 9.1797E+01
1.0000E+00 0.25 7.1417E+01
1.1220E+00 0.25 5.5645E+01
1.2589E+00 0.25 4.3053E+01
1.4125E+00 0.25 3.3033E+01
1.5849E+00 0.25 2.5265E+01
1.7783E+00 0.25 1.9196E+01
1.9953E+00 0.25 1.4470E+01
2.2387E+00 0.25 1.0861E+01
2.5119E+00 0.25 8.1195E+00
2.8184E+00 0.25 6.0136E+00
3.1623E+00 0.25 4.3882E+00
3.5481E+00 0.25 3.1930E+00
3.9811E+00 0.25 2.3146E+00
4.4668E+00 0.25 1.6664E+00
5.0119E+00 0.25 1.1904E+00
5.6234E+00 0.25 8.4697E-01
6.3096E+00 0.25 6.0030E-01
7.0795E+00 0.25 4.2057E-01
7.9433E+00 0.25 2.9347E-01
8.9125E+00 0.25 2.0304E-01
1.0000E+01 0.25 1.4011E-01
1.1220E+01 0.25 9.6394E-02
1.2589E+01 0.25 6.6117E-02
1.4125E+01 0.25 4.5232E-02
1.5849E+01 0.25 3.0759E-02
1.7783E+01 0.25 2.0847E-02
1.9953E+01 0.25 1.4115E-02
2.2387E+01 0.25 9.5512E-03
2.5119E+01 0.25 6.4651E-03
2.8184E+01 0.25 4.3312E-03
3.1623E+01 0.25 2.8862E-03
3.5481E+01 0.25 1.9341E-03
3.9811E+01 0.25 1.2961E-03
4.4668E+01 0.25 8.6371E-04
5.0119E+01 0.25 5.7387E-04
5.6234E+01 0.25 3.8209E-04
6.3096E+01 0.25 2.5511E-04
7.0795E+01 0.25 1.6938E-04
7.9433E+01 0.25 1.1192E-04
8.9125E+01 0.25 7.3992E-05
1.0000E+02 0.25 4.9232E-05
1.1220E+02 0.25 3.2705E-05
1.2589E+02 0.25 2.1653E-05
1.4125E+02 0.25 1.4317E-05
1.5849E+02 0.25 9.4842E-06
1.7783E+02 0.25 6.3035E-06
1.9953E+02 0.25 4.1710E-06
2.2387E+02 0.25 2.7843E-06
2.5119E+02 0.25 1.8666E-06
2.8184E+02 0.25 1.2434E-06
3.1623E+02 0.25 8.2222E-07
3.5481E+02 0.25 5.4722E-07
3.9811E+02 0.25 3.6596E-07
4.4668E+02 0.25 2.4516E-07
5.0119E+02 0.25 1.6408E-07
5.6234E+02 0.25 1.1039E-07
6.3096E+02 0.25 7.4072E-08
7.0795E+02 0.25 4.9887E-08
7.9433E+02 0.25 3.3364E-08
8.9125E+02 0.25 2.2323E-08
1.0000E+03 0.25 1.5014E-08
1.1220E+03 0.25 1.0058E-08
1.2589E+03 0.25 6.7745E-09
1.4125E+03 0.25 4.5498E-09
1.5849E+03 0.25 3.0670E-09
1.7783E+03 0.25 2.0671E-09
1.9953E+03 0.25 1.3773E-09
2.2387E+03 0.25 9.2698E-10
2.5119E+03 0.25 6.2162E-10
2.8184E+03 0.25 4.1700E-10
3.1623E+03 0.25 2.7489E-10
3.5481E+03 0.25 1.8296E-10
3.9811E+03 0.25 1.2239E-10
4.4668E+03 0.25 8.1580E-11
5.0119E+03 0.25 5.3301E-11
5.6234E+03 0.25 3.5074E-11
6.3096E+03 0.25 2.3201E-11
7.0795E+03 0.25 1.5325E-11
7.9433E+03 0.25 1.0082E-11
8.9125E+03 0.25 6.6180E-12
1.0000E+04 0.25 4.3912E-12
1.0000E-01 0.15 4.4146E+03
1.1220E-01 0.15 3.8388E+03
1.2589E-01 0.15 3.2932E+03
1.4125E-01 0.15 2.8117E+03
1.5849E-01 0.15 2.3878E+03
1.7783E-01 0.15 2.0094E+03
1.9953E-01 0.15 1.6873E+03
2.2387E-01 0.15 1.4064E+03
2.5119E-01 0.15 1.1621E+03
2.8184E-01 0.15 9.5480E+02
3.1623E-01 0.15 7.7713E+02
3.5481E-01 0.15 6.2738E+02
3.9811E-01 0.15 5.0703E+02
4.4668E-01 0.15 4.0763E+02
5.0119E-01 0.15 3.2325E+02
5.6234E-01 0.15 2.5677E+02
6.3096E-01 0.15 2.0438E+02
7.0795E-01 0.15 1.6107E+02
7.9433E-01 0.15 1.2691E+02
8.9125E-01 0.15 9.9641E+01
1.0000E+00 0.15 7.6844E+01
1.1220E+00 0.15 5.9735E+01
1.2589E+00 0.15 4.5923E+01
1.4125E+00 0.15 3.5309E+01
1.5849E+00 0.15 2.7030E+01
1.7783E+00 0.15 2.0576E+01
1.9953E+00 0.15 1.5701E+01
2.2387E+00 0.15 1.1906E+01
2.5119E+00 0.15 8.9242E+00
2.8184E+00 0.15 6.5932E+00
3.1623E+00 0.15 4.8954E+00
3.5481E+00 0.15 3.6046E+00
3.9811E+00 0.15 2.6498E+00
4.4668E+00 0.15 1.9327E+00
5.0119E+00 0.15 1.4059E+00
5.6234E+00 0.15 1.0216E+00
6.3096E+00 0.15 7.2896E-01
7.0795E+00 0.15 5.1906E-01
7.9433E+00 0.15 3.7141E-01
8.9125E+00 0.15 2.6073E-01
1.0000E+01 0.15 1.8320E-01
1.1220E+01 0.15 1.2760E-01
1.2589E+01 0.15 8.8528E-02
1.4125E+01 0.15 6.1828E-02
1.5849E+01 0.15 4.2667E-02
1.7783E+01 0.15 2.9408E-02
1.9953E+01 0.15 2.0135E-02
2.2387E+01 0.15 1.3618E-02
2.5119E+01 0.15 9.2475E-03
2.8184E+01 0.15 6.2812E-03
3.1623E+01 0.15 4.3070E-03
3.5481E+01 0.15 2.9125E-03
3.9811E+01 0.15 1.9638E-03
4.4668E+01 0.15 1.3208E-03
5.0119E+01 0.15 8.8785E-04
5.6234E+01 0.15 5.9657E-04
6.3096E+01 0.15 3.9929E-04
7.0795E+01 0.15 2.6641E-04
7.9433E+01 0.15 1.7732E-04
8.9125E+01 0.15 1.1799E-04
1.0000E+02 0.15 7.8291E-05
1.1220E+02 0.15 5.1934E-05
1.2589E+02 0.15 3.4444E-05
1.4125E+02 0.15 2.2857E-05
1.5849E+02 0.15 1.5107E-05
1.7783E+02 0.15 9.9606E-06
1.9953E+02 0.15 6.5986E-06
2.2387E+02 0.15 4.3401E-06
2.5119E+02 0.15 2.8507E-06
2.8184E+02 0.15 1.8852E-06
3.1623E+02 0.15 1.2553E-06
3.5481E+02 0.15 8.3052E-07
3.9811E+02 0.15 5.5145E-07
4.4668E+02 0.15 3.6595E-07
5.0119E+02 0.15 2.4361E-07
5.6234E+02 0.15 1.6184E-07
6.3096E+02 0.15 1.0810E-07
7.0795E+02 0.15 7.2013E-08
7.9433E+02 0.15 4.7695E-08
8.9125E+02 0.15 3.1742E-08
1.0000E+03 0.15 2.1282E-08
1.1220E+03 0.15 1.4274E-08
1.2589E+03 0.15 9.5606E-09
1.4125E+03 0.15 6.3975E-09
1.5849E+03 0.15 4.2911E-09
1.7783E+03 0.15 2.8814E-09
1.9953E+03 0.15 1.9079E-09
2.2387E+03 0.15 1.2845E-09
2.5119E+03 0.15 8.5626E-10
2.8184E+03 0.15 5.7127E-10
3.1623E+03 0.15 3.8227E-10
3.5481E+03 0.15 2.5682E-10
3.9811E+03 0.15 1.6993E-10
4.4668E+03 0.15 1.1152E-10
5.0119E+03 0.15 7.3837E-11
5.6234E+03 0.15 4.9247E-11
6.3096E+03 0.15 3.3029E-11
7.0795E+03 0.15 2.2063E-11
7.9433E+03 0.15 1.4498E-11
8.9125E+03 0.15 9.4889E-12
1.0000E+04 0.15 6.1850E-12
1.0000E-01 0.05 7.0214E+03
1.1220E-01 0.05 6.0154E+03
1.2589E-01 0.05 5.1237E+03
1.4125E-01 0.05 4.3311E+03
1.5849E-01 0.05 3.6133E+03
1.7783E-01 0.05 2.9884E+03
1.9953E-01 0.05 2.4497E+03
2.2387E-01 0.05 2.0084E+03
2.5119E-01 0.05 1.6394E+03
2.8184E-01 0.05 1.3084E+03
3.1623E-01 0.05 1.0408E+03
3.5481E-01 0.05 8.2772E+02
3.9811E-01 0.05 6.5624E+02
4.4668E-01 0.05 5.1626E+02
5.0119E-01 0.05 4.0559E+02
5.6234E-01 0.05 3.2101E+02
6.3096E-01 0.05 2.5006E+02
7.0795E-01 0.05 1.9158E+02
7.9433E-01 0.05 1.4788E+02
8.9125E-01 0.05 1.1518E+02
1.0000E+00 0.05 8.8371E+01
1.1220E+00 0.05 6.7525E+01
1.2589E+00 0.05 5.1808E+01
1.4125E+00 0.05 3.9673E+01
1.5849E+00 0.05 2.9905E+01
1.7783E+00 0.05 2.2633E+01
1.9953E+00 0.05 1.7203E+01
2.2387E+00 0.05 1.2994E+01
2.5119E+00 0.05 9.7593E+00
2.8184E+00 0.05 7.1741E+00
3.1623E+00 0.05 5.3836E+00
3.5481E+00 0.05 3.9773E+00
3.9811E+00 0.05 2.9583E+00
4.4668E+00 0.05 2.1716E+00
5.0119E+00 0.05 1.5810E+00
5.6234E+00 0.05 1.1465E+00
6.3096E+00 0.05 8.2444E-01
7.0795E+00 0.05 6.0103E-01
7.9433E+00 0.05 4.4041E-01
8.9125E+00 0.05 3.0882E-01
1.0000E+01 0.05 2.2201E-01
1.1220E+01 0.05 1.5838E-01
1.2589E+01 0.05 1.1254E-01
1.4125E+01 0.05 7.8952E-02
1.5849E+01 0.05 5.5908E-02
1.7783E+01 0.05 3.9808E-02
1.9953E+01 0.05 2.7815E-02
2.2387E+01 0.05 1.9681E-02
2.5119E+01 0.05 1.3652E-02
2.8184E+01 0.05 9.3886E-03
3.1623E+01 0.05 6.6043E-03
3.5481E+01 0.05 4.5543E-03
3.9811E+01 0.05 3.1261E-03
4.4668E+01 0.05 2.1384E-03
5.0119E+01 0.05 1.4593E-03
5.6234E+01 0.05 9.9339E-04
6.3096E+01 0.05 6.7469E-04
7.0795E+01 0.05 4.5642E-04
7.9433E+01 0.05 3.0807E-04
8.9125E+01 0.05 2.0698E-04
1.0000E+02 0.05 1.3922E-04
1.1220E+02 0.05 9.3227E-05
1.2589E+02 0.05 6.2196E-05
1.4125E+02 0.05 4.1483E-05
1.5849E+02 0.05 2.7587E-05
1.7783E+02 0.05 1.8239E-05
1.9953E+02 0.05 1.2076E-05
2.2387E+02 0.05 7.9736E-06
2.5119E+02 0.05 5.2785E-06
2.8184E+02 0.05 3.4937E-06
3.1623E+02 0.05 2.2885E-06
3.5481E+02 0.05 1.5007E-06
3.9811E+02 0.05 9.8638E-07
4.4668E+02 0.05 6.4945E-07
5.0119E+02 0.05 4.2570E-07
5.6234E+02 0.05 2.8071E-07
6.3096E+02 0.05 1.8486E-07
7.0795E+02 0.05 1.2094E-07
7.9433E+02 0.05 7.8871E-08
8.9125E+02 0.05 5.2045E-08
1.0000E+03 0.05 3.4488E-08
1.1220E+03 0.05 2.2780E-08
1.2589E+03 0.05 1.5017E-08
1.4125E+03 0.05 9.9092E-09
1.5849E+03 0.05 6.5861E-09
1.7783E+03 0.05 4.3729E-09
1.9953E+03 0.05 2.8910E-09
2.2387E+03 0.05 1.9212E-09
2.5119E+03 0.05 1.2869E-09
2.8184E+03 0.05 8.4910E-10
3.1623E+03 0.05 5.6298E-10
3.5481E+03 0.05 3.7433E-10
3.9811E+03 0.05 2.4816E-10
4.4668E+03 0.05 1.6519E-10
5.0119E+03 0.05 1.0900E-10
5.6234E+03 0.05 7.1487E-11
6.3096E+03 0.05 4.8344E-11
7.0795E+03 0.05 3.1865E-11
7.9433E+03 0.05 2.1004E-11
8.9125E+03 0.05 1.3804E-11
1.0000E+04 0.05 9.1432E-12
1.0000E-01 -0.05 7.4796E+03
1.1220E-01 -0.05 6.4219E+03
1.2589E-01 -0.05 5.4257E+03
1.4125E-01 -0.05 4.5462E+03
1.5849E-01 -0.05 3.7760E+03
1.7783E-01 -0.05 3.1053E+03
1.9953E-01 -0.05 2.5402E+03
2.2387E-01 -0.05 2.0775E+03
2.5119E-01 -0.05 1.6792E+03
2.8184E-01 -0.05 1.3457E+03
3.1623E-01 -0.05 1.0696E+03
3.5481E-01 -0.05 8.4295E+02
3.9811E-01 -0.05 6.6285E+02
4.4668E-01 -0.05 5.2040E+02
5.0119E-01 -0.05 4.0688E+02
5.6234E-01 -0.05 3.1881E+02
6.3096E-01 -0.05 2.4903E+02
7.0795E-01 -0.05 1.9102E+02
7.9433E-01 -0.05 1.4548E+02
8.9125E-01 -0.05 1.1219E+02
1.0000E+00 -0.05 8.7336E+01
1.1220E+00 -0.05 6.6712E+01
1.2589E+00 -0.05 5.1124E+01
1.4125E+00 -0.05 3.8948E+01
1.5849E+00 -0.05 2.9418E+01
1.7783E+00 -0.05 2.2379E+01
1.9953E+00 -0.05 1.6912E+01
2.2387E+00 -0.05 1.2749E+01
2.5119E+00 -0.05 9.5472E+00
2.8184E+00 -0.05 7.1683E+00
3.1623E+00 -0.05 5.3263E+00
3.5481E+00 -0.05 3.9450E+00
3.9811E+00 -0.05 2.9233E+00
4.4668E+00 -0.05 2.1527E+00
5.0119E+00 -0.05 1.5694E+00
5.6234E+00 -0.05 1.1412E+00
6.3096E+00 -0.05 8.2178E-01
7.0795E+00 -0.05 5.8917E-01
7.9433E+00 -0.05 4.2963E-01
8.9125E+00 -0.05 3.0872E-01
1.0000E+01 -0.05 2.2342E-01
1.1220E+01 -0.05 1.5977E-01
1.2589E+01 -0.05 1.1362E-01
1.4125E+01 -0.05 7.9597E-02
1.5849E+01 -0.05 5.6472E-02
1.7783E+01 -0.05 3.9673E-02
1.9953E+01 -0.05 2.7493E-02
2.2387E+01 -0.05 1.9165E-02
2.5119E+01 -0.05 1.3494E-02
2.8184E+01 -0.05 9.5905E-03
3.1623E+01 -0.05 6.6841E-03
3.5481E+01 -0.05 4.6143E-03
3.9811E+01 -0.05 3.1709E-03
4.4668E+01 -0.05 2.1731E-03
5.0119E+01 -0.05 1.4870E-03
5.6234E+01 -0.05 1.0131E-03
6.3096E+01 -0.05 6.8867E-04
7.0795E+01 -0.05 4.6726E-04
7.9433E+01 -0.05 3.1537E-04
8.9125E+01 -0.05 2.1237E-04
1.0000E+02 -0.05 1.4289E-04
1.1220E+02 -0.05 9.5829E-05
1.2589E+02 -0.05 6.4093E-05
1.4125E+02 -0.05 4.2708E-05
1.5849E+02 -0.05 2.8409E-05
1.7783E+02 -0.05 1.8899E-05
1.9953E+02 -0.05 1.2519E-05
2.2387E+02 -0.05 8.2508E-06
2.5119E+02 -0.05 5.4412E-06
2.8184E+02 -0.05 3.5903E-06
3.1623E+02 -0.05 2.3670E-06
3.5481E+02 -0.05 1.5559E-06
3.9811E+02 -0.05 1.0221E-06
4.4668E+02 -0.05 6.6899E-07
5.0119E+02 -0.05 4.3864E-07
5.6234E+02 -0.05 2.8811E-07
6.3096E+02 -0.05 1.8907E-07
7.0795E+02 -0.05 1.2469E-07
7.9433E+02 -0.05 8.2033E-08
8.9125E+02 -0.05 5.4059E-08
1.0000E+03 -0.05 3.5556E-08
1.1220E+03 -0.05 2.3402E-08
1.2589E+03 -0.05 1.5367E-08
1.4125E+03 -0.05 1.0119E-08
1.5849E+03 -0.05 6.6554E-09
1.7783E+03 -0.05 4.3934E-09
1.9953E+03 -0.05 2.9698E-09
2.2387E+03 -0.05 1.9578E-09
2.5119E+03 -0.05 1.2852E-09
2.8184E+03 -0.05 8.6621E-10
3.1623E+03 -0.05 5.7349E-10
3.5481E+03 -0.05 3.7831E-10
3.9811E+03 -0.05 2.4934E-10
4.4668E+03 -0.05 1.6580E-10
5.0119E+03 -0.05 1.1031E-10
5.6234E+03 -0.05 7.2969E-11
6.3096E+03 -0.05 4.8610E-11
7.0795E+03 -0.05 3.2300E-11
7.9433E+03 -0.05 2.1430E-11
8.9125E+03 -0.05 1.4155E-11
1.0000E+04 -0.05 9.3456E-12
1.0000E-01 -0.15 5.3882E+03
1.1220E-01 -0.15 4.6496E+03
1.2589E-01 -0.15 3.9758E+03
1.4125E-01 -0.15 3.3658E+03
1.5849E-01 -0.15 2.8282E+03
1.7783E-01 -0.15 2.3628E+03
1.9953E-01 -0.15 1.9580E+03
2.2387E-01 -0.15 1.6153E+03
2.5119E-01 -0.15 1.3199E+03
2.8184E-01 -0.15 1.0664E+03
3.1623E-01 -0.15 8.5678E+02
3.5481E-01 -0.15 6.8468E+02
3.9811E-01 -0.15 5.4327E+02
4.4668E-01 -0.15 4.3258E+02
5.0119E-01 -0.15 3.4092E+02
5.6234E-01 -0.15 2.6596E+02
6.3096E-01 -0.15 2.0859E+02
7.0795E-01 -0.15 1.6338E+02
7.9433E-01 -0.15 1.2732E+02
8.9125E-01 -0.15 9.8389E+01
1.0000E+00 -0.15 7.6325E+01
1.1220E+00 -0.15 5.8937E+01
1.2589E+00 -0.15 4.5178E+01
1.4125E+00 -0.15 3.4592E+01
1.5849E+00 -0.15 2.6651E+01
1.7783E+00 -0.15 2.0212E+01
1.9953E+00 -0.15 1.5290E+01
2.2387E+00 -0.15 1.1588E+01
2.5119E+00 -0.15 8.7234E+00
2.8184E+00 -0.15 6.5400E+00
3.1623E+00 -0.15 4.8408E+00
3.5481E+00 -0.15 3.5677E+00
3.9811E+00 -0.15 2.6261E+00
4.4668E+00 -0.15 1.9158E+00
5.0119E+00 -0.15 1.3906E+00
5.6234E+00 -0.15 1.0065E+00
6.3096E+00 -0.15 7.2229E-01
7.0795E+00 -0.15 5.1664E-01
7.9433E+00 -0.15 3.6577E-01
8.9125E+00 -0.15 2.5961E-01
1.0000E+01 -0.15 1.8296E-01
1.1220E+01 -0.15 1.2758E-01
1.2589E+01 -0.15 8.8749E-02
1.4125E+01 -0.15 6.1757E-02
1.5849E+01 -0.15 4.2696E-02
1.7783E+01 -0.15 2.9427E-02
1.9953E+01 -0.15 2.0223E-02
2.2387E+01 -0.15 1.3780E-02
2.5119E+01 -0.15 9.3142E-03
2.8184E+01 -0.15 6.3246E-03
3.1623E+01 -0.15 4.3471E-03
3.5481E+01 -0.15 2.9419E-03
3.9811E+01 -0.15 1.9827E-03
4.4668E+01 -0.15 1.3340E-03
5.0119E+01 -0.15 8.9710E-04
5.6234E+01 -0.15 6.0185E-04
6.3096E+01 -0.15 4.0250E-04
7.0795E+01 -0.15 2.6898E-04
7.9433E+01 -0.15 1.7933E-04
8.9125E+01 -0.15 1.1915E-04
1.0000E+02 -0.15 7.9382E-05
1.1220E+02 -0.15 5.2666E-05
1.2589E+02 -0.15 3.4858E-05
1.4125E+02 -0.15 2.3117E-05
1.5849E+02 -0.15 1.5291E-05
1.7783E+02 -0.15 1.0063E-05
1.9953E+02 -0.15 6.6460E-06
2.2387E+02 -0.15 4.4006E-06
2.5119E+02 -0.15 2.9010E-06
2.8184E+02 -0.15 1.9304E-06
3.1623E+02 -0.15 1.2747E-06
3.5481E+02 -0.15 8.4130E-07
3.9811E+02 -0.15 5.5783E-07
4.4668E+02 -0.15 3.7124E-07
5.0119E+02 -0.15 2.4567E-07
5.6234E+02 -0.15 1.6300E-07
6.3096E+02 -0.15 1.0861E-07
7.0795E+02 -0.15 7.2064E-08
7.9433E+02 -0.15 4.7909E-08
8.9125E+02 -0.15 3.1996E-08
1.0000E+03 -0.15 2.1451E-08
1.1220E+03 -0.15 1.4383E-08
1.2589E+03 -0.15 9.5836E-09
1.4125E+03 -0.15 6.4262E-09
1.5849E+03 -0.15 4.2932E-09
1.7783E+03 -0.15 2.8782E-09
1.9953E+03 -0.15 1.9329E-09
2.2387E+03 -0.15 1.2908E-09
2.5119E+03 -0.15 8.5776E-10
2.8184E+03 -0.15 5.7327E-10
3.1623E+03 -0.15 3.8182E-10
3.5481E+03 -0.15 2.5612E-10
3.9811E+03 -0.15 1.7153E-10
4.4668E+03 -0.15 1.1414E-10
5.0119E+03 -0.15 7.6162E-11
5.6234E+03 -0.15 5.0112E-11
6.3096E+03 -0.15 3.3168E-11
7.0795E+03 -0.15 2.2006E-11
7.9433E+03 -0.15 1.4425E-11
8.9125E+03 -0.15 9.4844E-12
1.0000E+04 -0.15 6.2958E-12
1.0000E-01 -0.25 4.3950E+03
1.1220E-01 -0.25 3.8268E+03
1.2589E-01 -0.25 3.2925E+03
1.4125E-01 -0.25 2.8131E+03
1.5849E-01 -0.25 2.3788E+03
1.7783E-01 -0.25 1.9989E+03
1.9953E-01 -0.25 1.6733E+03
2.2387E-01 -0.25 1.3917E+03
2.5119E-01 -0.25 1.1484E+03
2.8184E-01 -0.25 9.3641E+02
3.1623E-01 -0.25 7.5817E+02
3.5481E-01 -0.25 6.1230E+02
3.9811E-01 -0.25 4.9081E+02
4.4668E-01 -0.25 3.9120E+02
5.0119E-01 -0.25 3.1153E+02
5.6234E-01 -0.25 2.4607E+02
6.3096E-01 -0.25 1.9347E+02
7.0795E-01 -0.25 1.5170E+02
7.9433E-01 -0.25 1.1873E+02
8.9125E-01 -0.25 9.2432E+01
1.0000E+00 -0.25 7.1348E+01
1.1220E+00 -0.25 5.5134E+01
1.2589E+00 -0.25 4.2494E+01
1.4125E+00 -0.25 3.2644E+01
1.5849E+00 -0.25 2.4802E+01
1.7783E+00 -0.25 1.8797E+01
1.9953E+00 -0.25 1.4211E+01
2.2387E+00 -0.25 1.0634E+01
2.5119E+00 -0.25 7.8892E+00
2.8184E+00 -0.25 5.8232E+00
3.1623E+00 -0.25 4.3113E+00
3.5481E+00 -0.25 3.1459E+00
3.9811E+00 -0.25 2.2812E+00
4.4668E+00 -0.25 1.6435E+00
5.0119E+00 -0.25 1.1814E+00
5.6234E+00 -0.25 8.4490E-01
6.3096E+00 -0.25 5.9574E-01
7.0795E+00 -0.25 4.1544E-01
7.9433E+00 -0.25 2.9143E-01
8.9125E+00 -0.25 2.0358E-01
1.0000E+01 -0.25 1.4078E-01
1.1220E+01 -0.25 9.6852E-02
1.2589E+01 -0.25 6.6433E-02
1.4125E+01 -0.25 4.5244E-02
1.5849E+01 -0.25 3.0795E-02
1.7783E+01 -0.25 2.1023E-02
1.9953E+01 -0.25 1.4241E-02
2.2387E+01 -0.25 9.5906E-03
2.5119E+01 -0.25 6.4472E-03
2.8184E+01 -0.25 4.3321E-03
3.1623E+01 -0.25 2.9156E-03
3.5481E+01 -0.25 1.9547E-03
3.9811E+01 -0.25 1.3079E-03
4.4668E+01 -0.25 8.7366E-04
5.0119E+01 -0.25 5.8171E-04
5.6234E+01 -0.25 3.8651E-04
6.3096E+01 -0.25 2.5690E-04
7.0795E+01 -0.25 1.7059E-04
7.9433E+01 -0.25 1.1338E-04
8.9125E+01 -0.25 7.5333E-05
1.0000E+02 -0.25 4.9877E-05
1.1220E+02 -0.25 3.3041E-05
1.2589E+02 -0.25 2.1921E-05
1.4125E+02 -0.25 1.4545E-05
1.5849E+02 -0.25 9.6541E-06
1.7783E+02 -0.25 6.4063E-06
1.9953E+02 -0.25 4.2287E-06
2.2387E+02 -0.25 2.8251E-06
2.5119E+02 -0.25 1.8897E-06
2.8184E+02 -0.25 1.2514E-06
3.1623E+02 -0.25 8.2528E-07
3.5481E+02 -0.25 5.5184E-07
3.9811E+02 -0.25 3.6908E-07
4.4668E+02 -0.25 2.4668E-07
5.0119E+02 -0.25 1.6493E-07
5.6234E+02 -0.25 1.1139E-07
6.3096E+02 -0.25 7.4777E-08
7.0795E+02 -0.25 5.0206E-08
7.9433E+02 -0.25 3.3506E-08
8.9125E+02 -0.25 2.2522E-08
1.0000E+03 -0.25 1.5232E-08
1.1220E+03 -0.25 1.0177E-08
1.2589E+03 -0.25 6.8406E-09
1.4125E+03 -0.25 4.5900E-09
1.5849E+03 -0.25 3.0503E-09
1.7783E+03 -0.25 2.0340E-09
1.9953E+03 -0.25 1.3828E-09
2.2387E+03 -0.25 9.2957E-10
2.5119E+03 -0.25 6.2231E-10
2.8184E+03 -0.25 4.1629E-10
3.1623E+03 -0.25 2.7399E-10
3.5481E+03 -0.25 1.8194E-10
3.9811E+03 -0.25 1.2102E-10
4.4668E+03 -0.25 8.0337E-11
5.0119E+03 -0.25 5.3072E-11
5.6234E+03 -0.25 3.5111E-11
6.3096E+03 -0.25 2.3337E-11
7.0795E+03 -0.25 1.5381E-11
7.9433E+03 -0.25 1.0213E-11
8.9125E+03 -0.25 6.7138E-12
1.0000E+04 -0.25 4.3856E-12
1.0000E-01 -0.35 3.7118E+03
1.1220E-01 -0.35 3.2510E+03
1.2589E-01 -0.35 2.8232E+03
1.4125E-01 -0.35 2.4355E+03
1.5849E-01 -0.35 2.0818E+03
1.7783E-01 -0.35 1.7679E+03
1.9953E-01 -0.35 1.4924E+03
2.2387E-01 -0.35 1.2525E+03
2.5119E-01 -0.35 1.0432E+03
2.8184E-01 -0.35 8.5876E+02
3.1623E-01 -0.35 7.0303E+02
3.5481E-01 -0.35 5.7147E+02
3.9811E-01 -0.35 4.5934E+02
4.4668E-01 -0.35 3.6801E+02
5.0119E-01 -0.35 2.9403E+02
5.6234E-01 -0.35 2.3366E+02
6.3096E-01 -0.35 1.8457E+02
7.0795E-01 -0.35 1.4446E+02
7.9433E-01 -0.35 1.1284E+02
8.9125E-01 -0.35 8.7807E+01
1.0000E+00 -0.35 6.8007E+01
1.1220E+00 -0.35 5.2205E+01
1.2589E+00 -0.35 4.0030E+01
1.4125E+00 -0.35 3.0556E+01
1.5849E+00 -0.35 2.3090E+01
1.7783E+00 -0.35 1.7349E+01
1.9953E+00 -0.35 1.2966E+01
2.2387E+00 -0.35 9.6386E+00
2.5119E+00 -0.35 7.1308E+00
2.8184E+00 -0.35 5.2356E+00
3.1623E+00 -0.35 3.8001E+00
3.5481E+00 -0.35 2.7502E+00
3.9811E+00 -0.35 1.9640E+00
4.4668E+00 -0.35 1.3987E+00
5.0119E+00 -0.35 9.9557E-01
5.6234E+00 -0.35 7.0167E-01
6.3096E+00 -0.35 4.8779E-01
7.0795E+00 -0.35 3.3783E-01
7.9433E+00 -0.35 2.3325E-01
8.9125E+00 -0.35 1.6139E-01
1.0000E+01 -0.35 1.1118E-01
1.1220E+01 -0.35 7.5631E-02
1.2589E+01 -0.35 5.1432E-02
1.4125E+01 -0.35 3.4698E-02
1.5849E+01 -0.35 2.3408E-02
1.7783E+01 -0.35 1.5843E-02
1.9953E+01 -0.35 1.0562E-02
2.2387E+01 -0.35 7.1065E-03
2.5119E+01 -0.35 4.7682E-03
2.8184E+01 -0.35 3.1640E-03
3.1623E+01 -0.35 2.1235E-03
3.5481E+01 -0.35 1.4161E-03
3.9811E+01 -0.35 9.4246E-04
4.4668E+01 -0.35 6.2611E-04
5.0119E+01 -0.35 4.1542E-04
5.6234E+01 -0.35 2.7576E-04
6.3096E+01 -0.35 1.8366E-04
7.0795E+01 -0.35 1.2217E-04
7.9433E+01 -0.35 8.0693E-05
8.9125E+01 -0.35 5.3505E-05
1.0000E+02 -0.35 3.5568E-05
1.1220E+02 -0.35 2.3674E-05
1.2589E+02 -0.35 1.5729E-05
1.4125E+02 -0.35 1.0425E-05
1.5849E+02 -0.35 6.9544E-06
1.7783E+02 -0.35 4.6575E-06
1.9953E+02 -0.35 3.0868E-06
2.2387E+02 -0.35 2.0663E-06
2.5119E+02 -0.35 1.3894E-06
2.8184E+02 -0.35 9.2937E-07
3.1623E+02 -0.35 6.2334E-07
3.5481E+02 -0.35 4.1794E-07
3.9811E+02 -0.35 2.8035E-07
4.4668E+02 -0.35 1.8776E-07
5.0119E+02 -0.35 1.2642E-07
5.6234E+02 -0.35 8.5426E-08
6.3096E+02 -0.35 5.7261E-08
7.0795E+02 -0.35 3.8592E-08
7.9433E+02 -0.35 2.5968E-08
8.9125E+02 -0.35 1.7422E-08
1.0000E+03 -0.35 1.1713E-08
1.1220E+03 -0.35 7.8814E-09
1.2589E+03 -0.35 5.2768E-09
1.4125E+03 -0.35 3.5703E-09
1.5849E+03 -0.35 2.3841E-09
1.7783E+03 -0.35 1.5819E-09
1.9953E+03 -0.35 1.0765E-09
2.2387E+03 -0.35 7.2088E-10
2.5119E+03 -0.35 4.6864E-10
2.8184E+03 -0.35 3.0974E-10
3.1623E+03 -0.35 2.0974E-10
3.5481E+03 -0.35 1.3986E-10
3.9811E+03 -0.35 9.3632E-11
4.4668E+03 -0.35 6.2023E-11
5.0119E+03 -0.35 4.0718E-11
5.6234E+03 -0.35 2.6636E-11
6.3096E+03 -0.35 1.7924E-11
7.0795E+03 -0.35 1.1702E-11
7.9433E+03 -0.35 7.5762E-12
8.9125E+03 -0.35 4.9662E-12
1.0000E+04 -0.35 3.2678E-12
1.0000E-01 -0.45 3.3430E+03
1.1220E-01 -0.45 2.9633E+03
1.2589E-01 -0.45 2.5977E+03
1.4125E-01 -0.45 2.2543E+03
1.5849E-01 -0.45 1.9493E+03
1.7783E-01 -0.45 1.6658E+03
1.9953E-01 -0.45 1.4149E+03
2.2387E-01 -0.45 1.1975E+03
2.5119E-01 -0.45 1.0048E+03
2.8184E-01 -0.45 8.3363E+02
3.1623E-01 -0.45 6.8587E+02
3.5481E-01 -0.45 5.6060E+02
3.9811E-01 -0.45 4.5281E+02
4.4668E-01 -0.45 3.6387E+02
5.0119E-01 -0.45 2.9158E+02
5.6234E-01 -0.45 2.3234E+02
6.3096E-01 -0.45 1.8329E+02
7.0795E-01 -0.45 1.4343E+02
7.9433E-01 -0.45 1.1143E+02
8.9125E-01 -0.45 8.6213E+01
1.0000E+00 -0.45 6.6612E+01
1.1220E+00 -0.45 5.0918E+01
1.2589E+00 -0.45 3.8720E+01
1.4125E+00 -0.45 2.9255E+01
1.5849E+00 -0.45 2.2001E+01
1.7783E+00 -0.45 1.6400E+01
1.9953E+00 -0.45 1.2174E+01
2.2387E+00 -0.45 8.9633E+00
2.5119E+00 -0.45 6.5518E+00
2.8184E+00 -0.45 4.7618E+00
3.1623E+00 -0.45 3.4097E+00
3.5481E+00 -0.45 2.4391E+00
3.9811E+00 -0.45 1.7321E+00
4.4668E+00 -0.45 1.2200E+00
5.0119E+00 -0.45 8.5729E-01
5.6234E+00 -0.45 5.9694E-01
6.3096E+00 -0.45 4.1379E-01
7.0795E+00 -0.45 2.8434E-01
7.9433E+00 -0.45 1.9481E-01
8.9125E+00 -0.45 1.3483E-01
1.0000E+01 -0.45 9.0788E-02
1.1220E+01 -0.45 6.1459E-02
1.2589E+01 -0.45 4.1379E-02
1.4125E+01 -0.45 2.7672E-02
1.5849E+01 -0.45 1.8493E-02
1.7783E+01 -0.45 1.2440E-02
1.9953E+01 -0.45 8.3440E-03
2.2387E+01 -0.45 5.5130E-03
2.5119E+01 -0.45 3.6494E-03
2.8184E+01 -0.45 2.4271E-03
3.1623E+01 -0.45 1.6477E-03
3.5481E+01 -0.45 1.0944E-03
3.9811E+01 -0.45 7.2654E-04
4.4668E+01 -0.45 4.8360E-04
5.0119E+01 -0.45 3.2064E-04
5.6234E+01 -0.45 2.1348E-04
6.3096E+01 -0.45 1.4197E-04
7.0795E+01 -0.45 9.3920E-05
7.9433E+01 -0.45 6.2713E-05
8.9125E+01 -0.45 4.1685E-05
1.0000E+02 -0.45 2.7724E-05
1.1220E+02 -0.45 1.8496E-05
1.2589E+02 -0.45 1.2366E-05
1.4125E+02 -0.45 8.2800E-06
1.5849E+02 -0.45 5.5202E-06
1.7783E+02 -0.45 3.6773E-06
1.9953E+02 -0.45 2.4725E-06
2.2387E+02 -0.45 1.6624E-06
2.5119E+02 -0.45 1.1204E-06
2.8184E+02 -0.45 7.5620E-07
3.1623E+02 -0.45 5.0774E-07
3.5481E+02 -0.45 3.4023E-07
3.9811E+02 -0.45 2.2921E-07
4.4668E+02 -0.45 1.5481E-07
5.0119E+02 -0.45 1.0435E-07
5.6234E+02 -0.45 7.0029E-08
6.3096E+02 -0.45 4.7296E-08
7.0795E+02 -0.45 3.1867E-08
7.9433E+02 -0.45 2.1546E-08
8.9125E+02 -0.45 1.4531E-08
1.0000E+03 -0.45 9.7465E-09
1.1220E+03 -0.45 6.5265E-09
1.2589E+03 -0.45 4.3531E-09
1.4125E+03 -0.45 2.9359E-09
1.5849E+03 -0.45 1.9616E-09
1.7783E+03 -0.45 1.3096E-09
1.9953E+03 -0.45 8.7246E-10
2.2387E+03 -0.45 5.8028E-10
2.5119E+03 -0.45 3.8039E-10
2.8184E+03 -0.45 2.5533E-10
3.1623E+03 -0.45 1.7101E-10
3.5481E+03 -0.45 1.1373E-10
3.9811E+03 -0.45 7.5808E-11
4.4668E+03 -0.45 4.9665E-11
5.0119E+03 -0.45 3.2435E-11
5.6234E+03 -0.45 2.1217E-11
6.3096E+03 -0.45 1.4212E-11
7.0795E+03 -0.45 9.3942E-12
7.9433E+03 -0.45 6.0359E-12
8.9125E+03 -0.45 3.8981E-12
1.0000E+04 -0.45 2.5545E-12
1.0000E-01 -0.55 3.3518E+03
1.1220E-01 -0.55 2.9858E+03
1.2589E-01 -0.55 2.6353E+03
1.4125E-01 -0.55 2.3063E+03
1.5849E-01 -0.55 2.0063E+03
1.7783E-01 -0.55 1.7303E+03
1.9953E-01 -0.55 1.4810E+03
2.2387E-01 -0.55 1.2571E+03
2.5119E-01 -0.55 1.0557E+03
2.8184E-01 -0.55 8.7678E+02
3.1623E-01 -0.55 7.2094E+02
3.5481E-01 -0.55 5.8928E+02
3.9811E-01 -0.55 4.7725E+02
4.4668E-01 -0.55 3.8410E+02
5.0119E-01 -0.55 3.0627E+02
5.6234E-01 -0.55 2.4261E+02
6.3096E-01 -0.55 1.9053E+02
7.0795E-01 -0.55 1.4782E+02
7.9433E-01 -0.55 1.1460E+02
8.9125E-01 -0.55 8.8412E+01
1.0000E+00 -0.55 6.7243E+01
1.1220E+00 -0.55 5.0879E+01
1.2589E+00 -0.55 3.8345E+01
1.4125E+00 -0.55 2.8711E+01
1.5849E+00 -0.55 2.1340E+01
1.7783E+00 -0.55 1.5708E+01
1.9953E+00 -0.55 1.1537E+01
2.2387E+00 -0.55 8.4020E+00
2.5119E+00 -0.55 6.0689E+00
2.8184E+00 -0.55 4.3611E+00
3.1623E+00 -0.55 3.0924E+00
3.5481E+00 -0.55 2.1874E+00
3.9811E+00 -0.55 1.5403E+00
4.4668E+00 -0.55 1.0757E+00
5.0119E+00 -0.55 7.4615E-01
5.6234E+00 -0.55 5.1567E-01
6.3096E+00 -0.55 3.5434E-01
7.0795E+00 -0.55 2.4291E-01
7.9433E+00 -0.55 1.6610E-01
8.9125E+00 -0.55 1.1286E-01
1.0000E+01 -0.55 7.5739E-02
1.1220E+01 -0.55 5.1133E-02
1.2589E+01 -0.55 3.4276E-02
1.4125E+01 -0.55 2.2946E-02
1.5849E+01 -0.55 1.5427E-02
1.7783E+01 -0.55 1.0350E-02
1.9953E+01 -0.55 6.8720E-03
2.2387E+01 -0.55 4.5631E-03
2.5119E+01 -0.55 3.0474E-03
2.8184E+01 -0.55 2.0290E-03
3.1623E+01 -0.55 1.3404E-03
3.5481E+01 -0.55 8.9146E-04
3.9811E+01 -0.55 5.9326E-04
4.4668E+01 -0.55 3.9209E-04
5.0119E+01 -0.55 2.6111E-04
5.6234E+01 -0.55 1.7424E-04
6.3096E+01 -0.55 1.1594E-04
7.0795E+01 -0.55 7.7164E-05
7.9433E+01 -0.55 5.1072E-05
8.9125E+01 -0.55 3.4283E-05
1.0000E+02 -0.55 2.2935E-05
1.1220E+02 -0.55 1.5355E-05
1.2589E+02 -0.55 1.0283E-05
1.4125E+02 -0.55 6.8969E-06
1.5849E+02 -0.55 4.6506E-06
1.7783E+02 -0.55 3.1338E-06
1.9953E+02 -0.55 2.0981E-06
2.2387E+02 -0.55 1.4159E-06
2.5119E+02 -0.55 9.5417E-07
2.8184E+02 -0.55 6.3904E-07
3.1623E+02 -0.55 4.3075E-07
3.5481E+02 -0.55 2.9129E-07
3.9811E+02 -0.55 1.9754E-07
4.4668E+02 -0.55 1.3314E-07
5.0119E+02 -0.55 8.9450E-08
5.6234E+02 -0.55 6.0034E-08
6.3096E+02 -0.55 4.0524E-08
7.0795E+02 -0.55 2.7387E-08
7.9433E+02 -0.55 1.8551E-08
8.9125E+02 -0.55 1.2469E-08
1.0000E+03 -0.55 8.3260E-09
1.1220E+03 -0.55 5.5855E-09
1.2589E+03 -0.55 3.7340E-09
1.4125E+03 -0.55 2.5020E-09
1.5849E+03 -0.55 1.6713E-09
1.7783E+03 -0.55 1.1095E-09
1.9953E+03 -0.55 7.4345E-10
2.2387E+03 -0.55 4.9869E-10
2.5119E+03 -0.55 3.2997E-10
2.8184E+03 -0.55 2.1352E-10
3.1623E+03 -0.55 1.4139E-10
3.5481E+03 -0.55 9.2681E-11
3.9811E+03 -0.55 6.2135E-11
4.4668E+03 -0.55 4.0888E-11
5.0119E+03 -0.55 2.6530E-11
5.6234E+03 -0.55 1.7643E-11
6.3096E+03 -0.55 1.1616E-11
7.0795E+03 -0.55 7.6975E-12
7.9433E+03 -0.55 5.0085E-12
8.9125E+03 -0.55 3.2605E-12
1.0000E+04 -0.55 2.1973E-12
1.0000E-01 -0.65 3.5392E+03
1.1220E-01 -0.65 3.1673E+03
1.2589E-01 -0.65 2.8092E+03
1.4125E-01 -0.65 2.4667E+03
1.5849E-01 -0.65 2.1463E+03
1.7783E-01 -0.65 1.8553E+03
1.9953E-01 -0.65 1.5878E+03
2.2387E-01 -0.65 1.3420E+03
2.5119E-01 -0.65 1.1264E+03
2.8184E-01 -0.65 9.3662E+02
3.1623E-01 -0.65 7.6897E+02
3.5481E-01 -0.65 6.2606E+02
3.9811E-01 -0.65 5.0451E+02
4.4668E-01 -0.65 4.0187E+02
5.0119E-01 -0.65 3.1829E+02
5.6234E-01 -0.65 2.5054E+02
6.3096E-01 -0.65 1.9502E+02
7.0795E-01 -0.65 1.5103E+02
7.9433E-01 -0.65 1.1593E+02
8.9125E-01 -0.65 8.7991E+01
1.0000E+00 -0.65 6.6160E+01
1.1220E+00 -0.65 4.9740E+01
1.2589E+00 -0.65 3.7177E+01
1.4125E+00 -0.65 2.7493E+01
1.5849E+00 -0.65 2.0262E+01
1.7783E+00 -0.65 1.4847E+01
1.9953E+00 -0.65 1.0788E+01
2.2387E+00 -0.65 7.8174E+00
2.5119E+00 -0.65 5.6036E+00
2.8184E+00 -0.65 3.9541E+00
3.1623E+00 -0.65 2.8038E+00
3.5481E+00 -0.65 1.9742E+00
3.9811E+00 -0.65 1.3769E+00
4.4668E+00 -0.65 9.5074E-01
5.0119E+00 -0.65 6.5928E-01
5.6234E+00 -0.65 4.5686E-01
6.3096E+00 -0.65 3.1093E-01
7.0795E+00 -0.65 2.1176E-01
7.9433E+00 -0.65 1.4444E-01
8.9125E+00 -0.65 9.7144E-02
1.0000E+01 -0.65 6.5056E-02
1.1220E+01 -0.65 4.3701E-02
1.2589E+01 -0.65 2.9298E-02
1.4125E+01 -0.65 1.9526E-02
1.5849E+01 -0.65 1.2993E-02
1.7783E+01 -0.65 8.6070E-03
1.9953E+01 -0.65 5.6753E-03
2.2387E+01 -0.65 3.7714E-03
2.5119E+01 -0.65 2.5327E-03
2.8184E+01 -0.65 1.7031E-03
3.1623E+01 -0.65 1.1276E-03
3.5481E+01 -0.65 7.4876E-04
3.9811E+01 -0.65 4.9800E-04
4.4668E+01 -0.65 3.3166E-04
5.0119E+01 -0.65 2.2109E-04
5.6234E+01 -0.65 1.4720E-04
6.3096E+01 -0.65 9.8325E-05
7.0795E+01 -0.65 6.5436E-05
7.9433E+01 -0.65 4.3626E-05
8.9125E+01 -0.65 2.9234E-05
1.0000E+02 -0.65 1.9735E-05
1.1220E+02 -0.65 1.3213E-05
1.2589E+02 -0.65 8.8498E-06
1.4125E+02 -0.65 5.9639E-06
1.5849E+02 -0.65 4.0175E-06
1.7783E+02 -0.65 2.7219E-06
1.9953E+02 -0.65 1.8360E-06
2.2387E+02 -0.65 1.2285E-06
2.5119E+02 -0.65 8.3096E-07
2.8184E+02 -0.65 5.6662E-07
3.1623E+02 -0.65 3.8113E-07
3.5481E+02 -0.65 2.5721E-07
3.9811E+02 -0.65 1.7371E-07
4.4668E+02 -0.65 1.1757E-07
5.0119E+02 -0.65 7.9074E-08
5.6234E+02 -0.65 5.3630E-08
6.3096E+02 -0.65 3.6047E-08
7.0795E+02 -0.65 2.4188E-08
7.9433E+02 -0.65 1.6348E-08
8.9125E+02 -0.65 1.1002E-08
1.0000E+03 -0.65 7.4064E-09
1.1220E+03 -0.65 4.9573E-09
1.2589E+03 -0.65 3.2955E-09
1.4125E+03 -0.65 2.1788E-09
1.5849E+03 -0.65 1.4425E-09
1.7783E+03 -0.65 9.5988E-10
1.9953E+03 -0.65 6.4676E-10
2.2387E+03 -0.65 4.3213E-10
2.5119E+03 -0.65 2.8576E-10
2.8184E+03 -0.65 1.9021E-10
3.1623E+03 -0.65 1.2502E-10
3.5481E+03 -0.65 8.0898E-11
3.9811E+03 -0.65 5.3305E-11
4.4668E+03 -0.65 3.4834E-11
5.0119E+03 -0.65 2.2858E-11
5.6234E+03 -0.65 1.5343E-11
6.3096E+03 -0.65 1.0042E-11
7.0795E+03 -0.65 6.6544E-12
7.9433E+03 -0.65 4.3311E-12
8.9125E+03 -0.65 2.7832E-12
1.0000E+04 -0.65 1.8550E-12
1.0000E-01 -0.75 3.3989E+03
1.1220E-01 -0.75 3.0599E+03
1.2589E-01 -0.75 2.7219E+03
1.4125E-01 -0.75 2.3953E+03
1.5849E-01 -0.75 2.0917E+03
1.7783E-01 -0.75 1.8097E+03
1.9953E-01 -0.75 1.5528E+03
2.2387E-01 -0.75 1.3178E+03
2.5119E-01 -0.75 1.1051E+03
2.8184E-01 -0.75 9.1729E+02
3.1623E-01 -0.75 7.5337E+02
3.5481E-01 -0.75 6.1251E+02
3.9811E-01 -0.75 4.9261E+02
4.4668E-01 -0.75 3.9305E+02
5.0119E-01 -0.75 3.1060E+02
5.6234E-01 -0.75 2.4281E+02
6.3096E-01 -0.75 1.8814E+02
7.0795E-01 -0.75 1.4478E+02
7.9433E-01 -0.75 1.1038E+02
8.9125E-01 -0.75 8.3603E+01
1.0000E+00 -0.75 6.3068E+01
1.1220E+00 -0.75 4.7088E+01
1.2589E+00 -0.75 3.5041E+01
1.4125E+00 -0.75 2.5893E+01
1.5849E+00 -0.75 1.8933E+01
1.7783E+00 -0.75 1.3773E+01
1.9953E+00 -0.75 9.9750E+00
2.2387E+00 -0.75 7.1760E+00
2.5119E+00 -0.75 5.1030E+00
2.8184E+00 -0.75 3.6106E+00
3.1623E+00 -0.75 2.5497E+00
3.5481E+00 -0.75 1.7787E+00
3.9811E+00 -0.75 1.2349E+00
4.4668E+00 -0.75 8.5356E-01
5.0119E+00 -0.75 5.8678E-01
5.6234E+00 -0.75 4.0132E-01
6.3096E+00 -0.75 2.7294E-01
7.0795E+00 -0.75 1.8521E-01
7.9433E+00 -0.75 1.2511E-01
8.9125E+00 -0.75 8.4254E-02
1.0000E+01 -0.75 5.6592E-02
1.1220E+01 -0.75 3.7977E-02
1.2589E+01 -0.75 2.5294E-02
1.4125E+01 -0.75 1.6872E-02
1.5849E+01 -0.75 1.1278E-02
1.7783E+01 -0.75 7.4968E-03
1.9953E+01 -0.75 4.9513E-03
2.2387E+01 -0.75 3.2976E-03
2.5119E+01 -0.75 2.2135E-03
2.8184E+01 -0.75 1.4610E-03
3.1623E+01 -0.75 9.6994E-04
3.5481E+01 -0.75 6.4408E-04
3.9811E+01 -0.75 4.2970E-04
4.4668E+01 -0.75 2.8662E-04
5.0119E+01 -0.75 1.9077E-04
5.6234E+01 -0.75 1.2773E-04
6.3096E+01 -0.75 8.5776E-05
7.0795E+01 -0.75 5.7290E-05
7.9433E+01 -0.75 3.8580E-05
8.9125E+01 -0.75 2.5878E-05
1.0000E+02 -0.75 1.7369E-05
1.1220E+02 -0.75 1.1702E-05
1.2589E+02 -0.75 7.8605E-06
1.4125E+02 -0.75 5.3132E-06
1.5849E+02 -0.75 3.5948E-06
1.7783E+02 -0.75 2.4394E-06
1.9953E+02 -0.75 1.6374E-06
2.2387E+02 -0.75 1.1006E-06
2.5119E+02 -0.75 7.4728E-07
2.8184E+02 -0.75 5.0573E-07
3.1623E+02 -0.75 3.4302E-07
3.5481E+02 -0.75 2.3247E-07
3.9811E+02 -0.75 1.5655E-07
4.4668E+02 -0.75 1.0535E-07
5.0119E+02 -0.75 7.1035E-08
5.6234E+02 -0.75 4.7830E-08
6.3096E+02 -0.75 3.1949E-08
7.0795E+02 -0.75 2.1502E-08
7.9433E+02 -0.75 1.4631E-08
8.9125E+02 -0.75 9.8559E-09
1.0000E+03 -0.75 6.5469E-09
1.1220E+03 -0.75 4.3895E-09
1.2589E+03 -0.75 2.9327E-09
1.4125E+03 -0.75 1.9201E-09
1.5849E+03 -0.75 1.2727E-09
1.7783E+03 -0.75 8.4302E-10
1.9953E+03 -0.75 5.6785E-10
2.2387E+03 -0.75 3.7903E-10
2.5119E+03 -0.75 2.4843E-10
2.8184E+03 -0.75 1.6232E-10
3.1623E+03 -0.75 1.0938E-10
3.5481E+03 -0.75 7.1424E-11
3.9811E+03 -0.75 4.6803E-11
4.4668E+03 -0.75 3.1111E-11
5.0119E+03 -0.75 2.0472E-11
5.6234E+03 -0.75 1.3297E-11
6.3096E+03 -0.75 8.9061E-12
7.0795E+03 -0.75 5.7757E-12
7.9433E+03 -0.75 3.7805E-12
8.9125E+03 -0.75 2.4609E-12
1.0000E+04 -0.75 1.5894E-12
1.0000E-01 -0.85 3.0322E+03
1.1220E-01 -0.85 2.7354E+03
1.2589E-01 -0.85 2.4424E+03
1.4125E-01 -0.85 2.1604E+03
1.5849E-01 -0.85 1.8932E+03
1.7783E-01 -0.85 1.6419E+03
1.9953E-01 -0.85 1.4116E+03
2.2387E-01 -0.85 1.2020E+03
2.5119E-01 -0.85 1.0084E+03
2.8184E-01 -0.85 8.3679E+02
3.1623E-01 -0.85 6.8849E+02
3.5481E-01 -0.85 5.5965E+02
3.9811E-01 -0.85 4.5147E+02
4.4668E-01 -0.85 3.6088E+02
5.0119E-01 -0.85 2.8499E+02
5.6234E-01 -0.85 2.2240E+02
6.3096E-01 -0.85 1.7240E+02
7.0795E-01 -0.85 1.3279E+02
7.9433E-01 -0.85 1.0147E+02
8.9125E-01 -0.85 7.7014E+01
1.0000E+00 -0.85 5.7909E+01
1.1220E+00 -0.85 4.3328E+01
1.2589E+00 -0.85 3.2184E+01
1.4125E+00 -0.85 2.3684E+01
1.5849E+00 -0.85 1.7363E+01
1.7783E+00 -0.85 1.2640E+01
1.9953E+00 -0.85 9.1230E+00
2.2387E+00 -0.85 6.5253E+00
2.5119E+00 -0.85 4.6398E+00
2.8184E+00 -0.85 3.2779E+00
3.1623E+00 -0.85 2.3092E+00
3.5481E+00 -0.85 1.6077E+00
3.9811E+00 -0.85 1.1115E+00
4.4668E+00 -0.85 7.6803E-01
5.0119E+00 -0.85 5.2558E-01
5.6234E+00 -0.85 3.5775E-01
6.3096E+00 -0.85 2.4332E-01
7.0795E+00 -0.85 1.6420E-01
7.9433E+00 -0.85 1.1105E-01
8.9125E+00 -0.85 7.3986E-02
1.0000E+01 -0.85 4.9596E-02
1.1220E+01 -0.85 3.3087E-02
1.2589E+01 -0.85 2.2118E-02
1.4125E+01 -0.85 1.4755E-02
1.5849E+01 -0.85 9.7870E-03
1.7783E+01 -0.85 6.5037E-03
1.9953E+01 -0.85 4.3181E-03
2.2387E+01 -0.85 2.8709E-03
2.5119E+01 -0.85 1.9042E-03
2.8184E+01 -0.85 1.2789E-03
3.1623E+01 -0.85 8.4612E-04
3.5481E+01 -0.85 5.6395E-04
3.9811E+01 -0.85 3.7546E-04
4.4668E+01 -0.85 2.5095E-04
5.0119E+01 -0.85 1.6874E-04
5.6234E+01 -0.85 1.1292E-04
6.3096E+01 -0.85 7.5570E-05
7.0795E+01 -0.85 5.0882E-05
7.9433E+01 -0.85 3.4447E-05
8.9125E+01 -0.85 2.3170E-05
1.0000E+02 -0.85 1.5457E-05
1.1220E+02 -0.85 1.0426E-05
1.2589E+02 -0.85 7.0709E-06
1.4125E+02 -0.85 4.7713E-06
1.5849E+02 -0.85 3.2247E-06
1.7783E+02 -0.85 2.1943E-06
1.9953E+02 -0.85 1.4844E-06
2.2387E+02 -0.85 1.0030E-06
2.5119E+02 -0.85 6.7781E-07
2.8184E+02 -0.85 4.5284E-07
3.1623E+02 -0.85 3.0848E-07
3.5481E+02 -0.85 2.1009E-07
3.9811E+02 -0.85 1.4291E-07
4.4668E+02 -0.85 9.5427E-08
5.0119E+02 -0.85 6.4106E-08
5.6234E+02 -0.85 4.3483E-08
6.3096E+02 -0.85 2.9074E-08
7.0795E+02 -0.85 1.9622E-08
7.9433E+02 -0.85 1.3178E-08
8.9125E+02 -0.85 8.7949E-09
1.0000E+03 -0.85 5.8254E-09
1.1220E+03 -0.85 3.9006E-09
1.2589E+03 -0.85 2.6345E-09
1.4125E+03 -0.85 1.7461E-09
1.5849E+03 -0.85 1.1517E-09
1.7783E+03 -0.85 7.7133E-10
1.9953E+03 -0.85 5.1214E-10
2.2387E+03 -0.85 3.4055E-10
2.5119E+03 -0.85 2.2257E-10
2.8184E+03 -0.85 1.4207E-10
3.1623E+03 -0.85 9.6556E-11
3.5481E+03 -0.85 6.3784E-11
3.9811E+03 -0.85 4.1989E-11
4.4668E+03 -0.85 2.7598E-11
5.0119E+03 -0.85 1.8362E-11
5.6234E+03 -0.85 1.2258E-11
6.3096E+03 -0.85 7.7999E-12
7.0795E+03 -0.85 5.0631E-12
7.9433E+03 -0.85 3.4480E-12
8.9125E+03 -0.85 2.2379E-12
1.0000E+04 -0.85 1.4118E-12
1.0000E-01 -0.95 2.9767E+03
1.1220E-01 -0.95 2.6923E+03
1.2589E-01 -0.95 2.4095E+03
1.4125E-01 -0.95 2.1378E+03
1.5849E-01 -0.95 1.8757E+03
1.7783E-01 -0.95 1.6298E+03
1.9953E-01 -0.95 1.4017E+03
2.2387E-01 -0.95 1.1903E+03
2.5119E-01 -0.95 9.9951E+02
2.8184E-01 -0.95 8.3049E+02
3.1623E-01 -0.95 6.8194E+02
3.5481E-01 -0.95 5.5374E+02
3.9811E-01 -0.95 4.4496E+02
4.4668E-01 -0.95 3.5377E+02
5.0119E-01 -0.95 2.7938E+02
5.6234E-01 -0.95 2.1828E+02
6.3096E-01 -0.95 1.6847E+02
7.0795E-01 -0.95 1.2907E+02
7.9433E-01 -0.95 9.8444E+01
8.9125E-01 -0.95 7.4377E+01
1.0000E+00 -0.95 5.5757E+01
1.1220E+00 -0.95 4.1502E+01
1.2589E+00 -0.95 3.0632E+01
1.4125E+00 -0.95 2.2479E+01
1.5849E+00 -0.95 1.6396E+01
1.7783E+00 -0.95 1.1874E+01
1.9953E+00 -0.95 8.5383E+00
2.2387E+00 -0.95 6.0796E+00
2.5119E+00 -0.95 4.3176E+00
2.8184E+00 -0.95 3.0312E+00
3.1623E+00 -0.95 2.1148E+00
3.5481E+00 -0.95 1.4727E+00
3.9811E+00 -0.95 1.0143E+00
4.4668E+00 -0.95 6.9424E-01
5.0119E+00 -0.95 4.7285E-01
5.6234E+00 -0.95 3.2108E-01
6.3096E+00 -0.95 2.1765E-01
7.0795E+00 -0.95 1.4701E-01
7.9433E+00 -0.95 9.8788E-02
8.9125E+00 -0.95 6.5985E-02
1.0000E+01 -0.95 4.4389E-02
1.1220E+01 -0.95 2.9588E-02
1.2589E+01 -0.95 1.9595E-02
1.4125E+01 -0.95 1.3088E-02
1.5849E+01 -0.95 8.6976E-03
1.7783E+01 -0.95 5.7600E-03
1.9953E+01 -0.95 3.8457E-03
2.2387E+01 -0.95 2.5589E-03
2.5119E+01 -0.95 1.6951E-03
2.8184E+01 -0.95 1.1201E-03
3.1623E+01 -0.95 7.5610E-04
3.5481E+01 -0.95 5.0497E-04
3.9811E+01 -0.95 3.3733E-04
4.4668E+01 -0.95 2.2655E-04
5.0119E+01 -0.95 1.5215E-04
5.6234E+01 -0.95 1.0185E-04
6.3096E+01 -0.95 6.8504E-05
7.0795E+01 -0.95 4.6221E-05
7.9433E+01 -0.95 3.1159E-05
8.9125E+01 -0.95 2.0950E-05
1.0000E+02 -0.95 1.4222E-05
1.1220E+02 -0.95 9.5977E-06
1.2589E+02 -0.95 6.4912E-06
1.4125E+02 -0.95 4.4063E-06
1.5849E+02 -0.95 2.9817E-06
1.7783E+02 -0.95 2.0262E-06
1.9953E+02 -0.95 1.3705E-06
2.2387E+02 -0.95 9.2674E-07
2.5119E+02 -0.95 6.3028E-07
2.8184E+02 -0.95 4.2766E-07
3.1623E+02 -0.95 2.8769E-07
3.5481E+02 -0.95 1.9335E-07
3.9811E+02 -0.95 1.3060E-07
4.4668E+02 -0.95 8.8255E-08
5.0119E+02 -0.95 5.9422E-08
5.6234E+02 -0.95 4.0075E-08
6.3096E+02 -0.95 2.6986E-08
7.0795E+02 -0.95 1.7901E-08
7.9433E+02 -0.95 1.1920E-08
8.9125E+02 -0.95 8.1158E-09
1.0000E+03 -0.95 5.3940E-09
1.1220E+03 -0.95 3.6037E-09
1.2589E+03 -0.95 2.3765E-09
1.4125E+03 -0.95 1.5792E-09
1.5849E+03 -0.95 1.0461E-09
1.7783E+03 -0.95 6.8876E-10
1.9953E+03 -0.95 4.5620E-10
2.2387E+03 -0.95 3.0655E-10
2.5119E+03 -0.95 1.9863E-10
2.8184E+03 -0.95 1.3160E-10
3.1623E+03 -0.95 8.8905E-11
3.5481E+03 -0.95 5.9058E-11
3.9811E+03 -0.95 3.8175E-11
4.4668E+03 -0.95 2.5222E-11
5.0119E+03 -0.95 1.6921E-11
5.6234E+03 -0.95 1.0682E-11
6.3096E+03 -0.95 7.1341E-12
7.0795E+03 -0.95 4.6571E-12
7.9433E+03 -0.95 3.0432E-12
8.9125E+03 -0.95 2.0097E-12
1.0000E+04 -0.95 1.2541E-12
