1.0000E-01 0.95 9.9284E+03
1.1220E-01 0.95 8.8976E+03
1.2589E-01 0.95 7.9093E+03
1.4125E-01 0.95 6.9625E+03
1.5849E-01 0.95 6.0459E+03
1.7783E-01 0.95 5.1703E+03
1.9953E-01 0.95 4.3623E+03
2.2387E-01 0.95 3.6272E+03
2.5119E-01 0.95 2.9726E+03
2.8184E-01 0.95 2.4069E+03
3.1623E-01 0.95 1.9269E+03
3.5481E-01 0.95 1.5275E+03
3.9811E-01 0.95 1.1968E+03
4.4668E-01 0.95 9.2743E+02
5.0119E-01 0.95 7.1312E+02
5.6234E-01 0.95 5.4449E+02
6.3096E-01 0.95 4.1215E+02
7.0795E-01 0.95 3.0985E+02
7.9433E-01 0.95 2.3239E+02
8.9125E-01 0.95 1.7322E+02
1.0000E+00 0.95 1.2855E+02
1.1220E+00 0.95 9.5192E+01
1.2589E+00 0.95 7.0262E+01
1.4125E+00 0.95 5.1730E+01
1.5849E+00 0.95 3.7908E+01
1.7783E+00 0.95 2.7631E+01
1.9953E+00 0.95 2.0103E+01
2.2387E+00 0.95 1.4560E+01
2.5119E+00 0.95 1.0505E+01
2.8184E+00 0.95 7.5613E+00
3.1623E+00 0.95 5.4515E+00
3.5481E+00 0.95 3.9135E+00
3.9811E+00 0.95 2.8015E+00
4.4668E+00 0.95 2.0038E+00
5.0119E+00 0.95 1.4341E+00
5.6234E+00 0.95 1.0260E+00
6.3096E+00 0.95 7.3135E-01
7.0795E+00 0.95 5.2060E-01
7.9433E+00 0.95 3.6997E-01
8.9125E+00 0.95 2.6271E-01
1.0000E+01 0.95 1.8620E-01
1.1220E+01 0.95 1.3229E-01
1.2589E+01 0.95 9.3896E-02
1.4125E+01 0.95 6.6459E-02
1.5849E+01 0.95 4.6992E-02
1.7783E+01 0.95 3.3284E-02
1.9953E+01 0.95 2.3617E-02
2.2387E+01 0.95 1.6766E-02
2.5119E+01 0.95 1.1801E-02
2.8184E+01 0.95 8.2671E-03
3.1623E+01 0.95 5.8551E-03
3.5481E+01 0.95 4.1147E-03
3.9811E+01 0.95 2.8932E-03
4.4668E+01 0.95 2.0345E-03
5.0119E+01 0.95 1.4271E-03
5.6234E+01 0.95 9.9780E-04
6.3096E+01 0.95 6.9810E-04
7.0795E+01 0.95 4.8764E-04
7.9433E+01 0.95 3.4112E-04
8.9125E+01 0.95 2.3807E-04
1.0000E+02 0.95 1.6541E-04
1.1220E+02 0.95 1.1490E-04
1.2589E+02 0.95 7.9889E-05
1.4125E+02 0.95 5.5477E-05
1.5849E+02 0.95 3.8435E-05
1.7783E+02 0.95 2.6626E-05
1.9953E+02 0.95 1.8453E-05
2.2387E+02 0.95 1.2753E-05
2.5119E+02 0.95 8.7909E-06
2.8184E+02 0.95 6.0642E-06
3.1623E+02 0.95 4.2052E-06
3.5481E+02 0.95 2.8836E-06
3.9811E+02 0.95 1.9839E-06
4.4668E+02 0.95 1.3588E-06
5.0119E+02 0.95 9.2850E-07
5.6234E+02 0.95 6.4088E-07
6.3096E+02 0.95 4.3531E-07
7.0795E+02 0.95 2.9661E-07
7.9433E+02 0.95 2.0164E-07
8.9125E+02 0.95 1.3653E-07
1.0000E+03 0.95 9.3048E-08
1.1220E+03 0.95 6.2330E-08
1.2589E+03 0.95 4.1999E-08
1.4125E+03 0.95 2.8208E-08
1.5849E+03 0.95 1.8881E-08
1.7783E+03 0.95 1.2641E-08
1.9953E+03 0.95 8.4688E-09
2.2387E+03 0.95 5.6494E-09
2.5119E+03 0.95 3.7436E-09
2.8184E+03 0.95 2.4846E-09
3.1623E+03 0.95 1.6894E-09
3.5481E+03 0.95 1.0926E-09
3.9811E+03 0.95 7.2169E-10
4.4668E+03 0.95 4.7777E-10
5.0119E+03 0.95 3.1398E-10
5.6234E+03 0.95 2.0554E-10
6.3096E+03 0.95 1.3554E-10
7.0795E+03 0.95 8.8690E-11
7.9433E+03 0.95 5.7884E-11
8.9125E+03 0.95 3.7902E-11
1.0000E+04 0.95 2.4609E-11
1.0000E-01 0.85 1.0229E+04
1.1220E-01 0.85 9.1356E+03
1.2589E-01 0.85 8.0922E+03
1.4125E-01 0.85 7.1016E+03
1.5849E-01 0.85 6.1571E+03
1.7783E-01 0.85 5.2621E+03
1.9953E-01 0.85 4.4331E+03
2.2387E-01 0.85 3.6844E+03
2.5119E-01 0.85 3.0205E+03
2.8184E-01 0.85 2.4484E+03
3.1623E-01 0.85 1.9636E+03
3.5481E-01 0.85 1.5571E+03
3.9811E-01 0.85 1.2231E+03
4.4668E-01 0.85 9.5111E+02
5.0119E-01 0.85 7.3369E+02
5.6234E-01 0.85 5.6059E+02
6.3096E-01 0.85 4.2446E+02
7.0795E-01 0.85 3.1926E+02
7.9433E-01 0.85 2.3944E+02
8.9125E-01 0.85 1.7923E+02
1.0000E+00 0.85 1.3345E+02
1.1220E+00 0.85 9.8824E+01
1.2589E+00 0.85 7.2995E+01
1.4125E+00 0.85 5.3845E+01
1.5849E+00 0.85 3.9511E+01
1.7783E+00 0.85 2.8808E+01
1.9953E+00 0.85 2.0975E+01
2.2387E+00 0.85 1.5231E+01
2.5119E+00 0.85 1.0972E+01
2.8184E+00 0.85 7.8942E+00
3.1623E+00 0.85 5.6840E+00
3.5481E+00 0.85 4.0760E+00
3.9811E+00 0.85 2.9198E+00
4.4668E+00 0.85 2.0886E+00
5.0119E+00 0.85 1.4940E+00
5.6234E+00 0.85 1.0671E+00
6.3096E+00 0.85 7.5926E-01
7.0795E+00 0.85 5.4046E-01
7.9433E+00 0.85 3.8493E-01
8.9125E+00 0.85 2.7406E-01
1.0000E+01 0.85 1.9394E-01
1.1220E+01 0.85 1.3736E-01
1.2589E+01 0.85 9.7061E-02
1.4125E+01 0.85 6.8818E-02
1.5849E+01 0.85 4.8845E-02
1.7783E+01 0.85 3.4620E-02
1.9953E+01 0.85 2.4545E-02
2.2387E+01 0.85 1.7368E-02
2.5119E+01 0.85 1.2221E-02
2.8184E+01 0.85 8.5671E-03
3.1623E+01 0.85 6.1141E-03
3.5481E+01 0.85 4.3078E-03
3.9811E+01 0.85 3.0298E-03
4.4668E+01 0.85 2.1306E-03
5.0119E+01 0.85 1.4967E-03
5.6234E+01 0.85 1.0479E-03
6.3096E+01 0.85 7.3312E-04
7.0795E+01 0.85 5.1216E-04
7.9433E+01 0.85 3.5751E-04
8.9125E+01 0.85 2.4909E-04
1.0000E+02 0.85 1.7449E-04
1.1220E+02 0.85 1.2138E-04
1.2589E+02 0.85 8.4289E-05
1.4125E+02 0.85 5.8537E-05
1.5849E+02 0.85 4.0631E-05
1.7783E+02 0.85 2.8198E-05
1.9953E+02 0.85 1.9552E-05
2.2387E+02 0.85 1.3494E-05
2.5119E+02 0.85 9.3209E-06
2.8184E+02 0.85 6.4684E-06
3.1623E+02 0.85 4.4803E-06
3.5481E+02 0.85 3.0754E-06
3.9811E+02 0.85 2.1158E-06
4.4668E+02 0.85 1.4541E-06
5.0119E+02 0.85 9.9629E-07
5.6234E+02 0.85 6.8595E-07
6.3096E+02 0.85 4.6679E-07
7.0795E+02 0.85 3.1862E-07
7.9433E+02 0.85 2.1649E-07
8.9125E+02 0.85 1.4705E-07
1.0000E+03 0.85 1.0073E-07
1.1220E+03 0.85 6.7669E-08
1.2589E+03 0.85 4.5541E-08
1.4125E+03 0.85 3.0613E-08
1.5849E+03 0.85 2.0523E-08
1.7783E+03 0.85 1.3732E-08
1.9953E+03 0.85 9.2167E-09
2.2387E+03 0.85 6.1618E-09
2.5119E+03 0.85 4.1061E-09
2.8184E+03 0.85 2.7170E-09
3.1623E+03 0.85 1.8550E-09
3.5481E+03 0.85 1.2005E-09
3.9811E+03 0.85 7.9320E-10
4.4668E+03 0.85 5.2369E-10
5.0119E+03 0.85 3.4444E-10
5.6234E+03 0.85 2.2640E-10
6.3096E+03 0.85 1.4910E-10
7.0795E+03 0.85 9.7592E-11
7.9433E+03 0.85 6.3857E-11
8.9125E+03 0.85 4.2020E-11
1.0000E+04 0.85 2.7482E-11
1.0000E-01 0.75 1.0621E+04
1.1220E-01 0.75 9.4394E+03
1.2589E-01 0.75 8.3207E+03
1.4125E-01 0.75 7.2673E+03
1.5849E-01 0.75 6.2862E+03
1.7783E-01 0.75 5.3618E+03
1.9953E-01 0.75 4.5086E+03
2.2387E-01 0.75 3.7462E+03
2.5119E-01 0.75 3.0755E+03
2.8184E-01 0.75 2.4962E+03
3.1623E-01 0.75 2.0031E+03
3.5481E-01 0.75 1.5895E+03
3.9811E-01 0.75 1.2490E+03
4.4668E-01 0.75 9.7405E+02
5.0119E-01 0.75 7.5168E+02
5.6234E-01 0.75 5.7514E+02
6.3096E-01 0.75 4.3780E+02
7.0795E-01 0.75 3.3029E+02
7.9433E-01 0.75 2.4783E+02
8.9125E-01 0.75 1.8548E+02
1.0000E+00 0.75 1.3841E+02
1.1220E+00 0.75 1.0287E+02
1.2589E+00 0.75 7.6215E+01
1.4125E+00 0.75 5.6148E+01
1.5849E+00 0.75 4.1199E+01
1.7783E+00 0.75 3.0100E+01
1.9953E+00 0.75 2.1922E+01
2.2387E+00 0.75 1.5930E+01
2.5119E+00 0.75 1.1520E+01
2.8184E+00 0.75 8.3044E+00
3.1623E+00 0.75 5.9644E+00
3.5481E+00 0.75 4.2827E+00
3.9811E+00 0.75 3.0683E+00
4.4668E+00 0.75 2.1921E+00
5.0119E+00 0.75 1.5679E+00
5.6234E+00 0.75 1.1201E+00
6.3096E+00 0.75 7.9621E-01
7.0795E+00 0.75 5.6740E-01
7.9433E+00 0.75 4.0317E-01
8.9125E+00 0.75 2.8581E-01
1.0000E+01 0.75 2.0307E-01
1.1220E+01 0.75 1.4433E-01
1.2589E+01 0.75 1.0240E-01
1.4125E+01 0.75 7.2407E-02
1.5849E+01 0.75 5.1262E-02
1.7783E+01 0.75 3.6423E-02
1.9953E+01 0.75 2.5784E-02
2.2387E+01 0.75 1.8257E-02
2.5119E+01 0.75 1.2930E-02
2.8184E+01 0.75 9.1384E-03
3.1623E+01 0.75 6.4155E-03
3.5481E+01 0.75 4.5235E-03
3.9811E+01 0.75 3.1841E-03
4.4668E+01 0.75 2.2412E-03
5.0119E+01 0.75 1.5760E-03
5.6234E+01 0.75 1.1073E-03
6.3096E+01 0.75 7.7630E-04
7.0795E+01 0.75 5.4347E-04
7.9433E+01 0.75 3.7987E-04
8.9125E+01 0.75 2.6502E-04
1.0000E+02 0.75 1.8497E-04
1.1220E+02 0.75 1.2864E-04
1.2589E+02 0.75 8.9626E-05
1.4125E+02 0.75 6.2388E-05
1.5849E+02 0.75 4.3363E-05
1.7783E+02 0.75 3.0064E-05
1.9953E+02 0.75 2.0828E-05
2.2387E+02 0.75 1.4430E-05
2.5119E+02 0.75 9.9966E-06
2.8184E+02 0.75 6.9155E-06
3.1623E+02 0.75 4.7805E-06
3.5481E+02 0.75 3.2860E-06
3.9811E+02 0.75 2.2667E-06
4.4668E+02 0.75 1.5615E-06
5.0119E+02 0.75 1.0715E-06
5.6234E+02 0.75 7.3889E-07
6.3096E+02 0.75 5.0462E-07
7.0795E+02 0.75 3.4480E-07
7.9433E+02 0.75 2.3511E-07
8.9125E+02 0.75 1.6023E-07
1.0000E+03 0.75 1.0928E-07
1.1220E+03 0.75 7.3469E-08
1.2589E+03 0.75 4.9687E-08
1.4125E+03 0.75 3.3540E-08
1.5849E+03 0.75 2.2572E-08
1.7783E+03 0.75 1.5133E-08
1.9953E+03 0.75 1.0223E-08
2.2387E+03 0.75 6.8491E-09
2.5119E+03 0.75 4.5590E-09
2.8184E+03 0.75 3.0369E-09
3.1623E+03 0.75 2.0551E-09
3.5481E+03 0.75 1.3365E-09
3.9811E+03 0.75 8.8642E-10
4.4668E+03 0.75 5.8589E-10
5.0119E+03 0.75 3.8577E-10
5.6234E+03 0.75 2.5467E-10
6.3096E+03 0.75 1.6686E-10
7.0795E+03 0.75 1.0920E-10
7.9433E+03 0.75 7.1589E-11
8.9125E+03 0.75 4.6949E-11
1.0000E+04 0.75 3.0698E-11
1.0000E-01 0.65 1.1154E+04
1.1220E-01 0.65 9.8528E+03
1.2589E-01 0.65 8.6451E+03
1.4125E-01 0.65 7.5122E+03
1.5849E-01 0.65 6.4623E+03
1.7783E-01 0.65 5.5016E+03
1.9953E-01 0.65 4.6194E+03
2.2387E-01 0.65 3.8268E+03
2.5119E-01 0.65 3.1391E+03
2.8184E-01 0.65 2.5465E+03
3.1623E-01 0.65 2.0431E+03
3.5481E-01 0.65 1.6225E+03
3.9811E-01 0.65 1.2745E+03
4.4668E-01 0.65 9.9432E+02
5.0119E-01 0.65 7.7080E+02
5.6234E-01 0.65 5.9164E+02
6.3096E-01 0.65 4.4992E+02
7.0795E-01 0.65 3.4036E+02
7.9433E-01 0.65 2.5649E+02
8.9125E-01 0.65 1.9233E+02
1.0000E+00 0.65 1.4405E+02
1.1220E+00 0.65 1.0737E+02
1.2589E+00 0.65 7.9676E+01
1.4125E+00 0.65 5.8738E+01
1.5849E+00 0.65 4.3214E+01
1.7783E+00 0.65 3.1690E+01
1.9953E+00 0.65 2.3092E+01
2.2387E+00 0.65 1.6808E+01
2.5119E+00 0.65 1.2093E+01
2.8184E+00 0.65 8.7095E+00
3.1623E+00 0.65 6.2807E+00
3.5481E+00 0.65 4.5096E+00
3.9811E+00 0.65 3.2378E+00
4.4668E+00 0.65 2.3170E+00
5.0119E+00 0.65 1.6531E+00
5.6234E+00 0.65 1.1757E+00
6.3096E+00 0.65 8.3903E-01
7.0795E+00 0.65 5.9627E-01
7.9433E+00 0.65 4.2268E-01
8.9125E+00 0.65 3.0057E-01
1.0000E+01 0.65 2.1327E-01
1.1220E+01 0.65 1.5116E-01
1.2589E+01 0.65 1.0690E-01
1.4125E+01 0.65 7.5781E-02
1.5849E+01 0.65 5.3830E-02
1.7783E+01 0.65 3.8238E-02
1.9953E+01 0.65 2.7043E-02
2.2387E+01 0.65 1.9120E-02
2.5119E+01 0.65 1.3480E-02
2.8184E+01 0.65 9.5604E-03
3.1623E+01 0.65 6.7761E-03
3.5481E+01 0.65 4.7781E-03
3.9811E+01 0.65 3.3692E-03
4.4668E+01 0.65 2.3729E-03
5.0119E+01 0.65 1.6682E-03
5.6234E+01 0.65 1.1712E-03
6.3096E+01 0.65 8.2254E-04
7.0795E+01 0.65 5.7643E-04
7.9433E+01 0.65 4.0327E-04
8.9125E+01 0.65 2.8183E-04
1.0000E+02 0.65 1.9717E-04
1.1220E+02 0.65 1.3762E-04
1.2589E+02 0.65 9.5852E-05
1.4125E+02 0.65 6.6666E-05
1.5849E+02 0.65 4.6403E-05
1.7783E+02 0.65 3.2207E-05
1.9953E+02 0.65 2.2309E-05
2.2387E+02 0.65 1.5477E-05
2.5119E+02 0.65 1.0751E-05
2.8184E+02 0.65 7.4435E-06
3.1623E+02 0.65 5.1463E-06
3.5481E+02 0.65 3.5446E-06
3.9811E+02 0.65 2.4466E-06
4.4668E+02 0.65 1.6861E-06
5.0119E+02 0.65 1.1596E-06
5.6234E+02 0.65 8.0250E-07
6.3096E+02 0.65 5.4824E-07
7.0795E+02 0.65 3.7466E-07
7.9433E+02 0.65 2.5626E-07
8.9125E+02 0.65 1.7490E-07
1.0000E+03 0.65 1.2005E-07
1.1220E+03 0.65 8.0983E-08
1.2589E+03 0.65 5.4860E-08
1.4125E+03 0.65 3.7112E-08
1.5849E+03 0.65 2.5052E-08
1.7783E+03 0.65 1.6828E-08
1.9953E+03 0.65 1.1321E-08
2.2387E+03 0.65 7.5721E-09
2.5119E+03 0.65 5.0645E-09
2.8184E+03 0.65 3.3825E-09
3.1623E+03 0.65 2.3134E-09
3.5481E+03 0.65 1.5009E-09
3.9811E+03 0.65 9.9397E-10
4.4668E+03 0.65 6.5714E-10
5.0119E+03 0.65 4.3434E-10
5.6234E+03 0.65 2.8662E-10
6.3096E+03 0.65 1.8894E-10
7.0795E+03 0.65 1.2398E-10
7.9433E+03 0.65 8.1473E-11
8.9125E+03 0.65 5.3602E-11
1.0000E+04 0.65 3.5066E-11
1.0000E-01 0.55 1.1927E+04
1.1220E-01 0.55 1.0454E+04
1.2589E-01 0.55 9.1034E+03
1.4125E-01 0.55 7.8657E+03
1.5849E-01 0.55 6.7263E+03
1.7783E-01 0.55 5.6883E+03
1.9953E-01 0.55 4.7559E+03
2.2387E-01 0.55 3.9326E+03
2.5119E-01 0.55 3.2131E+03
2.8184E-01 0.55 2.5982E+03
3.1623E-01 0.55 2.0843E+03
3.5481E-01 0.55 1.6577E+03
3.9811E-01 0.55 1.3075E+03
4.4668E-01 0.55 1.0208E+03
5.0119E-01 0.55 7.8920E+02
5.6234E-01 0.55 6.0751E+02
6.3096E-01 0.55 4.6409E+02
7.0795E-01 0.55 3.5151E+02
7.9433E-01 0.55 2.6493E+02
8.9125E-01 0.55 1.9951E+02
1.0000E+00 0.55 1.4989E+02
1.1220E+00 0.55 1.1193E+02
1.2589E+00 0.55 8.3090E+01
1.4125E+00 0.55 6.1494E+01
1.5849E+00 0.55 4.5379E+01
1.7783E+00 0.55 3.3436E+01
1.9953E+00 0.55 2.4446E+01
2.2387E+00 0.55 1.7743E+01
2.5119E+00 0.55 1.2847E+01
2.8184E+00 0.55 9.2675E+00
3.1623E+00 0.55 6.6835E+00
3.5481E+00 0.55 4.8028E+00
3.9811E+00 0.55 3.4449E+00
4.4668E+00 0.55 2.4643E+00
5.0119E+00 0.55 1.7616E+00
5.6234E+00 0.55 1.2543E+00
6.3096E+00 0.55 8.9179E-01
7.0795E+00 0.55 6.3569E-01
7.9433E+00 0.55 4.5162E-01
8.9125E+00 0.55 3.2042E-01
1.0000E+01 0.55 2.2645E-01
1.1220E+01 0.55 1.6055E-01
1.2589E+01 0.55 1.1371E-01
1.4125E+01 0.55 8.0650E-02
1.5849E+01 0.55 5.7158E-02
1.7783E+01 0.55 4.0552E-02
1.9953E+01 0.55 2.8716E-02
2.2387E+01 0.55 2.0315E-02
2.5119E+01 0.55 1.4404E-02
2.8184E+01 0.55 1.0205E-02
3.1623E+01 0.55 7.2000E-03
3.5481E+01 0.55 5.0887E-03
3.9811E+01 0.55 3.5917E-03
4.4668E+01 0.55 2.5329E-03
5.0119E+01 0.55 1.7824E-03
5.6234E+01 0.55 1.2547E-03
6.3096E+01 0.55 8.8290E-04
7.0795E+01 0.55 6.2040E-04
7.9433E+01 0.55 4.3418E-04
8.9125E+01 0.55 3.0376E-04
1.0000E+02 0.55 2.1245E-04
1.1220E+02 0.55 1.4834E-04
1.2589E+02 0.55 1.0352E-04
1.4125E+02 0.55 7.2087E-05
1.5849E+02 0.55 5.0192E-05
1.7783E+02 0.55 3.4898E-05
1.9953E+02 0.55 2.4211E-05
2.2387E+02 0.55 1.6809E-05
2.5119E+02 0.55 1.1663E-05
2.8184E+02 0.55 8.0971E-06
3.1623E+02 0.55 5.6048E-06
3.5481E+02 0.55 3.8688E-06
3.9811E+02 0.55 2.6766E-06
4.4668E+02 0.55 1.8480E-06
5.0119E+02 0.55 1.2753E-06
5.6234E+02 0.55 8.8023E-07
6.3096E+02 0.55 6.0285E-07
7.0795E+02 0.55 4.1459E-07
7.9433E+02 0.55 2.8456E-07
8.9125E+02 0.55 1.9417E-07
1.0000E+03 0.55 1.3296E-07
1.1220E+03 0.55 8.9796E-08
1.2589E+03 0.55 6.1169E-08
1.4125E+03 0.55 4.1532E-08
1.5849E+03 0.55 2.8061E-08
1.7783E+03 0.55 1.8978E-08
1.9953E+03 0.55 1.2807E-08
2.2387E+03 0.55 8.6119E-09
2.5119E+03 0.55 5.7891E-09
2.8184E+03 0.55 3.8748E-09
3.1623E+03 0.55 2.6461E-09
3.5481E+03 0.55 1.7208E-09
3.9811E+03 0.55 1.1401E-09
4.4668E+03 0.55 7.5838E-10
5.0119E+03 0.55 5.0104E-10
5.6234E+03 0.55 3.3053E-10
6.3096E+03 0.55 2.1901E-10
7.0795E+03 0.55 1.4414E-10
7.9433E+03 0.55 9.4873E-11
8.9125E+03 0.55 6.2555E-11
1.0000E+04 0.55 4.0923E-11
1.0000E-01 0.45 1.3079E+04
1.1220E-01 0.45 1.1368E+04
1.2589E-01 0.45 9.8158E+03
1.4125E-01 0.45 8.4068E+03
1.5849E-01 0.45 7.1378E+03
1.7783E-01 0.45 5.9951E+03
1.9953E-01 0.45 4.9790E+03
2.2387E-01 0.45 4.0917E+03
2.5119E-01 0.45 3.3279E+03
2.8184E-01 0.45 2.6796E+03
3.1623E-01 0.45 2.1412E+03
3.5481E-01 0.45 1.6985E+03
3.9811E-01 0.45 1.3370E+03
4.4668E-01 0.45 1.0446E+03
5.0119E-01 0.45 8.0895E+02
5.6234E-01 0.45 6.2269E+02
6.3096E-01 0.45 4.7719E+02
7.0795E-01 0.45 3.6356E+02
7.9433E-01 0.45 2.7474E+02
8.9125E-01 0.45 2.0728E+02
1.0000E+00 0.45 1.5612E+02
1.1220E+00 0.45 1.1696E+02
1.2589E+00 0.45 8.7210E+01
1.4125E+00 0.45 6.4695E+01
1.5849E+00 0.45 4.7854E+01
1.7783E+00 0.45 3.5266E+01
1.9953E+00 0.45 2.5882E+01
2.2387E+00 0.45 1.8900E+01
2.5119E+00 0.45 1.3719E+01
2.8184E+00 0.45 9.9183E+00
3.1623E+00 0.45 7.1610E+00
3.5481E+00 0.45 5.1533E+00
3.9811E+00 0.45 3.7052E+00
4.4668E+00 0.45 2.6524E+00
5.0119E+00 0.45 1.8930E+00
5.6234E+00 0.45 1.3507E+00
6.3096E+00 0.45 9.6198E-01
7.0795E+00 0.45 6.8241E-01
7.9433E+00 0.45 4.8617E-01
8.9125E+00 0.45 3.4658E-01
1.0000E+01 0.45 2.4492E-01
1.1220E+01 0.45 1.7322E-01
1.2589E+01 0.45 1.2247E-01
1.4125E+01 0.45 8.6816E-02
1.5849E+01 0.45 6.1661E-02
1.7783E+01 0.45 4.3652E-02
1.9953E+01 0.45 3.0940E-02
2.2387E+01 0.45 2.2060E-02
2.5119E+01 0.45 1.5607E-02
2.8184E+01 0.45 1.0967E-02
3.1623E+01 0.45 7.7463E-03
3.5481E+01 0.45 5.4727E-03
3.9811E+01 0.45 3.8695E-03
4.4668E+01 0.45 2.7344E-03
5.0119E+01 0.45 1.9257E-03
5.6234E+01 0.45 1.3542E-03
6.3096E+01 0.45 9.5439E-04
7.0795E+01 0.45 6.7230E-04
7.9433E+01 0.45 4.7260E-04
8.9125E+01 0.45 3.3191E-04
1.0000E+02 0.45 2.3154E-04
1.1220E+02 0.45 1.6181E-04
1.2589E+02 0.45 1.1304E-04
1.4125E+02 0.45 7.8980E-05
1.5849E+02 0.45 5.5031E-05
1.7783E+02 0.45 3.8303E-05
1.9953E+02 0.45 2.6641E-05
2.2387E+02 0.45 1.8552E-05
2.5119E+02 0.45 1.2883E-05
2.8184E+02 0.45 8.9180E-06
3.1623E+02 0.45 6.1845E-06
3.5481E+02 0.45 4.2787E-06
3.9811E+02 0.45 2.9643E-06
4.4668E+02 0.45 2.0480E-06
5.0119E+02 0.45 1.4130E-06
5.6234E+02 0.45 9.7889E-07
6.3096E+02 0.45 6.7228E-07
7.0795E+02 0.45 4.6272E-07
7.9433E+02 0.45 3.1832E-07
8.9125E+02 0.45 2.1825E-07
1.0000E+03 0.45 1.5000E-07
1.1220E+03 0.45 1.0178E-07
1.2589E+03 0.45 6.9399E-08
1.4125E+03 0.45 4.7241E-08
1.5849E+03 0.45 3.2078E-08
1.7783E+03 0.45 2.1682E-08
1.9953E+03 0.45 1.4686E-08
2.2387E+03 0.45 9.9257E-09
2.5119E+03 0.45 6.6783E-09
2.8184E+03 0.45 4.4748E-09
3.1623E+03 0.45 3.0649E-09
3.5481E+03 0.45 2.0042E-09
3.9811E+03 0.45 1.3406E-09
4.4668E+03 0.45 8.9457E-10
5.0119E+03 0.45 5.9511E-10
5.6234E+03 0.45 3.9432E-10
6.3096E+03 0.45 2.5974E-10
7.0795E+03 0.45 1.7149E-10
7.9433E+03 0.45 1.1302E-10
8.9125E+03 0.45 7.4280E-11
1.0000E+04 0.45 4.8741E-11
1.0000E-01 0.35 1.4944E+04
1.1220E-01 0.35 1.2842E+04
1.2589E-01 0.35 1.0967E+04
1.4125E-01 0.35 9.3115E+03
1.5849E-01 0.35 7.8446E+03
1.7783E-01 0.35 6.5213E+03
1.9953E-01 0.35 5.3641E+03
2.2387E-01 0.35 4.3736E+03
2.5119E-01 0.35 3.5298E+03
2.8184E-01 0.35 2.8239E+03
3.1623E-01 0.35 2.2453E+03
3.5481E-01 0.35 1.7727E+03
3.9811E-01 0.35 1.3869E+03
4.4668E-01 0.35 1.0798E+03
5.0119E-01 0.35 8.3531E+02
5.6234E-01 0.35 6.4114E+02
6.3096E-01 0.35 4.9121E+02
7.0795E-01 0.35 3.7529E+02
7.9433E-01 0.35 2.8451E+02
8.9125E-01 0.35 2.1578E+02
1.0000E+00 0.35 1.6215E+02
1.1220E+00 0.35 1.2178E+02
1.2589E+00 0.35 9.1248E+01
1.4125E+00 0.35 6.8113E+01
1.5849E+00 0.35 5.0488E+01
1.7783E+00 0.35 3.7267E+01
1.9953E+00 0.35 2.7449E+01
2.2387E+00 0.35 2.0142E+01
2.5119E+00 0.35 1.4715E+01
2.8184E+00 0.35 1.0709E+01
3.1623E+00 0.35 7.7245E+00
3.5481E+00 0.35 5.5859E+00
3.9811E+00 0.35 4.0228E+00
4.4668E+00 0.35 2.8862E+00
5.0119E+00 0.35 2.0684E+00
5.6234E+00 0.35 1.4745E+00
6.3096E+00 0.35 1.0505E+00
7.0795E+00 0.35 7.4661E-01
7.9433E+00 0.35 5.2890E-01
8.9125E+00 0.35 3.7405E-01
1.0000E+01 0.35 2.6682E-01
1.1220E+01 0.35 1.8922E-01
1.2589E+01 0.35 1.3446E-01
1.4125E+01 0.35 9.5140E-02
1.5849E+01 0.35 6.7275E-02
1.7783E+01 0.35 4.7574E-02
1.9953E+01 0.35 3.3589E-02
2.2387E+01 0.35 2.3794E-02
2.5119E+01 0.35 1.6917E-02
2.8184E+01 0.35 1.1952E-02
3.1623E+01 0.35 8.4790E-03
3.5481E+01 0.35 6.0015E-03
3.9811E+01 0.35 4.2446E-03
4.4668E+01 0.35 2.9997E-03
5.0119E+01 0.35 2.1193E-03
5.6234E+01 0.35 1.4951E-03
6.3096E+01 0.35 1.0529E-03
7.0795E+01 0.35 7.4281E-04
7.9433E+01 0.35 5.2224E-04
8.9125E+01 0.35 3.6615E-04
1.0000E+02 0.35 2.5695E-04
1.1220E+02 0.35 1.8012E-04
1.2589E+02 0.35 1.2605E-04
1.4125E+02 0.35 8.7992E-05
1.5849E+02 0.35 6.1426E-05
1.7783E+02 0.35 4.2936E-05
1.9953E+02 0.35 2.9936E-05
2.2387E+02 0.35 2.0833E-05
2.5119E+02 0.35 1.4477E-05
2.8184E+02 0.35 1.0080E-05
3.1623E+02 0.35 6.9941E-06
3.5481E+02 0.35 4.8533E-06
3.9811E+02 0.35 3.3612E-06
4.4668E+02 0.35 2.3252E-06
5.0119E+02 0.35 1.6068E-06
5.6234E+02 0.35 1.1136E-06
6.3096E+02 0.35 7.6651E-07
7.0795E+02 0.35 5.2856E-07
7.9433E+02 0.35 3.6400E-07
8.9125E+02 0.35 2.4976E-07
1.0000E+03 0.35 1.7194E-07
1.1220E+03 0.35 1.1760E-07
1.2589E+03 0.35 8.0602E-08
1.4125E+03 0.35 5.5121E-08
1.5849E+03 0.35 3.7539E-08
1.7783E+03 0.35 2.5585E-08
1.9953E+03 0.35 1.7356E-08
2.2387E+03 0.35 1.1746E-08
2.5119E+03 0.35 7.9493E-09
2.8184E+03 0.35 5.3392E-09
3.1623E+03 0.35 3.6667E-09
3.5481E+03 0.35 2.4181E-09
3.9811E+03 0.35 1.6164E-09
4.4668E+03 0.35 1.0776E-09
5.0119E+03 0.35 7.2132E-10
5.6234E+03 0.35 4.7968E-10
6.3096E+03 0.35 3.1784E-10
7.0795E+03 0.35 2.1118E-10
7.9433E+03 0.35 1.3943E-10
8.9125E+03 0.35 9.1470E-11
1.0000E+04 0.35 6.0507E-11
1.0000E-01 0.25 1.8359E+04
1.1220E-01 0.25 1.5565E+04
1.2589E-01 0.25 1.3137E+04
1.4125E-01 0.25 1.1020E+04
1.5849E-01 0.25 9.1582E+03
1.7783E-01 0.25 7.5191E+03
1.9953E-01 0.25 6.1142E+03
2.2387E-01 0.25 4.9198E+03
2.5119E-01 0.25 3.9241E+03
2.8184E-01 0.25 3.1113E+03
3.1623E-01 0.25 2.4511E+03
3.5481E-01 0.25 1.9125E+03
3.9811E-01 0.25 1.4796E+03
4.4668E-01 0.25 1.1422E+03
5.0119E-01 0.25 8.7793E+02
5.6234E-01 0.25 6.7207E+02
6.3096E-01 0.25 5.1318E+02
7.0795E-01 0.25 3.9069E+02
7.9433E-01 0.25 2.9533E+02
8.9125E-01 0.25 2.2340E+02
1.0000E+00 0.25 1.6829E+02
1.1220E+00 0.25 1.2688E+02
1.2589E+00 0.25 9.5482E+01
1.4125E+00 0.25 7.1347E+01
1.5849E+00 0.25 5.3152E+01
1.7783E+00 0.25 3.9500E+01
1.9953E+00 0.25 2.9323E+01
2.2387E+00 0.25 2.1620E+01
2.5119E+00 0.25 1.5794E+01
2.8184E+00 0.25 1.1510E+01
3.1623E+00 0.25 8.4005E+00
3.5481E+00 0.25 6.1082E+00
3.9811E+00 0.25 4.4095E+00
4.4668E+00 0.25 3.1811E+00
5.0119E+00 0.25 2.2911E+00
5.6234E+00 0.25 1.6367E+00
6.3096E+00 0.25 1.1735E+00
7.0795E+00 0.25 8.3393E-01
7.9433E+00 0.25 5.9142E-01
8.9125E+00 0.25 4.2376E-01
1.0000E+01 0.25 3.0018E-01
1.1220E+01 0.25 2.1305E-01
1.2589E+01 0.25 1.5076E-01
1.4125E+01 0.25 1.0680E-01
1.5849E+01 0.25 7.5724E-02
1.7783E+01 0.25 5.3699E-02
1.9953E+01 0.25 3.8228E-02
2.2387E+01 0.25 2.6928E-02
2.5119E+01 0.25 1.9058E-02
2.8184E+01 0.25 1.3480E-02
3.1623E+01 0.25 9.5373E-03
3.5481E+01 0.25 6.7523E-03
3.9811E+01 0.25 4.7769E-03
4.4668E+01 0.25 3.3772E-03
5.0119E+01 0.25 2.3878E-03
5.6234E+01 0.25 1.6868E-03
6.3096E+01 0.25 1.1884E-03
7.0795E+01 0.25 8.3892E-04
7.9433E+01 0.25 5.9146E-04
8.9125E+01 0.25 4.1686E-04
1.0000E+02 0.25 2.9321E-04
1.1220E+02 0.25 2.0575E-04
1.2589E+02 0.25 1.4429E-04
1.4125E+02 0.25 1.0114E-04
1.5849E+02 0.25 7.0756E-05
1.7783E+02 0.25 4.9423E-05
1.9953E+02 0.25 3.4502E-05
2.2387E+02 0.25 2.4079E-05
2.5119E+02 0.25 1.6743E-05
2.8184E+02 0.25 1.1678E-05
3.1623E+02 0.25 8.1373E-06
3.5481E+02 0.25 5.6450E-06
3.9811E+02 0.25 3.9244E-06
4.4668E+02 0.25 2.7202E-06
5.0119E+02 0.25 1.8846E-06
5.6234E+02 0.25 1.3083E-06
6.3096E+02 0.25 9.0420E-07
7.0795E+02 0.25 6.2500E-07
7.9433E+02 0.25 4.3099E-07
8.9125E+02 0.25 2.9690E-07
1.0000E+03 0.25 2.0536E-07
1.1220E+03 0.25 1.4103E-07
1.2589E+03 0.25 9.6852E-08
1.4125E+03 0.25 6.6437E-08
1.5849E+03 0.25 4.5521E-08
1.7783E+03 0.25 3.1060E-08
1.9953E+03 0.25 2.1206E-08
2.2387E+03 0.25 1.4429E-08
2.5119E+03 0.25 9.7941E-09
2.8184E+03 0.25 6.6263E-09
3.1623E+03 0.25 4.5522E-09
3.5481E+03 0.25 3.0332E-09
3.9811E+03 0.25 2.0430E-09
4.4668E+03 0.25 1.3732E-09
5.0119E+03 0.25 9.1916E-10
5.6234E+03 0.25 6.1466E-10
6.3096E+03 0.25 4.1074E-10
7.0795E+03 0.25 2.7305E-10
7.9433E+03 0.25 1.8103E-10
8.9125E+03 0.25 1.2000E-10
1.0000E+04 0.25 7.9493E-11
1.0000E-01 0.15 2.5756E+04
1.1220E-01 0.15 2.1522E+04
1.2589E-01 0.15 1.7910E+04
1.4125E-01 0.15 1.4778E+04
1.5849E-01 0.15 1.2097E+04
1.7783E-01 0.15 9.8078E+03
1.9953E-01 0.15 7.8524E+03
2.2387E-01 0.15 6.2222E+03
2.5119E-01 0.15 4.8745E+03
2.8184E-01 0.15 3.7910E+03
3.1623E-01 0.15 2.9322E+03
3.5481E-01 0.15 2.2484E+03
3.9811E-01 0.15 1.7183E+03
4.4668E-01 0.15 1.3068E+03
5.0119E-01 0.15 9.8900E+02
5.6234E-01 0.15 7.4701E+02
6.3096E-01 0.15 5.6317E+02
7.0795E-01 0.15 4.2274E+02
7.9433E-01 0.15 3.1731E+02
8.9125E-01 0.15 2.3941E+02
1.0000E+00 0.15 1.7911E+02
1.1220E+00 0.15 1.3418E+02
1.2589E+00 0.15 1.0059E+02
1.4125E+00 0.15 7.5167E+01
1.5849E+00 0.15 5.6123E+01
1.7783E+00 0.15 4.1878E+01
1.9953E+00 0.15 3.1042E+01
2.2387E+00 0.15 2.2941E+01
2.5119E+00 0.15 1.6901E+01
2.8184E+00 0.15 1.2433E+01
3.1623E+00 0.15 9.1063E+00
3.5481E+00 0.15 6.6488E+00
3.9811E+00 0.15 4.8495E+00
4.4668E+00 0.15 3.5239E+00
5.0119E+00 0.15 2.5504E+00
5.6234E+00 0.15 1.8383E+00
6.3096E+00 0.15 1.3201E+00
7.0795E+00 0.15 9.4717E-01
7.9433E+00 0.15 6.7670E-01
8.9125E+00 0.15 4.8284E-01
1.0000E+01 0.15 3.4727E-01
1.1220E+01 0.15 2.4728E-01
1.2589E+01 0.15 1.7602E-01
1.4125E+01 0.15 1.2517E-01
1.5849E+01 0.15 8.8601E-02
1.7783E+01 0.15 6.2842E-02
1.9953E+01 0.15 4.4692E-02
2.2387E+01 0.15 3.1631E-02
2.5119E+01 0.15 2.2536E-02
2.8184E+01 0.15 1.6041E-02
3.1623E+01 0.15 1.1276E-02
3.5481E+01 0.15 7.9882E-03
3.9811E+01 0.15 5.6513E-03
4.4668E+01 0.15 3.9973E-03
5.0119E+01 0.15 2.8264E-03
5.6234E+01 0.15 1.9965E-03
6.3096E+01 0.15 1.4127E-03
7.0795E+01 0.15 9.9878E-04
7.9433E+01 0.15 7.0451E-04
8.9125E+01 0.15 4.9648E-04
1.0000E+02 0.15 3.4940E-04
1.1220E+02 0.15 2.4594E-04
1.2589E+02 0.15 1.7281E-04
1.4125E+02 0.15 1.2138E-04
1.5849E+02 0.15 8.5150E-05
1.7783E+02 0.15 5.9742E-05
1.9953E+02 0.15 4.1811E-05
2.2387E+02 0.15 2.9211E-05
2.5119E+02 0.15 2.0430E-05
2.8184E+02 0.15 1.4276E-05
3.1623E+02 0.15 9.9533E-06
3.5481E+02 0.15 6.9235E-06
3.9811E+02 0.15 4.8162E-06
4.4668E+02 0.15 3.3506E-06
5.0119E+02 0.15 2.3266E-06
5.6234E+02 0.15 1.6138E-06
6.3096E+02 0.15 1.1183E-06
7.0795E+02 0.15 7.7489E-07
7.9433E+02 0.15 5.3574E-07
8.9125E+02 0.15 3.7045E-07
1.0000E+03 0.15 2.5595E-07
1.1220E+03 0.15 1.7635E-07
1.2589E+03 0.15 1.2151E-07
1.4125E+03 0.15 8.3815E-08
1.5849E+03 0.15 5.7636E-08
1.7783E+03 0.15 3.9556E-08
1.9953E+03 0.15 2.7098E-08
2.2387E+03 0.15 1.8530E-08
2.5119E+03 0.15 1.2661E-08
2.8184E+03 0.15 8.6087E-09
3.1623E+03 0.15 5.9489E-09
3.5481E+03 0.15 3.9983E-09
3.9811E+03 0.15 2.7088E-09
4.4668E+03 0.15 1.8300E-09
5.0119E+03 0.15 1.2321E-09
5.6234E+03 0.15 8.3039E-10
6.3096E+03 0.15 5.6000E-10
7.0795E+03 0.15 3.7582E-10
7.9433E+03 0.15 2.5116E-10
8.9125E+03 0.15 1.6722E-10
1.0000E+04 0.15 1.1098E-10
1.0000E-01 0.05 4.4032E+04
1.1220E-01 0.05 3.6207E+04
1.2589E-01 0.05 2.9548E+04
1.4125E-01 0.05 2.3938E+04
1.5849E-01 0.05 1.9227E+04
1.7783E-01 0.05 1.5290E+04
1.9953E-01 0.05 1.2003E+04
2.2387E-01 0.05 9.3053E+03
2.5119E-01 0.05 7.1426E+03
2.8184E-01 0.05 5.4306E+03
3.1623E-01 0.05 4.0965E+03
3.5481E-01 0.05 3.0661E+03
3.9811E-01 0.05 2.2932E+03
4.4668E-01 0.05 1.7106E+03
5.0119E-01 0.05 1.2723E+03
5.6234E-01 0.05 9.3742E+02
6.3096E-01 0.05 6.8487E+02
7.0795E-01 0.05 5.0444E+02
7.9433E-01 0.05 3.7515E+02
8.9125E-01 0.05 2.7963E+02
1.0000E+00 0.05 2.0498E+02
1.1220E+00 0.05 1.5087E+02
1.2589E+00 0.05 1.1139E+02
1.4125E+00 0.05 8.2624E+01
1.5849E+00 0.05 6.1157E+01
1.7783E+00 0.05 4.5044E+01
1.9953E+00 0.05 3.3157E+01
2.2387E+00 0.05 2.4732E+01
2.5119E+00 0.05 1.8370E+01
2.8184E+00 0.05 1.3358E+01
3.1623E+00 0.05 9.7798E+00
3.5481E+00 0.05 7.1917E+00
3.9811E+00 0.05 5.2575E+00
4.4668E+00 0.05 3.8295E+00
5.0119E+00 0.05 2.7959E+00
5.6234E+00 0.05 2.0403E+00
6.3096E+00 0.05 1.4814E+00
7.0795E+00 0.05 1.0723E+00
7.9433E+00 0.05 7.6997E-01
8.9125E+00 0.05 5.5452E-01
1.0000E+01 0.05 4.0023E-01
1.1220E+01 0.05 2.8657E-01
1.2589E+01 0.05 2.0511E-01
1.4125E+01 0.05 1.4791E-01
1.5849E+01 0.05 1.0655E-01
1.7783E+01 0.05 7.5615E-02
1.9953E+01 0.05 5.3830E-02
2.2387E+01 0.05 3.8416E-02
2.5119E+01 0.05 2.7362E-02
2.8184E+01 0.05 1.9324E-02
3.1623E+01 0.05 1.4133E-02
3.5481E+01 0.05 1.0046E-02
3.9811E+01 0.05 7.1332E-03
4.4668E+01 0.05 5.0555E-03
5.0119E+01 0.05 3.5807E-03
5.6234E+01 0.05 2.5359E-03
6.3096E+01 0.05 1.7937E-03
7.0795E+01 0.05 1.2670E-03
7.9433E+01 0.05 8.9412E-04
8.9125E+01 0.05 6.3051E-04
1.0000E+02 0.05 4.4550E-04
1.1220E+02 0.05 3.1401E-04
1.2589E+02 0.05 2.2094E-04
1.4125E+02 0.05 1.5519E-04
1.5849E+02 0.05 1.0898E-04
1.7783E+02 0.05 7.6364E-05
1.9953E+02 0.05 5.3458E-05
2.2387E+02 0.05 3.7434E-05
2.5119E+02 0.05 2.6166E-05
2.8184E+02 0.05 1.8240E-05
3.1623E+02 0.05 1.2759E-05
3.5481E+02 0.05 8.8950E-06
3.9811E+02 0.05 6.1855E-06
4.4668E+02 0.05 4.2974E-06
5.0119E+02 0.05 2.9873E-06
5.6234E+02 0.05 2.0754E-06
6.3096E+02 0.05 1.4377E-06
7.0795E+02 0.05 9.9617E-07
7.9433E+02 0.05 6.8968E-07
8.9125E+02 0.05 4.7738E-07
1.0000E+03 0.05 3.2946E-07
1.1220E+03 0.05 2.2712E-07
1.2589E+03 0.05 1.5689E-07
1.4125E+03 0.05 1.0816E-07
1.5849E+03 0.05 7.4500E-08
1.7783E+03 0.05 5.1324E-08
1.9953E+03 0.05 3.5356E-08
2.2387E+03 0.05 2.4241E-08
2.5119E+03 0.05 1.6601E-08
2.8184E+03 0.05 1.1358E-08
3.1623E+03 0.05 7.8367E-09
3.5481E+03 0.05 5.3230E-09
3.9811E+03 0.05 3.6304E-09
4.4668E+03 0.05 2.4672E-09
5.0119E+03 0.05 1.6742E-09
5.6234E+03 0.05 1.1360E-09
6.3096E+03 0.05 7.6840E-10
7.0795E+03 0.05 5.1929E-10
7.9433E+03 0.05 3.5022E-10
8.9125E+03 0.05 2.3427E-10
1.0000E+04 0.05 1.5649E-10
1.0000E-01 -0.05 4.4345E+04
1.1220E-01 -0.05 3.6462E+04
1.2589E-01 -0.05 2.9759E+04
1.4125E-01 -0.05 2.4149E+04
1.5849E-01 -0.05 1.9421E+04
1.7783E-01 -0.05 1.5416E+04
1.9953E-01 -0.05 1.2088E+04
2.2387E-01 -0.05 9.3924E+03
2.5119E-01 -0.05 7.2199E+03
2.8184E-01 -0.05 5.4776E+03
3.1623E-01 -0.05 4.1404E+03
3.5481E-01 -0.05 3.1154E+03
3.9811E-01 -0.05 2.3270E+03
4.4668E-01 -0.05 1.7293E+03
5.0119E-01 -0.05 1.2832E+03
5.6234E-01 -0.05 9.4856E+02
6.3096E-01 -0.05 6.9819E+02
7.0795E-01 -0.05 5.1552E+02
7.9433E-01 -0.05 3.8111E+02
8.9125E-01 -0.05 2.8200E+02
1.0000E+00 -0.05 2.0650E+02
1.1220E+00 -0.05 1.5312E+02
1.2589E+00 -0.05 1.1259E+02
1.4125E+00 -0.05 8.2976E+01
1.5849E+00 -0.05 6.1898E+01
1.7783E+00 -0.05 4.5587E+01
1.9953E+00 -0.05 3.3497E+01
2.2387E+00 -0.05 2.4879E+01
2.5119E+00 -0.05 1.8340E+01
2.8184E+00 -0.05 1.3310E+01
3.1623E+00 -0.05 9.7750E+00
3.5481E+00 -0.05 7.1716E+00
3.9811E+00 -0.05 5.2590E+00
4.4668E+00 -0.05 3.8683E+00
5.0119E+00 -0.05 2.8151E+00
5.6234E+00 -0.05 2.0427E+00
6.3096E+00 -0.05 1.4778E+00
7.0795E+00 -0.05 1.0679E+00
7.9433E+00 -0.05 7.7329E-01
8.9125E+00 -0.05 5.6114E-01
1.0000E+01 -0.05 4.0358E-01
1.1220E+01 -0.05 2.8925E-01
1.2589E+01 -0.05 2.0702E-01
1.4125E+01 -0.05 1.4903E-01
1.5849E+01 -0.05 1.0764E-01
1.7783E+01 -0.05 7.7100E-02
1.9953E+01 -0.05 5.4895E-02
2.2387E+01 -0.05 3.9194E-02
2.5119E+01 -0.05 2.8007E-02
2.8184E+01 -0.05 1.9940E-02
3.1623E+01 -0.05 1.4367E-02
3.5481E+01 -0.05 1.0215E-02
3.9811E+01 -0.05 7.2593E-03
4.4668E+01 -0.05 5.1545E-03
5.0119E+01 -0.05 3.6558E-03
5.6234E+01 -0.05 2.5913E-03
6.3096E+01 -0.05 1.8329E-03
7.0795E+01 -0.05 1.2956E-03
7.9433E+01 -0.05 9.1510E-04
8.9125E+01 -0.05 6.4589E-04
1.0000E+02 -0.05 4.5592E-04
1.1220E+02 -0.05 3.2116E-04
1.2589E+02 -0.05 2.2602E-04
1.4125E+02 -0.05 1.5878E-04
1.5849E+02 -0.05 1.1135E-04
1.7783E+02 -0.05 7.8008E-05
1.9953E+02 -0.05 5.4562E-05
2.2387E+02 -0.05 3.8162E-05
2.5119E+02 -0.05 2.6693E-05
2.8184E+02 -0.05 1.8650E-05
3.1623E+02 -0.05 1.2988E-05
3.5481E+02 -0.05 9.0386E-06
3.9811E+02 -0.05 6.2834E-06
4.4668E+02 -0.05 4.3589E-06
5.0119E+02 -0.05 3.0216E-06
5.6234E+02 -0.05 2.1006E-06
6.3096E+02 -0.05 1.4545E-06
7.0795E+02 -0.05 1.0061E-06
7.9433E+02 -0.05 6.9563E-07
8.9125E+02 -0.05 4.8021E-07
1.0000E+03 -0.05 3.3145E-07
1.1220E+03 -0.05 2.2869E-07
1.2589E+03 -0.05 1.5765E-07
1.4125E+03 -0.05 1.0846E-07
1.5849E+03 -0.05 7.4803E-08
1.7783E+03 -0.05 5.1614E-08
1.9953E+03 -0.05 3.5428E-08
2.2387E+03 -0.05 2.4353E-08
2.5119E+03 -0.05 1.6680E-08
2.8184E+03 -0.05 1.1391E-08
3.1623E+03 -0.05 7.8497E-09
3.5481E+03 -0.05 5.3340E-09
3.9811E+03 -0.05 3.6291E-09
4.4668E+03 -0.05 2.4684E-09
5.0119E+03 -0.05 1.6803E-09
5.6234E+03 -0.05 1.1390E-09
6.3096E+03 -0.05 7.6939E-10
7.0795E+03 -0.05 5.1983E-10
7.9433E+03 -0.05 3.5048E-10
8.9125E+03 -0.05 2.3518E-10
1.0000E+04 -0.05 1.5732E-10
1.0000E-01 -0.15 2.5990E+04
1.1220E-01 -0.15 2.1765E+04
1.2589E-01 -0.15 1.8122E+04
1.4125E-01 -0.15 1.4994E+04
1.5849E-01 -0.15 1.2287E+04
1.7783E-01 -0.15 9.9663E+03
1.9953E-01 -0.15 7.9884E+03
2.2387E-01 -0.15 6.3292E+03
2.5119E-01 -0.15 4.9645E+03
2.8184E-01 -0.15 3.8645E+03
3.1623E-01 -0.15 2.9894E+03
3.5481E-01 -0.15 2.2958E+03
3.9811E-01 -0.15 1.7516E+03
4.4668E-01 -0.15 1.3333E+03
5.0119E-01 -0.15 1.0112E+03
5.6234E-01 -0.15 7.6173E+02
6.3096E-01 -0.15 5.7313E+02
7.0795E-01 -0.15 4.3078E+02
7.9433E-01 -0.15 3.2340E+02
8.9125E-01 -0.15 2.4272E+02
1.0000E+00 -0.15 1.8193E+02
1.1220E+00 -0.15 1.3643E+02
1.2589E+00 -0.15 1.0203E+02
1.4125E+00 -0.15 7.6039E+01
1.5849E+00 -0.15 5.6611E+01
1.7783E+00 -0.15 4.2224E+01
1.9953E+00 -0.15 3.1343E+01
2.2387E+00 -0.15 2.3244E+01
2.5119E+00 -0.15 1.7180E+01
2.8184E+00 -0.15 1.2661E+01
3.1623E+00 -0.15 9.2039E+00
3.5481E+00 -0.15 6.7085E+00
3.9811E+00 -0.15 4.8772E+00
4.4668E+00 -0.15 3.5328E+00
5.0119E+00 -0.15 2.5631E+00
5.6234E+00 -0.15 1.8625E+00
6.3096E+00 -0.15 1.3459E+00
7.0795E+00 -0.15 9.6210E-01
7.9433E+00 -0.15 6.8872E-01
8.9125E+00 -0.15 4.9221E-01
1.0000E+01 -0.15 3.5344E-01
1.1220E+01 -0.15 2.5198E-01
1.2589E+01 -0.15 1.7993E-01
1.4125E+01 -0.15 1.2775E-01
1.5849E+01 -0.15 9.0885E-02
1.7783E+01 -0.15 6.4820E-02
1.9953E+01 -0.15 4.5843E-02
2.2387E+01 -0.15 3.2292E-02
2.5119E+01 -0.15 2.2791E-02
2.8184E+01 -0.15 1.6256E-02
3.1623E+01 -0.15 1.1552E-02
3.5481E+01 -0.15 8.1789E-03
3.9811E+01 -0.15 5.7880E-03
4.4668E+01 -0.15 4.0968E-03
5.0119E+01 -0.15 2.9007E-03
5.6234E+01 -0.15 2.0490E-03
6.3096E+01 -0.15 1.4455E-03
7.0795E+01 -0.15 1.0201E-03
7.9433E+01 -0.15 7.1928E-04
8.9125E+01 -0.15 5.0652E-04
1.0000E+02 -0.15 3.5687E-04
1.1220E+02 -0.15 2.5109E-04
1.2589E+02 -0.15 1.7621E-04
1.4125E+02 -0.15 1.2363E-04
1.5849E+02 -0.15 8.6740E-05
1.7783E+02 -0.15 6.0744E-05
1.9953E+02 -0.15 4.2479E-05
2.2387E+02 -0.15 2.9641E-05
2.5119E+02 -0.15 2.0667E-05
2.8184E+02 -0.15 1.4439E-05
3.1623E+02 -0.15 1.0083E-05
3.5481E+02 -0.15 7.0083E-06
3.9811E+02 -0.15 4.8719E-06
4.4668E+02 -0.15 3.3898E-06
5.0119E+02 -0.15 2.3528E-06
5.6234E+02 -0.15 1.6309E-06
6.3096E+02 -0.15 1.1300E-06
7.0795E+02 -0.15 7.8193E-07
7.9433E+02 -0.15 5.4075E-07
8.9125E+02 -0.15 3.7347E-07
1.0000E+03 -0.15 2.5797E-07
1.1220E+03 -0.15 1.7764E-07
1.2589E+03 -0.15 1.2232E-07
1.4125E+03 -0.15 8.4101E-08
1.5849E+03 -0.15 5.7937E-08
1.7783E+03 -0.15 3.9859E-08
1.9953E+03 -0.15 2.7289E-08
2.2387E+03 -0.15 1.8714E-08
2.5119E+03 -0.15 1.2779E-08
2.8184E+03 -0.15 8.7081E-09
3.1623E+03 -0.15 5.9860E-09
3.5481E+03 -0.15 4.0249E-09
3.9811E+03 -0.15 2.7216E-09
4.4668E+03 -0.15 1.8386E-09
5.0119E+03 -0.15 1.2439E-09
5.6234E+03 -0.15 8.3720E-10
6.3096E+03 -0.15 5.6354E-10
7.0795E+03 -0.15 3.7750E-10
7.9433E+03 -0.15 2.5217E-10
8.9125E+03 -0.15 1.6804E-10
1.0000E+04 -0.15 1.1175E-10
1.0000E-01 -0.25 1.8085E+04
1.1220E-01 -0.25 1.5383E+04
1.2589E-01 -0.25 1.3017E+04
1.4125E-01 -0.25 1.0942E+04
1.5849E-01 -0.25 9.1135E+03
1.7783E-01 -0.25 7.5246E+03
1.9953E-01 -0.25 6.1389E+03
2.2387E-01 -0.25 4.9541E+03
2.5119E-01 -0.25 3.9603E+03
2.8184E-01 -0.25 3.1394E+03
3.1623E-01 -0.25 2.4735E+03
3.5481E-01 -0.25 1.9336E+03
3.9811E-01 -0.25 1.5020E+03
4.4668E-01 -0.25 1.1613E+03
5.0119E-01 -0.25 8.9329E+02
5.6234E-01 -0.25 6.8353E+02
6.3096E-01 -0.25 5.2184E+02
7.0795E-01 -0.25 3.9644E+02
7.9433E-01 -0.25 3.0032E+02
8.9125E-01 -0.25 2.2726E+02
1.0000E+00 -0.25 1.7133E+02
1.1220E+00 -0.25 1.2897E+02
1.2589E+00 -0.25 9.7002E+01
1.4125E+00 -0.25 7.2681E+01
1.5849E+00 -0.25 5.4082E+01
1.7783E+00 -0.25 4.0177E+01
1.9953E+00 -0.25 2.9685E+01
2.2387E+00 -0.25 2.1826E+01
2.5119E+00 -0.25 1.6020E+01
2.8184E+00 -0.25 1.1699E+01
3.1623E+00 -0.25 8.5429E+00
3.5481E+00 -0.25 6.1941E+00
3.9811E+00 -0.25 4.4853E+00
4.4668E+00 -0.25 3.2284E+00
5.0119E+00 -0.25 2.3252E+00
5.6234E+00 -0.25 1.6739E+00
6.3096E+00 -0.25 1.1986E+00
7.0795E+00 -0.25 8.5541E-01
7.9433E+00 -0.25 6.1120E-01
8.9125E+00 -0.25 4.3593E-01
1.0000E+01 -0.25 3.0798E-01
1.1220E+01 -0.25 2.1887E-01
1.2589E+01 -0.25 1.5548E-01
1.4125E+01 -0.25 1.0993E-01
1.5849E+01 -0.25 7.7861E-02
1.7783E+01 -0.25 5.5100E-02
1.9953E+01 -0.25 3.9164E-02
2.2387E+01 -0.25 2.7817E-02
2.5119E+01 -0.25 1.9660E-02
2.8184E+01 -0.25 1.3964E-02
3.1623E+01 -0.25 9.8282E-03
3.5481E+01 -0.25 6.9558E-03
3.9811E+01 -0.25 4.9175E-03
4.4668E+01 -0.25 3.4759E-03
5.0119E+01 -0.25 2.4548E-03
5.6234E+01 -0.25 1.7323E-03
6.3096E+01 -0.25 1.2237E-03
7.0795E+01 -0.25 8.6319E-04
7.9433E+01 -0.25 6.0805E-04
8.9125E+01 -0.25 4.2811E-04
1.0000E+02 -0.25 3.0030E-04
1.1220E+02 -0.25 2.1096E-04
1.2589E+02 -0.25 1.4795E-04
1.4125E+02 -0.25 1.0357E-04
1.5849E+02 -0.25 7.2438E-05
1.7783E+02 -0.25 5.0601E-05
1.9953E+02 -0.25 3.5261E-05
2.2387E+02 -0.25 2.4585E-05
2.5119E+02 -0.25 1.7166E-05
2.8184E+02 -0.25 1.1937E-05
3.1623E+02 -0.25 8.2873E-06
3.5481E+02 -0.25 5.7507E-06
3.9811E+02 -0.25 3.9942E-06
4.4668E+02 -0.25 2.7712E-06
5.0119E+02 -0.25 1.9218E-06
5.6234E+02 -0.25 1.3310E-06
6.3096E+02 -0.25 9.1954E-07
7.0795E+02 -0.25 6.3548E-07
7.9433E+02 -0.25 4.3869E-07
8.9125E+02 -0.25 3.0209E-07
1.0000E+03 -0.25 2.0868E-07
1.1220E+03 -0.25 1.4328E-07
1.2589E+03 -0.25 9.8285E-08
1.4125E+03 -0.25 6.7315E-08
1.5849E+03 -0.25 4.6141E-08
1.7783E+03 -0.25 3.1507E-08
1.9953E+03 -0.25 2.1559E-08
2.2387E+03 -0.25 1.4691E-08
2.5119E+03 -0.25 9.9729E-09
2.8184E+03 -0.25 6.7485E-09
3.1623E+03 -0.25 4.6321E-09
3.5481E+03 -0.25 3.0853E-09
3.9811E+03 -0.25 2.0794E-09
4.4668E+03 -0.25 1.3977E-09
5.0119E+03 -0.25 9.3474E-10
5.6234E+03 -0.25 6.2353E-10
6.3096E+03 -0.25 4.1682E-10
7.0795E+03 -0.25 2.7791E-10
7.9433E+03 -0.25 1.8431E-10
8.9125E+03 -0.25 1.2202E-10
1.0000E+04 -0.25 8.0723E-11
1.0000E-01 -0.35 1.3436E+04
1.1220E-01 -0.35 1.1601E+04
1.2589E-01 -0.35 9.9572E+03
1.4125E-01 -0.35 8.5165E+03
1.5849E-01 -0.35 7.2125E+03
1.7783E-01 -0.35 6.0435E+03
1.9953E-01 -0.35 5.0063E+03
2.2387E-01 -0.35 4.1013E+03
2.5119E-01 -0.35 3.3309E+03
2.8184E-01 -0.35 2.6869E+03
3.1623E-01 -0.35 2.1486E+03
3.5481E-01 -0.35 1.7063E+03
3.9811E-01 -0.35 1.3459E+03
4.4668E-01 -0.35 1.0533E+03
5.0119E-01 -0.35 8.2019E+02
5.6234E-01 -0.35 6.3423E+02
6.3096E-01 -0.35 4.8758E+02
7.0795E-01 -0.35 3.7339E+02
7.9433E-01 -0.35 2.8465E+02
8.9125E-01 -0.35 2.1554E+02
1.0000E+00 -0.35 1.6310E+02
1.1220E+00 -0.35 1.2302E+02
1.2589E+00 -0.35 9.2060E+01
1.4125E+00 -0.35 6.8601E+01
1.5849E+00 -0.35 5.1169E+01
1.7783E+00 -0.35 3.7955E+01
1.9953E+00 -0.35 2.8071E+01
2.2387E+00 -0.35 2.0600E+01
2.5119E+00 -0.35 1.4974E+01
2.8184E+00 -0.35 1.0881E+01
3.1623E+00 -0.35 7.8991E+00
3.5481E+00 -0.35 5.7176E+00
3.9811E+00 -0.35 4.1141E+00
4.4668E+00 -0.35 2.9546E+00
5.0119E+00 -0.35 2.1174E+00
5.6234E+00 -0.35 1.5097E+00
6.3096E+00 -0.35 1.0805E+00
7.0795E+00 -0.35 7.7396E-01
7.9433E+00 -0.35 5.5129E-01
8.9125E+00 -0.35 3.9092E-01
1.0000E+01 -0.35 2.7611E-01
1.1220E+01 -0.35 1.9534E-01
1.2589E+01 -0.35 1.3878E-01
1.4125E+01 -0.35 9.8169E-02
1.5849E+01 -0.35 6.9424E-02
1.7783E+01 -0.35 4.9273E-02
1.9953E+01 -0.35 3.4911E-02
2.2387E+01 -0.35 2.4675E-02
2.5119E+01 -0.35 1.7427E-02
2.8184E+01 -0.35 1.2402E-02
3.1623E+01 -0.35 8.7607E-03
3.5481E+01 -0.35 6.1920E-03
3.9811E+01 -0.35 4.3749E-03
4.4668E+01 -0.35 3.0901E-03
5.0119E+01 -0.35 2.1805E-03
5.6234E+01 -0.35 1.5389E-03
6.3096E+01 -0.35 1.0840E-03
7.0795E+01 -0.35 7.6266E-04
7.9433E+01 -0.35 5.3582E-04
8.9125E+01 -0.35 3.7576E-04
1.0000E+02 -0.35 2.6413E-04
1.1220E+02 -0.35 1.8494E-04
1.2589E+02 -0.35 1.2951E-04
1.4125E+02 -0.35 9.0386E-05
1.5849E+02 -0.35 6.3002E-05
1.7783E+02 -0.35 4.3946E-05
1.9953E+02 -0.35 3.0607E-05
2.2387E+02 -0.35 2.1312E-05
2.5119E+02 -0.35 1.4832E-05
2.8184E+02 -0.35 1.0280E-05
3.1623E+02 -0.35 7.1449E-06
3.5481E+02 -0.35 4.9477E-06
3.9811E+02 -0.35 3.4275E-06
4.4668E+02 -0.35 2.3734E-06
5.0119E+02 -0.35 1.6399E-06
5.6234E+02 -0.35 1.1349E-06
6.3096E+02 -0.35 7.8241E-07
7.0795E+02 -0.35 5.3933E-07
7.9433E+02 -0.35 3.7185E-07
8.9125E+02 -0.35 2.5602E-07
1.0000E+03 -0.35 1.7679E-07
1.1220E+03 -0.35 1.2028E-07
1.2589E+03 -0.35 8.2153E-08
1.4125E+03 -0.35 5.6135E-08
1.5849E+03 -0.35 3.8314E-08
1.7783E+03 -0.35 2.6111E-08
1.9953E+03 -0.35 1.7726E-08
2.2387E+03 -0.35 1.2007E-08
2.5119E+03 -0.35 8.1380E-09
2.8184E+03 -0.35 5.4907E-09
3.1623E+03 -0.35 3.7635E-09
3.5481E+03 -0.35 2.4764E-09
3.9811E+03 -0.35 1.6588E-09
4.4668E+03 -0.35 1.1105E-09
5.0119E+03 -0.35 7.4040E-10
5.6234E+03 -0.35 4.9043E-10
6.3096E+03 -0.35 3.2678E-10
7.0795E+03 -0.35 2.1593E-10
7.9433E+03 -0.35 1.4324E-10
8.9125E+03 -0.35 9.4995E-11
1.0000E+04 -0.35 6.2444E-11
1.0000E-01 -0.45 9.3749E+03
1.1220E-01 -0.45 8.2433E+03
1.2589E-01 -0.45 7.2139E+03
1.4125E-01 -0.45 6.2627E+03
1.5849E-01 -0.45 5.3903E+03
1.7783E-01 -0.45 4.5968E+03
1.9953E-01 -0.45 3.8765E+03
2.2387E-01 -0.45 3.2348E+03
2.5119E-01 -0.45 2.6767E+03
2.8184E-01 -0.45 2.1946E+03
3.1623E-01 -0.45 1.7875E+03
3.5481E-01 -0.45 1.4452E+03
3.9811E-01 -0.45 1.1573E+03
4.4668E-01 -0.45 9.1963E+02
5.0119E-01 -0.45 7.2610E+02
5.6234E-01 -0.45 5.6845E+02
6.3096E-01 -0.45 4.4189E+02
7.0795E-01 -0.45 3.4146E+02
7.9433E-01 -0.45 2.6234E+02
8.9125E-01 -0.45 2.0060E+02
1.0000E+00 -0.45 1.5241E+02
1.1220E+00 -0.45 1.1496E+02
1.2589E+00 -0.45 8.6457E+01
1.4125E+00 -0.45 6.4705E+01
1.5849E+00 -0.45 4.8025E+01
1.7783E+00 -0.45 3.5531E+01
1.9953E+00 -0.45 2.6241E+01
2.2387E+00 -0.45 1.9220E+01
2.5119E+00 -0.45 1.4014E+01
2.8184E+00 -0.45 1.0181E+01
3.1623E+00 -0.45 7.3510E+00
3.5481E+00 -0.45 5.3003E+00
3.9811E+00 -0.45 3.8146E+00
4.4668E+00 -0.45 2.7433E+00
5.0119E+00 -0.45 1.9601E+00
5.6234E+00 -0.45 1.4003E+00
6.3096E+00 -0.45 9.9707E-01
7.0795E+00 -0.45 7.0603E-01
7.9433E+00 -0.45 5.0138E-01
8.9125E+00 -0.45 3.5696E-01
1.0000E+01 -0.45 2.5362E-01
1.1220E+01 -0.45 1.7967E-01
1.2589E+01 -0.45 1.2688E-01
1.4125E+01 -0.45 8.9750E-02
1.5849E+01 -0.45 6.3506E-02
1.7783E+01 -0.45 4.4965E-02
1.9953E+01 -0.45 3.1844E-02
2.2387E+01 -0.45 2.2568E-02
2.5119E+01 -0.45 1.5992E-02
2.8184E+01 -0.45 1.1307E-02
3.1623E+01 -0.45 7.9859E-03
3.5481E+01 -0.45 5.6437E-03
3.9811E+01 -0.45 3.9858E-03
4.4668E+01 -0.45 2.8109E-03
5.0119E+01 -0.45 1.9801E-03
5.6234E+01 -0.45 1.3941E-03
6.3096E+01 -0.45 9.8233E-04
7.0795E+01 -0.45 6.8936E-04
7.9433E+01 -0.45 4.8266E-04
8.9125E+01 -0.45 3.3847E-04
1.0000E+02 -0.45 2.3682E-04
1.1220E+02 -0.45 1.6551E-04
1.2589E+02 -0.45 1.1566E-04
1.4125E+02 -0.45 8.0688E-05
1.5849E+02 -0.45 5.6227E-05
1.7783E+02 -0.45 3.9139E-05
1.9953E+02 -0.45 2.7206E-05
2.2387E+02 -0.45 1.8886E-05
2.5119E+02 -0.45 1.3099E-05
2.8184E+02 -0.45 9.0748E-06
3.1623E+02 -0.45 6.3102E-06
3.5481E+02 -0.45 4.3600E-06
3.9811E+02 -0.45 3.0173E-06
4.4668E+02 -0.45 2.0865E-06
5.0119E+02 -0.45 1.4399E-06
5.6234E+02 -0.45 9.9672E-07
6.3096E+02 -0.45 6.8355E-07
7.0795E+02 -0.45 4.7018E-07
7.9433E+02 -0.45 3.2327E-07
8.9125E+02 -0.45 2.2206E-07
1.0000E+03 -0.45 1.5273E-07
1.1220E+03 -0.45 1.0395E-07
1.2589E+03 -0.45 7.0957E-08
1.4125E+03 -0.45 4.8273E-08
1.5849E+03 -0.45 3.2723E-08
1.7783E+03 -0.45 2.2237E-08
1.9953E+03 -0.45 1.5078E-08
2.2387E+03 -0.45 1.0140E-08
2.5119E+03 -0.45 6.8461E-09
2.8184E+03 -0.45 4.6006E-09
3.1623E+03 -0.45 3.1485E-09
3.5481E+03 -0.45 2.0600E-09
3.9811E+03 -0.45 1.3732E-09
4.4668E+03 -0.45 9.1298E-10
5.0119E+03 -0.45 6.0705E-10
5.6234E+03 -0.45 4.0276E-10
6.3096E+03 -0.45 2.6568E-10
7.0795E+03 -0.45 1.7585E-10
7.9433E+03 -0.45 1.1602E-10
8.9125E+03 -0.45 7.6053E-11
1.0000E+04 -0.45 4.9566E-11
1.0000E-01 -0.55 5.5950E+03
1.1220E-01 -0.55 5.0020E+03
1.2589E-01 -0.55 4.4452E+03
1.4125E-01 -0.55 3.9313E+03
1.5849E-01 -0.55 3.4525E+03
1.7783E-01 -0.55 2.9989E+03
1.9953E-01 -0.55 2.5807E+03
2.2387E-01 -0.55 2.2005E+03
2.5119E-01 -0.55 1.8565E+03
2.8184E-01 -0.55 1.5540E+03
3.1623E-01 -0.55 1.2926E+03
3.5481E-01 -0.55 1.0648E+03
3.9811E-01 -0.55 8.7147E+02
4.4668E-01 -0.55 7.0771E+02
5.0119E-01 -0.55 5.6933E+02
5.6234E-01 -0.55 4.5419E+02
6.3096E-01 -0.55 3.5979E+02
7.0795E-01 -0.55 2.8307E+02
7.9433E-01 -0.55 2.2078E+02
8.9125E-01 -0.55 1.7135E+02
1.0000E+00 -0.55 1.3230E+02
1.1220E+00 -0.55 1.0134E+02
1.2589E+00 -0.55 7.6986E+01
1.4125E+00 -0.55 5.8235E+01
1.5849E+00 -0.55 4.3801E+01
1.7783E+00 -0.55 3.2565E+01
1.9953E+00 -0.55 2.4052E+01
2.2387E+00 -0.55 1.7710E+01
2.5119E+00 -0.55 1.2943E+01
2.8184E+00 -0.55 9.4094E+00
3.1623E+00 -0.55 6.8457E+00
3.5481E+00 -0.55 4.9374E+00
3.9811E+00 -0.55 3.5504E+00
4.4668E+00 -0.55 2.5463E+00
5.0119E+00 -0.55 1.8208E+00
5.6234E+00 -0.55 1.3005E+00
6.3096E+00 -0.55 9.2723E-01
7.0795E+00 -0.55 6.5804E-01
7.9433E+00 -0.55 4.6885E-01
8.9125E+00 -0.55 3.3432E-01
1.0000E+01 -0.55 2.3589E-01
1.1220E+01 -0.55 1.6664E-01
1.2589E+01 -0.55 1.1772E-01
1.4125E+01 -0.55 8.3308E-02
1.5849E+01 -0.55 5.9101E-02
1.7783E+01 -0.55 4.1878E-02
1.9953E+01 -0.55 2.9722E-02
2.2387E+01 -0.55 2.0936E-02
2.5119E+01 -0.55 1.4808E-02
2.8184E+01 -0.55 1.0508E-02
3.1623E+01 -0.55 7.3917E-03
3.5481E+01 -0.55 5.2182E-03
3.9811E+01 -0.55 3.6799E-03
4.4668E+01 -0.55 2.5943E-03
5.0119E+01 -0.55 1.8266E-03
5.6234E+01 -0.55 1.2821E-03
6.3096E+01 -0.55 8.9934E-04
7.0795E+01 -0.55 6.3087E-04
7.9433E+01 -0.55 4.4189E-04
8.9125E+01 -0.55 3.0912E-04
1.0000E+02 -0.55 2.1610E-04
1.1220E+02 -0.55 1.5068E-04
1.2589E+02 -0.55 1.0510E-04
1.4125E+02 -0.55 7.3154E-05
1.5849E+02 -0.55 5.0855E-05
1.7783E+02 -0.55 3.5375E-05
1.9953E+02 -0.55 2.4526E-05
2.2387E+02 -0.55 1.7026E-05
2.5119E+02 -0.55 1.1793E-05
2.8184E+02 -0.55 8.1603E-06
3.1623E+02 -0.55 5.6731E-06
3.5481E+02 -0.55 3.9171E-06
3.9811E+02 -0.55 2.7066E-06
4.4668E+02 -0.55 1.8658E-06
5.0119E+02 -0.55 1.2873E-06
5.6234E+02 -0.55 8.9010E-07
6.3096E+02 -0.55 6.1000E-07
7.0795E+02 -0.55 4.1881E-07
7.9433E+02 -0.55 2.8661E-07
8.9125E+02 -0.55 1.9554E-07
1.0000E+03 -0.55 1.3440E-07
1.1220E+03 -0.55 9.1085E-08
1.2589E+03 -0.55 6.2068E-08
1.4125E+03 -0.55 4.2060E-08
1.5849E+03 -0.55 2.8478E-08
1.7783E+03 -0.55 1.9206E-08
1.9953E+03 -0.55 1.2951E-08
2.2387E+03 -0.55 8.6964E-09
2.5119E+03 -0.55 5.8228E-09
2.8184E+03 -0.55 3.9037E-09
3.1623E+03 -0.55 2.6786E-09
3.5481E+03 -0.55 1.7340E-09
3.9811E+03 -0.55 1.1539E-09
4.4668E+03 -0.55 7.6958E-10
5.0119E+03 -0.55 5.1002E-10
5.6234E+03 -0.55 3.3562E-10
6.3096E+03 -0.55 2.2214E-10
7.0795E+03 -0.55 1.4588E-10
7.9433E+03 -0.55 9.6083E-11
8.9125E+03 -0.55 6.3167E-11
1.0000E+04 -0.55 4.1155E-11
1.0000E-01 -0.65 3.6196E+03
1.1220E-01 -0.65 3.2698E+03
1.2589E-01 -0.65 2.9327E+03
1.4125E-01 -0.65 2.6199E+03
1.5849E-01 -0.65 2.3210E+03
1.7783E-01 -0.65 2.0368E+03
1.9953E-01 -0.65 1.7687E+03
2.2387E-01 -0.65 1.5206E+03
2.5119E-01 -0.65 1.2992E+03
2.8184E-01 -0.65 1.1005E+03
3.1623E-01 -0.65 9.2290E+02
3.5481E-01 -0.65 7.6855E+02
3.9811E-01 -0.65 6.3617E+02
4.4668E-01 -0.65 5.2310E+02
5.0119E-01 -0.65 4.2697E+02
5.6234E-01 -0.65 3.4577E+02
6.3096E-01 -0.65 2.7784E+02
7.0795E-01 -0.65 2.2175E+02
7.9433E-01 -0.65 1.7580E+02
8.9125E-01 -0.65 1.3853E+02
1.0000E+00 -0.65 1.0844E+02
1.1220E+00 -0.65 8.4330E+01
1.2589E+00 -0.65 6.4990E+01
1.4125E+00 -0.65 4.9746E+01
1.5849E+00 -0.65 3.7817E+01
1.7783E+00 -0.65 2.8560E+01
1.9953E+00 -0.65 2.1374E+01
2.2387E+00 -0.65 1.5918E+01
2.5119E+00 -0.65 1.1790E+01
2.8184E+00 -0.65 8.6483E+00
3.1623E+00 -0.65 6.2948E+00
3.5481E+00 -0.65 4.5700E+00
3.9811E+00 -0.65 3.3075E+00
4.4668E+00 -0.65 2.3841E+00
5.0119E+00 -0.65 1.7093E+00
5.6234E+00 -0.65 1.2208E+00
6.3096E+00 -0.65 8.7140E-01
7.0795E+00 -0.65 6.2019E-01
7.9433E+00 -0.65 4.4072E-01
8.9125E+00 -0.65 3.1126E-01
1.0000E+01 -0.65 2.2163E-01
1.1220E+01 -0.65 1.5665E-01
1.2589E+01 -0.65 1.1075E-01
1.4125E+01 -0.65 7.8398E-02
1.5849E+01 -0.65 5.5503E-02
1.7783E+01 -0.65 3.9313E-02
1.9953E+01 -0.65 2.7631E-02
2.2387E+01 -0.65 1.9488E-02
2.5119E+01 -0.65 1.3820E-02
2.8184E+01 -0.65 9.8197E-03
3.1623E+01 -0.65 6.9304E-03
3.5481E+01 -0.65 4.8838E-03
3.9811E+01 -0.65 3.4394E-03
4.4668E+01 -0.65 2.4181E-03
5.0119E+01 -0.65 1.7007E-03
5.6234E+01 -0.65 1.1947E-03
6.3096E+01 -0.65 8.3715E-04
7.0795E+01 -0.65 5.8558E-04
7.9433E+01 -0.65 4.1023E-04
8.9125E+01 -0.65 2.8652E-04
1.0000E+02 -0.65 1.9957E-04
1.1220E+02 -0.65 1.3902E-04
1.2589E+02 -0.65 9.6788E-05
1.4125E+02 -0.65 6.7341E-05
1.5849E+02 -0.65 4.6818E-05
1.7783E+02 -0.65 3.2527E-05
1.9953E+02 -0.65 2.2557E-05
2.2387E+02 -0.65 1.5614E-05
2.5119E+02 -0.65 1.0811E-05
2.8184E+02 -0.65 7.4841E-06
3.1623E+02 -0.65 5.1896E-06
3.5481E+02 -0.65 3.5785E-06
3.9811E+02 -0.65 2.4707E-06
4.4668E+02 -0.65 1.7008E-06
5.0119E+02 -0.65 1.1703E-06
5.6234E+02 -0.65 8.0830E-07
6.3096E+02 -0.65 5.5198E-07
7.0795E+02 -0.65 3.7812E-07
7.9433E+02 -0.65 2.5869E-07
8.9125E+02 -0.65 1.7647E-07
1.0000E+03 -0.65 1.2114E-07
1.1220E+03 -0.65 8.1478E-08
1.2589E+03 -0.65 5.5340E-08
1.4125E+03 -0.65 3.7496E-08
1.5849E+03 -0.65 2.5305E-08
1.7783E+03 -0.65 1.7051E-08
1.9953E+03 -0.65 1.1460E-08
2.2387E+03 -0.65 7.6783E-09
2.5119E+03 -0.65 5.1368E-09
2.8184E+03 -0.65 3.4143E-09
3.1623E+03 -0.65 2.3396E-09
3.5481E+03 -0.65 1.5138E-09
3.9811E+03 -0.65 1.0053E-09
4.4668E+03 -0.65 6.6474E-10
5.0119E+03 -0.65 4.3842E-10
5.6234E+03 -0.65 2.8848E-10
6.3096E+03 -0.65 1.9126E-10
7.0795E+03 -0.65 1.2579E-10
7.9433E+03 -0.65 8.2121E-11
8.9125E+03 -0.65 5.3867E-11
1.0000E+04 -0.65 3.5335E-11
1.0000E-01 -0.75 3.1162E+03
1.1220E-01 -0.75 2.8272E+03
1.2589E-01 -0.75 2.5549E+03
1.4125E-01 -0.75 2.2894E+03
1.5849E-01 -0.75 2.0308E+03
1.7783E-01 -0.75 1.7866E+03
1.9953E-01 -0.75 1.5550E+03
2.2387E-01 -0.75 1.3422E+03
2.5119E-01 -0.75 1.1480E+03
2.8184E-01 -0.75 9.7204E+02
3.1623E-01 -0.75 8.1887E+02
3.5481E-01 -0.75 6.8371E+02
3.9811E-01 -0.75 5.6528E+02
4.4668E-01 -0.75 4.6607E+02
5.0119E-01 -0.75 3.8206E+02
5.6234E-01 -0.75 3.0956E+02
6.3096E-01 -0.75 2.4867E+02
7.0795E-01 -0.75 1.9926E+02
7.9433E-01 -0.75 1.5883E+02
8.9125E-01 -0.75 1.2533E+02
1.0000E+00 -0.75 9.8339E+01
1.1220E+00 -0.75 7.6578E+01
1.2589E+00 -0.75 5.9366E+01
1.4125E+00 -0.75 4.5646E+01
1.5849E+00 -0.75 3.4725E+01
1.7783E+00 -0.75 2.6301E+01
1.9953E+00 -0.75 1.9780E+01
2.2387E+00 -0.75 1.4732E+01
2.5119E+00 -0.75 1.0903E+01
2.8184E+00 -0.75 8.0589E+00
3.1623E+00 -0.75 5.9007E+00
3.5481E+00 -0.75 4.3014E+00
3.9811E+00 -0.75 3.1160E+00
4.4668E+00 -0.75 2.2494E+00
5.0119E+00 -0.75 1.6187E+00
5.6234E+00 -0.75 1.1590E+00
6.3096E+00 -0.75 8.2740E-01
7.0795E+00 -0.75 5.8884E-01
7.9433E+00 -0.75 4.2009E-01
8.9125E+00 -0.75 2.9914E-01
1.0000E+01 -0.75 2.1093E-01
1.1220E+01 -0.75 1.4940E-01
1.2589E+01 -0.75 1.0566E-01
1.4125E+01 -0.75 7.4598E-02
1.5849E+01 -0.75 5.2843E-02
1.7783E+01 -0.75 3.7513E-02
1.9953E+01 -0.75 2.6577E-02
2.2387E+01 -0.75 1.8757E-02
2.5119E+01 -0.75 1.3176E-02
2.8184E+01 -0.75 9.2772E-03
3.1623E+01 -0.75 6.5728E-03
3.5481E+01 -0.75 4.6296E-03
3.9811E+01 -0.75 3.2571E-03
4.4668E+01 -0.75 2.2898E-03
5.0119E+01 -0.75 1.6061E-03
5.6234E+01 -0.75 1.1271E-03
6.3096E+01 -0.75 7.9005E-04
7.0795E+01 -0.75 5.5122E-04
7.9433E+01 -0.75 3.8494E-04
8.9125E+01 -0.75 2.6832E-04
1.0000E+02 -0.75 1.8737E-04
1.1220E+02 -0.75 1.3027E-04
1.2589E+02 -0.75 9.0625E-05
1.4125E+02 -0.75 6.3064E-05
1.5849E+02 -0.75 4.3769E-05
1.7783E+02 -0.75 3.0326E-05
1.9953E+02 -0.75 2.1024E-05
2.2387E+02 -0.75 1.4520E-05
2.5119E+02 -0.75 1.0043E-05
2.8184E+02 -0.75 6.9623E-06
3.1623E+02 -0.75 4.8258E-06
3.5481E+02 -0.75 3.3200E-06
3.9811E+02 -0.75 2.2865E-06
4.4668E+02 -0.75 1.5733E-06
5.0119E+02 -0.75 1.0852E-06
5.6234E+02 -0.75 7.4738E-07
6.3096E+02 -0.75 5.0869E-07
7.0795E+02 -0.75 3.4799E-07
7.9433E+02 -0.75 2.3731E-07
8.9125E+02 -0.75 1.6124E-07
1.0000E+03 -0.75 1.1055E-07
1.1220E+03 -0.75 7.4231E-08
1.2589E+03 -0.75 5.0150E-08
1.4125E+03 -0.75 3.3858E-08
1.5849E+03 -0.75 2.2790E-08
1.7783E+03 -0.75 1.5300E-08
1.9953E+03 -0.75 1.0242E-08
2.2387E+03 -0.75 6.8673E-09
2.5119E+03 -0.75 4.5849E-09
2.8184E+03 -0.75 3.0623E-09
3.1623E+03 -0.75 2.0899E-09
3.5481E+03 -0.75 1.3458E-09
3.9811E+03 -0.75 8.8828E-10
4.4668E+03 -0.75 5.8778E-10
5.0119E+03 -0.75 3.8795E-10
5.6234E+03 -0.75 2.5660E-10
6.3096E+03 -0.75 1.6827E-10
7.0795E+03 -0.75 1.1041E-10
7.9433E+03 -0.75 7.2124E-11
8.9125E+03 -0.75 4.6957E-11
1.0000E+04 -0.75 3.0711E-11
1.0000E-01 -0.85 4.3374E+03
1.1220E-01 -0.85 3.9433E+03
1.2589E-01 -0.85 3.5551E+03
1.4125E-01 -0.85 3.1802E+03
1.5849E-01 -0.85 2.8195E+03
1.7783E-01 -0.85 2.4717E+03
1.9953E-01 -0.85 2.1442E+03
2.2387E-01 -0.85 1.8370E+03
2.5119E-01 -0.85 1.5553E+03
2.8184E-01 -0.85 1.3057E+03
3.1623E-01 -0.85 1.0867E+03
3.5481E-01 -0.85 8.9563E+02
3.9811E-01 -0.85 7.3241E+02
4.4668E-01 -0.85 5.9392E+02
5.0119E-01 -0.85 4.7795E+02
5.6234E-01 -0.85 3.8167E+02
6.3096E-01 -0.85 3.0168E+02
7.0795E-01 -0.85 2.3702E+02
7.9433E-01 -0.85 1.8517E+02
8.9125E-01 -0.85 1.4362E+02
1.0000E+00 -0.85 1.1063E+02
1.1220E+00 -0.85 8.4672E+01
1.2589E+00 -0.85 6.4386E+01
1.4125E+00 -0.85 4.8691E+01
1.5849E+00 -0.85 3.6562E+01
1.7783E+00 -0.85 2.7305E+01
1.9953E+00 -0.85 2.0291E+01
2.2387E+00 -0.85 1.4969E+01
2.5119E+00 -0.85 1.0956E+01
2.8184E+00 -0.85 7.9869E+00
3.1623E+00 -0.85 5.8042E+00
3.5481E+00 -0.85 4.1963E+00
3.9811E+00 -0.85 3.0265E+00
4.4668E+00 -0.85 2.1747E+00
5.0119E+00 -0.85 1.5564E+00
5.6234E+00 -0.85 1.1100E+00
6.3096E+00 -0.85 7.9212E-01
7.0795E+00 -0.85 5.6555E-01
7.9433E+00 -0.85 4.0201E-01
8.9125E+00 -0.85 2.8510E-01
1.0000E+01 -0.85 2.0209E-01
1.1220E+01 -0.85 1.4298E-01
1.2589E+01 -0.85 1.0117E-01
1.4125E+01 -0.85 7.1575E-02
1.5849E+01 -0.85 5.0728E-02
1.7783E+01 -0.85 3.5914E-02
1.9953E+01 -0.85 2.5404E-02
2.2387E+01 -0.85 1.7925E-02
2.5119E+01 -0.85 1.2637E-02
2.8184E+01 -0.85 8.8767E-03
3.1623E+01 -0.85 6.2903E-03
3.5481E+01 -0.85 4.4217E-03
3.9811E+01 -0.85 3.1045E-03
4.4668E+01 -0.85 2.1812E-03
5.0119E+01 -0.85 1.5293E-03
5.6234E+01 -0.85 1.0724E-03
6.3096E+01 -0.85 7.5097E-04
7.0795E+01 -0.85 5.2366E-04
7.9433E+01 -0.85 3.6594E-04
8.9125E+01 -0.85 2.5476E-04
1.0000E+02 -0.85 1.7798E-04
1.1220E+02 -0.85 1.2365E-04
1.2589E+02 -0.85 8.5834E-05
1.4125E+02 -0.85 5.9545E-05
1.5849E+02 -0.85 4.1346E-05
1.7783E+02 -0.85 2.8743E-05
1.9953E+02 -0.85 1.9916E-05
2.2387E+02 -0.85 1.3744E-05
2.5119E+02 -0.85 9.5001E-06
2.8184E+02 -0.85 6.5399E-06
3.1623E+02 -0.85 4.5466E-06
3.5481E+02 -0.85 3.1235E-06
3.9811E+02 -0.85 2.1481E-06
4.4668E+02 -0.85 1.4758E-06
5.0119E+02 -0.85 1.0136E-06
5.6234E+02 -0.85 6.9789E-07
6.3096E+02 -0.85 4.7410E-07
7.0795E+02 -0.85 3.2368E-07
7.9433E+02 -0.85 2.2070E-07
8.9125E+02 -0.85 1.5027E-07
1.0000E+03 -0.85 1.0247E-07
1.1220E+03 -0.85 6.8693E-08
1.2589E+03 -0.85 4.6513E-08
1.4125E+03 -0.85 3.1280E-08
1.5849E+03 -0.85 2.0927E-08
1.7783E+03 -0.85 1.3987E-08
1.9953E+03 -0.85 9.4289E-09
2.2387E+03 -0.85 6.2769E-09
2.5119E+03 -0.85 4.1725E-09
2.8184E+03 -0.85 2.7942E-09
3.1623E+03 -0.85 1.9029E-09
3.5481E+03 -0.85 1.2199E-09
3.9811E+03 -0.85 8.0721E-10
4.4668E+03 -0.85 5.3437E-10
5.0119E+03 -0.85 3.5042E-10
5.6234E+03 -0.85 2.3049E-10
6.3096E+03 -0.85 1.5192E-10
7.0795E+03 -0.85 9.9660E-11
7.9433E+03 -0.85 6.5694E-11
8.9125E+03 -0.85 4.2665E-11
1.0000E+04 -0.85 2.7605E-11
1.0000E-01 -0.95 9.0468E+03
1.1220E-01 -0.95 8.1484E+03
1.2589E-01 -0.95 7.2770E+03
1.4125E-01 -0.95 6.4318E+03
1.5849E-01 -0.95 5.6092E+03
1.7783E-01 -0.95 4.8265E+03
1.9953E-01 -0.95 4.0957E+03
2.2387E-01 -0.95 3.4268E+03
2.5119E-01 -0.95 2.8292E+03
2.8184E-01 -0.95 2.3087E+03
3.1623E-01 -0.95 1.8623E+03
3.5481E-01 -0.95 1.4851E+03
3.9811E-01 -0.95 1.1725E+03
4.4668E-01 -0.95 9.1728E+02
5.0119E-01 -0.95 7.0989E+02
5.6234E-01 -0.95 5.4443E+02
6.3096E-01 -0.95 4.1564E+02
7.0795E-01 -0.95 3.1543E+02
7.9433E-01 -0.95 2.3732E+02
8.9125E-01 -0.95 1.7767E+02
1.0000E+00 -0.95 1.3235E+02
1.1220E+00 -0.95 9.8412E+01
1.2589E+00 -0.95 7.2849E+01
1.4125E+00 -0.95 5.3645E+01
1.5849E+00 -0.95 3.9365E+01
1.7783E+00 -0.95 2.8851E+01
1.9953E+00 -0.95 2.1043E+01
2.2387E+00 -0.95 1.5254E+01
2.5119E+00 -0.95 1.1018E+01
2.8184E+00 -0.95 7.9451E+00
3.1623E+00 -0.95 5.7092E+00
3.5481E+00 -0.95 4.0983E+00
3.9811E+00 -0.95 2.9402E+00
4.4668E+00 -0.95 2.1055E+00
5.0119E+00 -0.95 1.5021E+00
5.6234E+00 -0.95 1.0676E+00
6.3096E+00 -0.95 7.6355E-01
7.0795E+00 -0.95 5.4436E-01
7.9433E+00 -0.95 3.8582E-01
8.9125E+00 -0.95 2.7416E-01
1.0000E+01 -0.95 1.9424E-01
1.1220E+01 -0.95 1.3739E-01
1.2589E+01 -0.95 9.7351E-02
1.4125E+01 -0.95 6.9059E-02
1.5849E+01 -0.95 4.8911E-02
1.7783E+01 -0.95 3.4608E-02
1.9953E+01 -0.95 2.4396E-02
2.2387E+01 -0.95 1.7222E-02
2.5119E+01 -0.95 1.2177E-02
2.8184E+01 -0.95 8.5549E-03
3.1623E+01 -0.95 6.0379E-03
3.5481E+01 -0.95 4.2415E-03
3.9811E+01 -0.95 2.9821E-03
4.4668E+01 -0.95 2.0944E-03
5.0119E+01 -0.95 1.4695E-03
5.6234E+01 -0.95 1.0283E-03
6.3096E+01 -0.95 7.1774E-04
7.0795E+01 -0.95 5.0165E-04
7.9433E+01 -0.95 3.5027E-04
8.9125E+01 -0.95 2.4434E-04
1.0000E+02 -0.95 1.7009E-04
1.1220E+02 -0.95 1.1813E-04
1.2589E+02 -0.95 8.2253E-05
1.4125E+02 -0.95 5.7071E-05
1.5849E+02 -0.95 3.9518E-05
1.7783E+02 -0.95 2.7426E-05
1.9953E+02 -0.95 1.8983E-05
2.2387E+02 -0.95 1.3090E-05
2.5119E+02 -0.95 9.0409E-06
2.8184E+02 -0.95 6.2403E-06
3.1623E+02 -0.95 4.3222E-06
3.5481E+02 -0.95 2.9657E-06
3.9811E+02 -0.95 2.0390E-06
4.4668E+02 -0.95 1.3986E-06
5.0119E+02 -0.95 9.5995E-07
5.6234E+02 -0.95 6.6151E-07
6.3096E+02 -0.95 4.4881E-07
7.0795E+02 -0.95 3.0575E-07
7.9433E+02 -0.95 2.0793E-07
8.9125E+02 -0.95 1.4094E-07
1.0000E+03 -0.95 9.6047E-08
1.1220E+03 -0.95 6.4406E-08
1.2589E+03 -0.95 4.3483E-08
1.4125E+03 -0.95 2.9164E-08
1.5849E+03 -0.95 1.9546E-08
1.7783E+03 -0.95 1.3092E-08
1.9953E+03 -0.95 8.7396E-09
2.2387E+03 -0.95 5.8349E-09
2.5119E+03 -0.95 3.8787E-09
2.8184E+03 -0.95 2.5803E-09
3.1623E+03 -0.95 1.7630E-09
3.5481E+03 -0.95 1.1309E-09
3.9811E+03 -0.95 7.4541E-10
4.4668E+03 -0.95 4.9252E-10
5.0119E+03 -0.95 3.2411E-10
5.6234E+03 -0.95 2.1293E-10
6.3096E+03 -0.95 1.4007E-10
7.0795E+03 -0.95 9.1721E-11
7.9433E+03 -0.95 5.9798E-11
8.9125E+03 -0.95 3.9005E-11
1.0000E+04 -0.95 2.5275E-11
