1.0000E-01 0.95 2.0124E+03
1.1220E-01 0.95 1.8186E+03
1.2589E-01 0.95 1.6302E+03
1.4125E-01 0.95 1.4466E+03
1.5849E-01 0.95 1.2703E+03
1.7783E-01 0.95 1.1062E+03
1.9953E-01 0.95 9.5141E+02
2.2387E-01 0.95 8.1096E+02
2.5119E-01 0.95 6.8537E+02
2.8184E-01 0.95 5.7214E+02
3.1623E-01 0.95 4.7180E+02
3.5481E-01 0.95 3.8582E+02
3.9811E-01 0.95 3.1331E+02
4.4668E-01 0.95 2.5196E+02
5.0119E-01 0.95 2.0035E+02
5.6234E-01 0.95 1.5769E+02
6.3096E-01 0.95 1.2308E+02
7.0795E-01 0.95 9.5400E+01
7.9433E-01 0.95 7.3448E+01
8.9125E-01 0.95 5.5757E+01
1.0000E+00 0.95 4.1980E+01
1.1220E+00 0.95 3.1375E+01
1.2589E+00 0.95 2.3268E+01
1.4125E+00 0.95 1.7124E+01
1.5849E+00 0.95 1.2498E+01
1.7783E+00 0.95 9.0375E+00
1.9953E+00 0.95 6.4897E+00
2.2387E+00 0.95 4.6232E+00
2.5119E+00 0.95 3.2539E+00
2.8184E+00 0.95 2.2742E+00
3.1623E+00 0.95 1.5930E+00
3.5481E+00 0.95 1.1025E+00
3.9811E+00 0.95 7.5438E-01
4.4668E+00 0.95 5.1483E-01
5.0119E+00 0.95 3.5080E-01
5.6234E+00 0.95 2.3865E-01
6.3096E+00 0.95 1.6223E-01
7.0795E+00 0.95 1.0955E-01
7.9433E+00 0.95 7.3463E-02
8.9125E+00 0.95 4.9128E-02
1.0000E+01 0.95 3.2838E-02
1.1220E+01 0.95 2.1959E-02
1.2589E+01 0.95 1.4677E-02
1.4125E+01 0.95 9.7945E-03
1.5849E+01 0.95 6.5464E-03
1.7783E+01 0.95 4.3589E-03
1.9953E+01 0.95 2.9304E-03
2.2387E+01 0.95 1.9761E-03
2.5119E+01 0.95 1.3146E-03
2.8184E+01 0.95 8.8388E-04
3.1623E+01 0.95 5.8761E-04
3.5481E+01 0.95 3.9478E-04
3.9811E+01 0.95 2.6522E-04
4.4668E+01 0.95 1.7888E-04
5.0119E+01 0.95 1.2077E-04
5.6234E+01 0.95 8.1215E-05
6.3096E+01 0.95 5.4709E-05
7.0795E+01 0.95 3.6817E-05
7.9433E+01 0.95 2.4985E-05
8.9125E+01 0.95 1.7026E-05
1.0000E+02 0.95 1.1504E-05
1.1220E+02 0.95 7.7651E-06
1.2589E+02 0.95 5.2752E-06
1.4125E+02 0.95 3.5736E-06
1.5849E+02 0.95 2.4192E-06
1.7783E+02 0.95 1.6443E-06
1.9953E+02 0.95 1.1107E-06
2.2387E+02 0.95 7.4867E-07
2.5119E+02 0.95 5.0765E-07
2.8184E+02 0.95 3.4189E-07
3.1623E+02 0.95 2.2855E-07
3.5481E+02 0.95 1.5421E-07
3.9811E+02 0.95 1.0472E-07
4.4668E+02 0.95 7.0393E-08
5.0119E+02 0.95 4.7276E-08
5.6234E+02 0.95 3.1493E-08
6.3096E+02 0.95 2.0915E-08
7.0795E+02 0.95 1.3961E-08
7.9433E+02 0.95 9.3709E-09
8.9125E+02 0.95 6.2024E-09
1.0000E+03 0.95 4.1311E-09
1.1220E+03 0.95 2.7204E-09
1.2589E+03 0.95 1.7934E-09
1.4125E+03 0.95 1.1882E-09
1.5849E+03 0.95 7.8774E-10
1.7783E+03 0.95 5.2784E-10
1.9953E+03 0.95 3.4431E-10
2.2387E+03 0.95 2.2939E-10
2.5119E+03 0.95 1.4914E-10
2.8184E+03 0.95 9.7251E-11
3.1623E+03 0.95 6.3559E-11
3.5481E+03 0.95 4.1839E-11
3.9811E+03 0.95 2.7073E-11
4.4668E+03 0.95 1.7897E-11
5.0119E+03 0.95 1.2280E-11
5.6234E+03 0.95 8.1655E-12
6.3096E+03 0.95 5.0000E-12
7.0795E+03 0.95 3.2115E-12
7.9433E+03 0.95 2.0895E-12
8.9125E+03 0.95 1.3798E-12
1.0000E+04 0.95 9.2022E-13
1.0000E-01 0.85 2.0512E+03
1.1220E-01 0.85 1.8553E+03
1.2589E-01 0.85 1.6600E+03
1.4125E-01 0.85 1.4708E+03
1.5849E-01 0.85 1.2923E+03
1.7783E-01 0.85 1.1248E+03
1.9953E-01 0.85 9.6961E+02
2.2387E-01 0.85 8.2613E+02
2.5119E-01 0.85 6.9878E+02
2.8184E-01 0.85 5.8584E+02
3.1623E-01 0.85 4.8532E+02
3.5481E-01 0.85 3.9734E+02
3.9811E-01 0.85 3.2200E+02
4.4668E-01 0.85 2.5933E+02
5.0119E-01 0.85 2.0711E+02
5.6234E-01 0.85 1.6418E+02
6.3096E-01 0.85 1.2868E+02
7.0795E-01 0.85 9.9692E+01
7.9433E-01 0.85 7.6711E+01
8.9125E-01 0.85 5.8493E+01
1.0000E+00 0.85 4.4413E+01
1.1220E+00 0.85 3.3397E+01
1.2589E+00 0.85 2.4875E+01
1.4125E+00 0.85 1.8365E+01
1.5849E+00 0.85 1.3443E+01
1.7783E+00 0.85 9.7958E+00
1.9953E+00 0.85 7.0374E+00
2.2387E+00 0.85 4.9870E+00
2.5119E+00 0.85 3.5359E+00
2.8184E+00 0.85 2.5038E+00
3.1623E+00 0.85 1.7467E+00
3.5481E+00 0.85 1.2100E+00
3.9811E+00 0.85 8.3704E-01
4.4668E+00 0.85 5.7515E-01
5.0119E+00 0.85 3.9234E-01
5.6234E+00 0.85 2.6696E-01
6.3096E+00 0.85 1.8115E-01
7.0795E+00 0.85 1.2200E-01
7.9433E+00 0.85 8.2430E-02
8.9125E+00 0.85 5.5503E-02
1.0000E+01 0.85 3.7116E-02
1.1220E+01 0.85 2.4705E-02
1.2589E+01 0.85 1.6506E-02
1.4125E+01 0.85 1.1083E-02
1.5849E+01 0.85 7.3341E-03
1.7783E+01 0.85 4.9230E-03
1.9953E+01 0.85 3.3074E-03
2.2387E+01 0.85 2.1896E-03
2.5119E+01 0.85 1.4846E-03
2.8184E+01 0.85 9.8862E-04
3.1623E+01 0.85 6.5630E-04
3.5481E+01 0.85 4.3908E-04
3.9811E+01 0.85 2.9566E-04
4.4668E+01 0.85 1.9844E-04
5.0119E+01 0.85 1.3294E-04
5.6234E+01 0.85 8.9273E-05
6.3096E+01 0.85 6.0226E-05
7.0795E+01 0.85 4.0635E-05
7.9433E+01 0.85 2.7427E-05
8.9125E+01 0.85 1.8541E-05
1.0000E+02 0.85 1.2578E-05
1.1220E+02 0.85 8.4749E-06
1.2589E+02 0.85 5.7258E-06
1.4125E+02 0.85 3.8685E-06
1.5849E+02 0.85 2.6206E-06
1.7783E+02 0.85 1.7833E-06
1.9953E+02 0.85 1.2053E-06
2.2387E+02 0.85 8.1119E-07
2.5119E+02 0.85 5.4972E-07
2.8184E+02 0.85 3.7880E-07
3.1623E+02 0.85 2.5066E-07
3.5481E+02 0.85 1.6839E-07
3.9811E+02 0.85 1.1326E-07
4.4668E+02 0.85 7.6248E-08
5.0119E+02 0.85 5.1639E-08
5.6234E+02 0.85 3.4479E-08
6.3096E+02 0.85 2.2899E-08
7.0795E+02 0.85 1.5283E-08
7.9433E+02 0.85 1.0262E-08
8.9125E+02 0.85 6.8791E-09
1.0000E+03 0.85 4.5669E-09
1.1220E+03 0.85 3.0460E-09
1.2589E+03 0.85 2.0125E-09
1.4125E+03 0.85 1.3102E-09
1.5849E+03 0.85 8.7413E-10
1.7783E+03 0.85 5.8231E-10
1.9953E+03 0.85 3.8236E-10
2.2387E+03 0.85 2.5111E-10
2.5119E+03 0.85 1.6454E-10
2.8184E+03 0.85 1.0752E-10
3.1623E+03 0.85 7.0172E-11
3.5481E+03 0.85 4.6656E-11
3.9811E+03 0.85 3.0621E-11
4.4668E+03 0.85 2.0258E-11
5.0119E+03 0.85 1.3271E-11
5.6234E+03 0.85 8.2620E-12
6.3096E+03 0.85 5.5795E-12
7.0795E+03 0.85 3.6517E-12
7.9433E+03 0.85 2.4607E-12
8.9125E+03 0.85 1.5405E-12
1.0000E+04 0.85 1.0013E-12
1.0000E-01 0.75 2.1035E+03
1.1220E-01 0.75 1.9014E+03
1.2589E-01 0.75 1.7000E+03
1.4125E-01 0.75 1.5023E+03
1.5849E-01 0.75 1.3170E+03
1.7783E-01 0.75 1.1445E+03
1.9953E-01 0.75 9.8621E+02
2.2387E-01 0.75 8.4214E+02
2.5119E-01 0.75 7.1124E+02
2.8184E-01 0.75 5.9638E+02
3.1623E-01 0.75 4.9563E+02
3.5481E-01 0.75 4.0665E+02
3.9811E-01 0.75 3.3146E+02
4.4668E-01 0.75 2.6820E+02
5.0119E-01 0.75 2.1457E+02
5.6234E-01 0.75 1.7021E+02
6.3096E-01 0.75 1.3408E+02
7.0795E-01 0.75 1.0441E+02
7.9433E-01 0.75 8.0612E+01
8.9125E-01 0.75 6.1757E+01
1.0000E+00 0.75 4.7000E+01
1.1220E+00 0.75 3.5448E+01
1.2589E+00 0.75 2.6504E+01
1.4125E+00 0.75 1.9628E+01
1.5849E+00 0.75 1.4466E+01
1.7783E+00 0.75 1.0579E+01
1.9953E+00 0.75 7.6481E+00
2.2387E+00 0.75 5.4677E+00
2.5119E+00 0.75 3.8944E+00
2.8184E+00 0.75 2.7732E+00
3.1623E+00 0.75 1.9285E+00
3.5481E+00 0.75 1.3437E+00
3.9811E+00 0.75 9.2952E-01
4.4668E+00 0.75 6.3945E-01
5.0119E+00 0.75 4.3726E-01
5.6234E+00 0.75 2.9732E-01
6.3096E+00 0.75 2.0231E-01
7.0795E+00 0.75 1.3776E-01
7.9433E+00 0.75 9.3163E-02
8.9125E+00 0.75 6.2829E-02
1.0000E+01 0.75 4.1909E-02
1.1220E+01 0.75 2.8052E-02
1.2589E+01 0.75 1.8780E-02
1.4125E+01 0.75 1.2486E-02
1.5849E+01 0.75 8.3586E-03
1.7783E+01 0.75 5.6191E-03
1.9953E+01 0.75 3.7406E-03
2.2387E+01 0.75 2.5180E-03
2.5119E+01 0.75 1.6738E-03
2.8184E+01 0.75 1.0984E-03
3.1623E+01 0.75 7.4579E-04
3.5481E+01 0.75 4.9885E-04
3.9811E+01 0.75 3.3403E-04
4.4668E+01 0.75 2.2413E-04
5.0119E+01 0.75 1.5020E-04
5.6234E+01 0.75 1.0115E-04
6.3096E+01 0.75 6.7982E-05
7.0795E+01 0.75 4.5550E-05
7.9433E+01 0.75 3.0469E-05
8.9125E+01 0.75 2.0587E-05
1.0000E+02 0.75 1.3995E-05
1.1220E+02 0.75 9.4202E-06
1.2589E+02 0.75 6.3860E-06
1.4125E+02 0.75 4.2958E-06
1.5849E+02 0.75 2.8865E-06
1.7783E+02 0.75 1.9578E-06
1.9953E+02 0.75 1.3175E-06
2.2387E+02 0.75 8.9368E-07
2.5119E+02 0.75 6.1254E-07
2.8184E+02 0.75 4.1118E-07
3.1623E+02 0.75 2.7513E-07
3.5481E+02 0.75 1.8562E-07
3.9811E+02 0.75 1.2490E-07
4.4668E+02 0.75 8.3785E-08
5.0119E+02 0.75 5.5859E-08
5.6234E+02 0.75 3.7659E-08
6.3096E+02 0.75 2.5135E-08
7.0795E+02 0.75 1.6805E-08
7.9433E+02 0.75 1.1273E-08
8.9125E+02 0.75 7.4333E-09
1.0000E+03 0.75 5.0286E-09
1.1220E+03 0.75 3.3354E-09
1.2589E+03 0.75 2.1926E-09
1.4125E+03 0.75 1.4631E-09
1.5849E+03 0.75 9.7281E-10
1.7783E+03 0.75 6.5345E-10
1.9953E+03 0.75 4.2879E-10
2.2387E+03 0.75 2.8169E-10
2.5119E+03 0.75 1.8814E-10
2.8184E+03 0.75 1.2438E-10
3.1623E+03 0.75 8.1021E-11
3.5481E+03 0.75 5.3355E-11
3.9811E+03 0.75 3.4218E-11
4.4668E+03 0.75 2.2188E-11
5.0119E+03 0.75 1.4454E-11
5.6234E+03 0.75 9.4014E-12
6.3096E+03 0.75 6.2813E-12
7.0795E+03 0.75 4.1730E-12
7.9433E+03 0.75 2.6551E-12
8.9125E+03 0.75 1.7032E-12
1.0000E+04 0.75 1.1509E-12
1.0000E-01 0.65 2.1841E+03
1.1220E-01 0.65 1.9591E+03
1.2589E-01 0.65 1.7428E+03
1.4125E-01 0.65 1.5368E+03
1.5849E-01 0.65 1.3443E+03
1.7783E-01 0.65 1.1681E+03
1.9953E-01 0.65 1.0054E+03
2.2387E-01 0.65 8.5787E+02
2.5119E-01 0.65 7.2618E+02
2.8184E-01 0.65 6.0940E+02
3.1623E-01 0.65 5.0800E+02
3.5481E-01 0.65 4.1796E+02
3.9811E-01 0.65 3.4066E+02
4.4668E-01 0.65 2.7557E+02
5.0119E-01 0.65 2.2146E+02
5.6234E-01 0.65 1.7684E+02
6.3096E-01 0.65 1.3960E+02
7.0795E-01 0.65 1.0920E+02
7.9433E-01 0.65 8.4986E+01
8.9125E-01 0.65 6.5066E+01
1.0000E+00 0.65 4.9587E+01
1.1220E+00 0.65 3.7616E+01
1.2589E+00 0.65 2.8215E+01
1.4125E+00 0.65 2.1026E+01
1.5849E+00 0.65 1.5572E+01
1.7783E+00 0.65 1.1407E+01
1.9953E+00 0.65 8.3126E+00
2.2387E+00 0.65 5.9916E+00
2.5119E+00 0.65 4.2732E+00
2.8184E+00 0.65 3.0249E+00
3.1623E+00 0.65 2.1421E+00
3.5481E+00 0.65 1.4989E+00
3.9811E+00 0.65 1.0390E+00
4.4668E+00 0.65 7.1923E-01
5.0119E+00 0.65 4.9491E-01
5.6234E+00 0.65 3.3844E-01
6.3096E+00 0.65 2.3109E-01
7.0795E+00 0.65 1.5762E-01
7.9433E+00 0.65 1.0685E-01
8.9125E+00 0.65 7.2142E-02
1.0000E+01 0.65 4.8282E-02
1.1220E+01 0.65 3.2386E-02
1.2589E+01 0.65 2.1609E-02
1.4125E+01 0.65 1.4518E-02
1.5849E+01 0.65 9.7133E-03
1.7783E+01 0.65 6.5099E-03
1.9953E+01 0.65 4.3422E-03
2.2387E+01 0.65 2.8763E-03
2.5119E+01 0.65 1.9332E-03
2.8184E+01 0.65 1.2968E-03
3.1623E+01 0.65 8.6063E-04
3.5481E+01 0.65 5.7593E-04
3.9811E+01 0.65 3.8415E-04
4.4668E+01 0.65 2.5677E-04
5.0119E+01 0.65 1.7254E-04
5.6234E+01 0.65 1.1543E-04
6.3096E+01 0.65 7.7297E-05
7.0795E+01 0.65 5.1899E-05
7.9433E+01 0.65 3.5036E-05
8.9125E+01 0.65 2.3588E-05
1.0000E+02 0.65 1.5767E-05
1.1220E+02 0.65 1.0636E-05
1.2589E+02 0.65 7.1342E-06
1.4125E+02 0.65 4.7934E-06
1.5849E+02 0.65 3.2230E-06
1.7783E+02 0.65 2.1978E-06
1.9953E+02 0.65 1.4926E-06
2.2387E+02 0.65 9.9503E-07
2.5119E+02 0.65 6.6081E-07
2.8184E+02 0.65 4.4802E-07
3.1623E+02 0.65 3.0622E-07
3.5481E+02 0.65 2.0600E-07
3.9811E+02 0.65 1.3921E-07
4.4668E+02 0.65 9.3564E-08
5.0119E+02 0.65 6.2940E-08
5.6234E+02 0.65 4.2284E-08
6.3096E+02 0.65 2.8527E-08
7.0795E+02 0.65 1.8888E-08
7.9433E+02 0.65 1.2456E-08
8.9125E+02 0.65 8.4859E-09
1.0000E+03 0.65 5.7162E-09
1.1220E+03 0.65 3.7687E-09
1.2589E+03 0.65 2.4726E-09
1.4125E+03 0.65 1.6546E-09
1.5849E+03 0.65 1.1255E-09
1.7783E+03 0.65 7.4250E-10
1.9953E+03 0.65 4.7878E-10
2.2387E+03 0.65 3.1901E-10
2.5119E+03 0.65 2.1047E-10
2.8184E+03 0.65 1.3734E-10
3.1623E+03 0.65 9.2541E-11
3.5481E+03 0.65 6.0704E-11
3.9811E+03 0.65 3.9948E-11
4.4668E+03 0.65 2.5693E-11
5.0119E+03 0.65 1.6876E-11
5.6234E+03 0.65 1.0851E-11
6.3096E+03 0.65 7.3111E-12
7.0795E+03 0.65 4.7850E-12
7.9433E+03 0.65 3.1667E-12
8.9125E+03 0.65 2.0648E-12
1.0000E+04 0.65 1.3210E-12
1.0000E-01 0.55 2.2908E+03
1.1220E-01 0.55 2.0430E+03
1.2589E-01 0.55 1.8080E+03
1.4125E-01 0.55 1.5892E+03
1.5849E-01 0.55 1.3862E+03
1.7783E-01 0.55 1.1980E+03
1.9953E-01 0.55 1.0268E+03
2.2387E-01 0.55 8.7535E+02
2.5119E-01 0.55 7.4202E+02
2.8184E-01 0.55 6.2241E+02
3.1623E-01 0.55 5.1712E+02
3.5481E-01 0.55 4.2665E+02
3.9811E-01 0.55 3.4886E+02
4.4668E-01 0.55 2.8297E+02
5.0119E-01 0.55 2.2798E+02
5.6234E-01 0.55 1.8250E+02
6.3096E-01 0.55 1.4501E+02
7.0795E-01 0.55 1.1397E+02
7.9433E-01 0.55 8.8950E+01
8.9125E-01 0.55 6.8980E+01
1.0000E+00 0.55 5.2812E+01
1.1220E+00 0.55 4.0156E+01
1.2589E+00 0.55 3.0332E+01
1.4125E+00 0.55 2.2717E+01
1.5849E+00 0.55 1.6863E+01
1.7783E+00 0.55 1.2404E+01
1.9953E+00 0.55 9.0774E+00
2.2387E+00 0.55 6.5958E+00
2.5119E+00 0.55 4.7221E+00
2.8184E+00 0.55 3.3693E+00
3.1623E+00 0.55 2.3993E+00
3.5481E+00 0.55 1.6837E+00
3.9811E+00 0.55 1.1773E+00
4.4668E+00 0.55 8.1752E-01
5.0119E+00 0.55 5.6597E-01
5.6234E+00 0.55 3.9165E-01
6.3096E+00 0.55 2.6851E-01
7.0795E+00 0.55 1.8336E-01
7.9433E+00 0.55 1.2465E-01
8.9125E+00 0.55 8.3720E-02
1.0000E+01 0.55 5.6646E-02
1.1220E+01 0.55 3.8031E-02
1.2589E+01 0.55 2.5469E-02
1.4125E+01 0.55 1.7049E-02
1.5849E+01 0.55 1.1457E-02
1.7783E+01 0.55 7.7520E-03
1.9953E+01 0.55 5.1319E-03
2.2387E+01 0.55 3.4096E-03
2.5119E+01 0.55 2.3182E-03
2.8184E+01 0.55 1.5621E-03
3.1623E+01 0.55 1.0239E-03
3.5481E+01 0.55 6.8317E-04
3.9811E+01 0.55 4.5552E-04
4.4668E+01 0.55 3.0409E-04
5.0119E+01 0.55 2.0349E-04
5.6234E+01 0.55 1.3562E-04
6.3096E+01 0.55 9.0547E-05
7.0795E+01 0.55 6.0815E-05
7.9433E+01 0.55 4.0710E-05
8.9125E+01 0.55 2.7049E-05
1.0000E+02 0.55 1.8237E-05
1.1220E+02 0.55 1.2278E-05
1.2589E+02 0.55 8.2635E-06
1.4125E+02 0.55 5.5458E-06
1.5849E+02 0.55 3.7178E-06
1.7783E+02 0.55 2.5101E-06
1.9953E+02 0.55 1.7049E-06
2.2387E+02 0.55 1.1370E-06
2.5119E+02 0.55 7.6049E-07
2.8184E+02 0.55 5.1892E-07
3.1623E+02 0.55 3.4759E-07
3.5481E+02 0.55 2.3369E-07
3.9811E+02 0.55 1.5805E-07
4.4668E+02 0.55 1.0564E-07
5.0119E+02 0.55 7.1074E-08
5.6234E+02 0.55 4.7942E-08
6.3096E+02 0.55 3.2332E-08
7.0795E+02 0.55 2.1619E-08
7.9433E+02 0.55 1.4404E-08
8.9125E+02 0.55 9.6774E-09
1.0000E+03 0.55 6.4682E-09
1.1220E+03 0.55 4.3146E-09
1.2589E+03 0.55 2.8839E-09
1.4125E+03 0.55 1.9144E-09
1.5849E+03 0.55 1.2813E-09
1.7783E+03 0.55 8.5033E-10
1.9953E+03 0.55 5.6038E-10
2.2387E+03 0.55 3.7185E-10
2.5119E+03 0.55 2.4540E-10
2.8184E+03 0.55 1.5735E-10
3.1623E+03 0.55 1.0748E-10
3.5481E+03 0.55 7.0586E-11
3.9811E+03 0.55 4.5555E-11
4.4668E+03 0.55 2.9530E-11
5.0119E+03 0.55 1.9565E-11
5.6234E+03 0.55 1.3187E-11
6.3096E+03 0.55 8.4089E-12
7.0795E+03 0.55 5.4569E-12
7.9433E+03 0.55 3.5696E-12
8.9125E+03 0.55 2.3502E-12
1.0000E+04 0.55 1.5678E-12
1.0000E-01 0.45 2.4585E+03
1.1220E-01 0.45 2.1825E+03
1.2589E-01 0.45 1.9194E+03
1.4125E-01 0.45 1.6767E+03
1.5849E-01 0.45 1.4505E+03
1.7783E-01 0.45 1.2481E+03
1.9953E-01 0.45 1.0694E+03
2.2387E-01 0.45 9.0830E+02
2.5119E-01 0.45 7.6328E+02
2.8184E-01 0.45 6.3663E+02
3.1623E-01 0.45 5.2928E+02
3.5481E-01 0.45 4.3760E+02
3.9811E-01 0.45 3.5738E+02
4.4668E-01 0.45 2.9023E+02
5.0119E-01 0.45 2.3445E+02
5.6234E-01 0.45 1.8757E+02
6.3096E-01 0.45 1.4927E+02
7.0795E-01 0.45 1.1864E+02
7.9433E-01 0.45 9.2613E+01
8.9125E-01 0.45 7.1721E+01
1.0000E+00 0.45 5.5627E+01
1.1220E+00 0.45 4.2488E+01
1.2589E+00 0.45 3.2286E+01
1.4125E+00 0.45 2.4418E+01
1.5849E+00 0.45 1.8233E+01
1.7783E+00 0.45 1.3518E+01
1.9953E+00 0.45 9.9670E+00
2.2387E+00 0.45 7.2637E+00
2.5119E+00 0.45 5.2700E+00
2.8184E+00 0.45 3.7955E+00
3.1623E+00 0.45 2.6951E+00
3.5481E+00 0.45 1.9059E+00
3.9811E+00 0.45 1.3463E+00
4.4668E+00 0.45 9.4366E-01
5.0119E+00 0.45 6.5436E-01
5.6234E+00 0.45 4.5308E-01
6.3096E+00 0.45 3.1253E-01
7.0795E+00 0.45 2.1338E-01
7.9433E+00 0.45 1.4506E-01
8.9125E+00 0.45 9.9496E-02
1.0000E+01 0.45 6.7516E-02
1.1220E+01 0.45 4.5621E-02
1.2589E+01 0.45 3.0652E-02
1.4125E+01 0.45 2.0656E-02
1.5849E+01 0.45 1.3930E-02
1.7783E+01 0.45 9.3758E-03
1.9953E+01 0.45 6.2769E-03
2.2387E+01 0.45 4.1977E-03
2.5119E+01 0.45 2.8053E-03
2.8184E+01 0.45 1.8744E-03
3.1623E+01 0.45 1.2571E-03
3.5481E+01 0.45 8.4048E-04
3.9811E+01 0.45 5.5983E-04
4.4668E+01 0.45 3.7352E-04
5.0119E+01 0.45 2.4994E-04
5.6234E+01 0.45 1.6639E-04
6.3096E+01 0.45 1.1078E-04
7.0795E+01 0.45 7.3919E-05
7.9433E+01 0.45 4.9171E-05
8.9125E+01 0.45 3.3011E-05
1.0000E+02 0.45 2.2033E-05
1.1220E+02 0.45 1.4731E-05
1.2589E+02 0.45 9.8739E-06
1.4125E+02 0.45 6.6019E-06
1.5849E+02 0.45 4.4236E-06
1.7783E+02 0.45 2.9698E-06
1.9953E+02 0.45 1.9952E-06
2.2387E+02 0.45 1.3497E-06
2.5119E+02 0.45 9.0142E-07
2.8184E+02 0.45 6.0911E-07
3.1623E+02 0.45 4.0879E-07
3.5481E+02 0.45 2.7445E-07
3.9811E+02 0.45 1.8385E-07
4.4668E+02 0.45 1.2388E-07
5.0119E+02 0.45 8.3626E-08
5.6234E+02 0.45 5.6369E-08
6.3096E+02 0.45 3.7899E-08
7.0795E+02 0.45 2.5389E-08
7.9433E+02 0.45 1.6955E-08
8.9125E+02 0.45 1.1449E-08
1.0000E+03 0.45 7.6114E-09
1.1220E+03 0.45 5.0430E-09
1.2589E+03 0.45 3.3703E-09
1.4125E+03 0.45 2.2779E-09
1.5849E+03 0.45 1.5288E-09
1.7783E+03 0.45 9.9283E-10
1.9953E+03 0.45 6.6371E-10
2.2387E+03 0.45 4.3781E-10
2.5119E+03 0.45 2.9140E-10
2.8184E+03 0.45 1.9381E-10
3.1623E+03 0.45 1.2548E-10
3.5481E+03 0.45 8.4153E-11
3.9811E+03 0.45 5.5377E-11
4.4668E+03 0.45 3.5826E-11
5.0119E+03 0.45 2.4127E-11
5.6234E+03 0.45 1.5893E-11
6.3096E+03 0.45 1.0117E-11
7.0795E+03 0.45 6.5807E-12
7.9433E+03 0.45 4.3029E-12
8.9125E+03 0.45 2.8670E-12
1.0000E+04 0.45 1.8321E-12
1.0000E-01 0.35 2.7350E+03
1.1220E-01 0.35 2.4100E+03
1.2589E-01 0.35 2.1027E+03
1.4125E-01 0.35 1.8201E+03
1.5849E-01 0.35 1.5653E+03
1.7783E-01 0.35 1.3353E+03
1.9953E-01 0.35 1.1314E+03
2.2387E-01 0.35 9.5357E+02
2.5119E-01 0.35 7.9901E+02
2.8184E-01 0.35 6.6684E+02
3.1623E-01 0.35 5.5156E+02
3.5481E-01 0.35 4.5154E+02
3.9811E-01 0.35 3.6775E+02
4.4668E-01 0.35 2.9776E+02
5.0119E-01 0.35 2.4019E+02
5.6234E-01 0.35 1.9248E+02
6.3096E-01 0.35 1.5375E+02
7.0795E-01 0.35 1.2139E+02
7.9433E-01 0.35 9.5510E+01
8.9125E-01 0.35 7.5263E+01
1.0000E+00 0.35 5.7959E+01
1.1220E+00 0.35 4.4691E+01
1.2589E+00 0.35 3.4154E+01
1.4125E+00 0.35 2.5846E+01
1.5849E+00 0.35 1.9485E+01
1.7783E+00 0.35 1.4584E+01
1.9953E+00 0.35 1.0850E+01
2.2387E+00 0.35 8.0108E+00
2.5119E+00 0.35 5.8663E+00
2.8184E+00 0.35 4.2580E+00
3.1623E+00 0.35 3.0541E+00
3.5481E+00 0.35 2.1813E+00
3.9811E+00 0.35 1.5502E+00
4.4668E+00 0.35 1.0966E+00
5.0119E+00 0.35 7.7135E-01
5.6234E+00 0.35 5.3824E-01
6.3096E+00 0.35 3.7565E-01
7.0795E+00 0.35 2.6030E-01
7.9433E+00 0.35 1.7881E-01
8.9125E+00 0.35 1.2178E-01
1.0000E+01 0.35 8.3222E-02
1.1220E+01 0.35 5.6651E-02
1.2589E+01 0.35 3.8012E-02
1.4125E+01 0.35 2.5846E-02
1.5849E+01 0.35 1.7671E-02
1.7783E+01 0.35 1.1838E-02
1.9953E+01 0.35 7.9664E-03
2.2387E+01 0.35 5.3561E-03
2.5119E+01 0.35 3.5894E-03
2.8184E+01 0.35 2.4203E-03
3.1623E+01 0.35 1.6157E-03
3.5481E+01 0.35 1.0797E-03
3.9811E+01 0.35 7.2179E-04
4.4668E+01 0.35 4.8234E-04
5.0119E+01 0.35 3.2098E-04
5.6234E+01 0.35 2.1440E-04
6.3096E+01 0.35 1.4280E-04
7.0795E+01 0.35 9.4926E-05
7.9433E+01 0.35 6.3005E-05
8.9125E+01 0.35 4.1869E-05
1.0000E+02 0.35 2.8127E-05
1.1220E+02 0.35 1.8705E-05
1.2589E+02 0.35 1.2484E-05
1.4125E+02 0.35 8.3513E-06
1.5849E+02 0.35 5.6076E-06
1.7783E+02 0.35 3.7362E-06
1.9953E+02 0.35 2.4958E-06
2.2387E+02 0.35 1.6732E-06
2.5119E+02 0.35 1.1135E-06
2.8184E+02 0.35 7.4483E-07
3.1623E+02 0.35 4.9918E-07
3.5481E+02 0.35 3.3531E-07
3.9811E+02 0.35 2.2472E-07
4.4668E+02 0.35 1.5081E-07
5.0119E+02 0.35 1.0163E-07
5.6234E+02 0.35 6.8520E-08
6.3096E+02 0.35 4.6082E-08
7.0795E+02 0.35 3.0846E-08
7.9433E+02 0.35 2.0732E-08
8.9125E+02 0.35 1.3888E-08
1.0000E+03 0.35 9.2972E-09
1.1220E+03 0.35 6.2263E-09
1.2589E+03 0.35 4.1056E-09
1.4125E+03 0.35 2.7419E-09
1.5849E+03 0.35 1.8506E-09
1.7783E+03 0.35 1.2273E-09
1.9953E+03 0.35 8.0871E-10
2.2387E+03 0.35 5.4011E-10
2.5119E+03 0.35 3.5812E-10
2.8184E+03 0.35 2.3542E-10
3.1623E+03 0.35 1.5716E-10
3.5481E+03 0.35 1.0382E-10
3.9811E+03 0.35 6.8871E-11
4.4668E+03 0.35 4.5043E-11
5.0119E+03 0.35 2.9502E-11
5.6234E+03 0.35 1.9206E-11
6.3096E+03 0.35 1.2617E-11
7.0795E+03 0.35 8.2834E-12
7.9433E+03 0.35 5.4226E-12
8.9125E+03 0.35 3.5490E-12
1.0000E+04 0.35 2.2865E-12
1.0000E-01 0.25 3.2944E+03
1.1220E-01 0.25 2.8724E+03
1.2589E-01 0.25 2.4735E+03
1.4125E-01 0.25 2.1077E+03
1.5849E-01 0.25 1.7893E+03
1.7783E-01 0.25 1.5104E+03
1.9953E-01 0.25 1.2699E+03
2.2387E-01 0.25 1.0605E+03
2.5119E-01 0.25 8.7774E+02
2.8184E-01 0.25 7.1984E+02
3.1623E-01 0.25 5.8758E+02
3.5481E-01 0.25 4.7837E+02
3.9811E-01 0.25 3.8807E+02
4.4668E-01 0.25 3.1258E+02
5.0119E-01 0.25 2.5083E+02
5.6234E-01 0.25 2.0007E+02
6.3096E-01 0.25 1.5867E+02
7.0795E-01 0.25 1.2565E+02
7.9433E-01 0.25 9.8552E+01
8.9125E-01 0.25 7.7007E+01
1.0000E+00 0.25 5.9796E+01
1.1220E+00 0.25 4.6321E+01
1.2589E+00 0.25 3.5665E+01
1.4125E+00 0.25 2.7255E+01
1.5849E+00 0.25 2.0665E+01
1.7783E+00 0.25 1.5604E+01
1.9953E+00 0.25 1.1693E+01
2.2387E+00 0.25 8.6650E+00
2.5119E+00 0.25 6.3903E+00
2.8184E+00 0.25 4.7237E+00
3.1623E+00 0.25 3.4627E+00
3.5481E+00 0.25 2.4986E+00
3.9811E+00 0.25 1.7889E+00
4.4668E+00 0.25 1.2819E+00
5.0119E+00 0.25 9.1268E-01
5.6234E+00 0.25 6.4576E-01
6.3096E+00 0.25 4.5019E-01
7.0795E+00 0.25 3.1474E-01
7.9433E+00 0.25 2.1996E-01
8.9125E+00 0.25 1.5245E-01
1.0000E+01 0.25 1.0535E-01
1.1220E+01 0.25 7.2448E-02
1.2589E+01 0.25 4.9766E-02
1.4125E+01 0.25 3.4115E-02
1.5849E+01 0.25 2.3216E-02
1.7783E+01 0.25 1.5628E-02
1.9953E+01 0.25 1.0535E-02
2.2387E+01 0.25 7.2058E-03
2.5119E+01 0.25 4.9173E-03
2.8184E+01 0.25 3.3216E-03
3.1623E+01 0.25 2.2117E-03
3.5481E+01 0.25 1.4861E-03
3.9811E+01 0.25 9.9556E-04
4.4668E+01 0.25 6.6520E-04
5.0119E+01 0.25 4.4457E-04
5.6234E+01 0.25 2.9764E-04
6.3096E+01 0.25 1.9853E-04
7.0795E+01 0.25 1.3174E-04
7.9433E+01 0.25 8.7749E-05
8.9125E+01 0.25 5.8413E-05
1.0000E+02 0.25 3.8955E-05
1.1220E+02 0.25 2.5907E-05
1.2589E+02 0.25 1.7136E-05
1.4125E+02 0.25 1.1434E-05
1.5849E+02 0.25 7.6144E-06
1.7783E+02 0.25 5.0386E-06
1.9953E+02 0.25 3.3662E-06
2.2387E+02 0.25 2.2533E-06
2.5119E+02 0.25 1.4939E-06
2.8184E+02 0.25 9.9227E-07
3.1623E+02 0.25 6.6368E-07
3.5481E+02 0.25 4.4264E-07
3.9811E+02 0.25 2.9578E-07
4.4668E+02 0.25 1.9791E-07
5.0119E+02 0.25 1.3245E-07
5.6234E+02 0.25 8.8934E-08
6.3096E+02 0.25 5.9414E-08
7.0795E+02 0.25 3.9557E-08
7.9433E+02 0.25 2.6489E-08
8.9125E+02 0.25 1.7739E-08
1.0000E+03 0.25 1.1902E-08
1.1220E+03 0.25 8.0176E-09
1.2589E+03 0.25 5.3810E-09
1.4125E+03 0.25 3.5685E-09
1.5849E+03 0.25 2.3870E-09
1.7783E+03 0.25 1.5808E-09
1.9953E+03 0.25 1.0546E-09
2.2387E+03 0.25 7.0101E-10
2.5119E+03 0.25 4.6370E-10
2.8184E+03 0.25 3.0848E-10
3.1623E+03 0.25 2.0788E-10
3.5481E+03 0.25 1.3604E-10
3.9811E+03 0.25 8.9961E-11
4.4668E+03 0.25 5.9460E-11
5.0119E+03 0.25 3.9577E-11
5.6234E+03 0.25 2.6007E-11
6.3096E+03 0.25 1.6777E-11
7.0795E+03 0.25 1.1002E-11
7.9433E+03 0.25 7.2496E-12
8.9125E+03 0.25 4.6484E-12
1.0000E+04 0.25 3.0672E-12
1.0000E-01 0.15 4.4551E+03
1.1220E-01 0.15 3.8402E+03
1.2589E-01 0.15 3.2632E+03
1.4125E-01 0.15 2.7408E+03
1.5849E-01 0.15 2.2995E+03
1.7783E-01 0.15 1.9170E+03
1.9953E-01 0.15 1.5821E+03
2.2387E-01 0.15 1.3016E+03
2.5119E-01 0.15 1.0589E+03
2.8184E-01 0.15 8.5531E+02
3.1623E-01 0.15 6.9105E+02
3.5481E-01 0.15 5.5410E+02
3.9811E-01 0.15 4.3955E+02
4.4668E-01 0.15 3.4901E+02
5.0119E-01 0.15 2.7799E+02
5.6234E-01 0.15 2.1913E+02
6.3096E-01 0.15 1.7192E+02
7.0795E-01 0.15 1.3485E+02
7.9433E-01 0.15 1.0456E+02
8.9125E-01 0.15 8.1076E+01
1.0000E+00 0.15 6.2723E+01
1.1220E+00 0.15 4.8335E+01
1.2589E+00 0.15 3.7197E+01
1.4125E+00 0.15 2.8650E+01
1.5849E+00 0.15 2.1981E+01
1.7783E+00 0.15 1.6585E+01
1.9953E+00 0.15 1.2486E+01
2.2387E+00 0.15 9.3738E+00
2.5119E+00 0.15 6.9226E+00
2.8184E+00 0.15 5.1513E+00
3.1623E+00 0.15 3.8566E+00
3.5481E+00 0.15 2.8376E+00
3.9811E+00 0.15 2.0714E+00
4.4668E+00 0.15 1.5025E+00
5.0119E+00 0.15 1.0828E+00
5.6234E+00 0.15 7.7575E-01
6.3096E+00 0.15 5.5537E-01
7.0795E+00 0.15 3.9538E-01
7.9433E+00 0.15 2.8025E-01
8.9125E+00 0.15 1.9693E-01
1.0000E+01 0.15 1.3710E-01
1.1220E+01 0.15 9.5625E-02
1.2589E+01 0.15 6.6754E-02
1.4125E+01 0.15 4.6335E-02
1.5849E+01 0.15 3.1733E-02
1.7783E+01 0.15 2.1818E-02
1.9953E+01 0.15 1.5019E-02
2.2387E+01 0.15 1.0315E-02
2.5119E+01 0.15 6.9653E-03
2.8184E+01 0.15 4.7474E-03
3.1623E+01 0.15 3.2754E-03
3.5481E+01 0.15 2.2224E-03
3.9811E+01 0.15 1.5063E-03
4.4668E+01 0.15 1.0153E-03
5.0119E+01 0.15 6.8327E-04
5.6234E+01 0.15 4.6015E-04
6.3096E+01 0.15 3.0913E-04
7.0795E+01 0.15 2.0633E-04
7.9433E+01 0.15 1.3755E-04
8.9125E+01 0.15 9.2245E-05
1.0000E+02 0.15 6.1302E-05
1.1220E+02 0.15 4.0736E-05
1.2589E+02 0.15 2.7022E-05
1.4125E+02 0.15 1.7941E-05
1.5849E+02 0.15 1.1910E-05
1.7783E+02 0.15 7.8799E-06
1.9953E+02 0.15 5.2088E-06
2.2387E+02 0.15 3.4655E-06
2.5119E+02 0.15 2.2894E-06
2.8184E+02 0.15 1.5162E-06
3.1623E+02 0.15 1.0069E-06
3.5481E+02 0.15 6.6787E-07
3.9811E+02 0.15 4.4241E-07
4.4668E+02 0.15 2.9218E-07
5.0119E+02 0.15 1.9384E-07
5.6234E+02 0.15 1.2985E-07
6.3096E+02 0.15 8.6625E-08
7.0795E+02 0.15 5.7380E-08
7.9433E+02 0.15 3.8294E-08
8.9125E+02 0.15 2.5499E-08
1.0000E+03 0.15 1.7007E-08
1.1220E+03 0.15 1.1397E-08
1.2589E+03 0.15 7.6131E-09
1.4125E+03 0.15 5.0351E-09
1.5849E+03 0.15 3.3165E-09
1.7783E+03 0.15 2.2119E-09
1.9953E+03 0.15 1.4850E-09
2.2387E+03 0.15 9.8890E-10
2.5119E+03 0.15 6.6434E-10
2.8184E+03 0.15 4.4016E-10
3.1623E+03 0.15 2.9069E-10
3.5481E+03 0.15 1.9347E-10
3.9811E+03 0.15 1.2887E-10
4.4668E+03 0.15 8.5192E-11
5.0119E+03 0.15 5.6245E-11
5.6234E+03 0.15 3.7484E-11
6.3096E+03 0.15 2.4502E-11
7.0795E+03 0.15 1.6061E-11
7.9433E+03 0.15 1.0551E-11
8.9125E+03 0.15 6.8015E-12
1.0000E+04 0.15 4.3898E-12
1.0000E-01 0.05 7.1721E+03
1.1220E-01 0.05 6.0925E+03
1.2589E-01 0.05 5.0939E+03
1.4125E-01 0.05 4.2268E+03
1.5849E-01 0.05 3.4826E+03
1.7783E-01 0.05 2.8475E+03
1.9953E-01 0.05 2.3110E+03
2.2387E-01 0.05 1.8514E+03
2.5119E-01 0.05 1.4852E+03
2.8184E-01 0.05 1.1814E+03
3.1623E-01 0.05 9.2645E+02
3.5481E-01 0.05 7.3107E+02
3.9811E-01 0.05 5.7187E+02
4.4668E-01 0.05 4.3932E+02
5.0119E-01 0.05 3.3996E+02
5.6234E-01 0.05 2.6338E+02
6.3096E-01 0.05 2.0313E+02
7.0795E-01 0.05 1.5463E+02
7.9433E-01 0.05 1.2029E+02
8.9125E-01 0.05 9.4027E+01
1.0000E+00 0.05 7.0544E+01
1.1220E+00 0.05 5.3377E+01
1.2589E+00 0.05 4.0625E+01
1.4125E+00 0.05 3.1183E+01
1.5849E+00 0.05 2.3457E+01
1.7783E+00 0.05 1.7702E+01
1.9953E+00 0.05 1.3501E+01
2.2387E+00 0.05 1.0074E+01
2.5119E+00 0.05 7.6101E+00
2.8184E+00 0.05 5.6676E+00
3.1623E+00 0.05 4.1678E+00
3.5481E+00 0.05 3.0753E+00
3.9811E+00 0.05 2.2654E+00
4.4668E+00 0.05 1.6741E+00
5.0119E+00 0.05 1.2226E+00
5.6234E+00 0.05 8.7935E-01
6.3096E+00 0.05 6.3375E-01
7.0795E+00 0.05 4.6118E-01
7.9433E+00 0.05 3.3926E-01
8.9125E+00 0.05 2.4244E-01
1.0000E+01 0.05 1.6803E-01
1.1220E+01 0.05 1.1894E-01
1.2589E+01 0.05 8.3946E-02
1.4125E+01 0.05 5.9359E-02
1.5849E+01 0.05 4.2473E-02
1.7783E+01 0.05 3.0026E-02
1.9953E+01 0.05 2.1007E-02
2.2387E+01 0.05 1.4626E-02
2.5119E+01 0.05 9.9804E-03
2.8184E+01 0.05 6.9890E-03
3.1623E+01 0.05 5.0238E-03
3.5481E+01 0.05 3.4665E-03
3.9811E+01 0.05 2.3849E-03
4.4668E+01 0.05 1.6355E-03
5.0119E+01 0.05 1.1201E-03
5.6234E+01 0.05 7.6520E-04
6.3096E+01 0.05 5.2067E-04
7.0795E+01 0.05 3.5355E-04
7.9433E+01 0.05 2.3924E-04
8.9125E+01 0.05 1.6110E-04
1.0000E+02 0.05 1.0821E-04
1.1220E+02 0.05 7.2629E-05
1.2589E+02 0.05 4.8610E-05
1.4125E+02 0.05 3.2406E-05
1.5849E+02 0.05 2.1570E-05
1.7783E+02 0.05 1.4322E-05
1.9953E+02 0.05 9.4671E-06
2.2387E+02 0.05 6.2530E-06
2.5119E+02 0.05 4.1399E-06
2.8184E+02 0.05 2.7362E-06
3.1623E+02 0.05 1.8085E-06
3.5481E+02 0.05 1.1895E-06
3.9811E+02 0.05 7.8204E-07
4.4668E+02 0.05 5.1594E-07
5.0119E+02 0.05 3.3929E-07
5.6234E+02 0.05 2.2280E-07
6.3096E+02 0.05 1.4636E-07
7.0795E+02 0.05 9.6019E-08
7.9433E+02 0.05 6.3041E-08
8.9125E+02 0.05 4.1669E-08
1.0000E+03 0.05 2.7482E-08
1.1220E+03 0.05 1.8025E-08
1.2589E+03 0.05 1.1857E-08
1.4125E+03 0.05 7.8767E-09
1.5849E+03 0.05 5.2192E-09
1.7783E+03 0.05 3.4196E-09
1.9953E+03 0.05 2.2812E-09
2.2387E+03 0.05 1.4984E-09
2.5119E+03 0.05 9.9394E-10
2.8184E+03 0.05 6.6145E-10
3.1623E+03 0.05 4.3646E-10
3.5481E+03 0.05 2.8817E-10
3.9811E+03 0.05 1.9010E-10
4.4668E+03 0.05 1.2593E-10
5.0119E+03 0.05 8.2352E-11
5.6234E+03 0.05 5.3693E-11
6.3096E+03 0.05 3.5802E-11
7.0795E+03 0.05 2.3569E-11
7.9433E+03 0.05 1.5686E-11
8.9125E+03 0.05 1.0376E-11
1.0000E+04 0.05 6.8182E-12
1.0000E-01 -0.05 7.6790E+03
1.1220E-01 -0.05 6.4828E+03
1.2589E-01 -0.05 5.4189E+03
1.4125E-01 -0.05 4.4765E+03
1.5849E-01 -0.05 3.6750E+03
1.7783E-01 -0.05 2.9889E+03
1.9953E-01 -0.05 2.4144E+03
2.2387E-01 -0.05 1.9300E+03
2.5119E-01 -0.05 1.5326E+03
2.8184E-01 -0.05 1.2164E+03
3.1623E-01 -0.05 9.5234E+02
3.5481E-01 -0.05 7.4961E+02
3.9811E-01 -0.05 5.8455E+02
4.4668E-01 -0.05 4.5041E+02
5.0119E-01 -0.05 3.4535E+02
5.6234E-01 -0.05 2.6500E+02
6.3096E-01 -0.05 2.0508E+02
7.0795E-01 -0.05 1.5636E+02
7.9433E-01 -0.05 1.1896E+02
8.9125E-01 -0.05 9.1441E+01
1.0000E+00 -0.05 6.9975E+01
1.1220E+00 -0.05 5.3434E+01
1.2589E+00 -0.05 4.0630E+01
1.4125E+00 -0.05 3.0861E+01
1.5849E+00 -0.05 2.3220E+01
1.7783E+00 -0.05 1.7299E+01
1.9953E+00 -0.05 1.3211E+01
2.2387E+00 -0.05 1.0008E+01
2.5119E+00 -0.05 7.4223E+00
2.8184E+00 -0.05 5.4995E+00
3.1623E+00 -0.05 4.1231E+00
3.5481E+00 -0.05 3.0461E+00
3.9811E+00 -0.05 2.2521E+00
4.4668E+00 -0.05 1.6617E+00
5.0119E+00 -0.05 1.2155E+00
5.6234E+00 -0.05 8.7831E-01
6.3096E+00 -0.05 6.3586E-01
7.0795E+00 -0.05 4.5454E-01
7.9433E+00 -0.05 3.3148E-01
8.9125E+00 -0.05 2.4005E-01
1.0000E+01 -0.05 1.6894E-01
1.1220E+01 -0.05 1.2008E-01
1.2589E+01 -0.05 8.4787E-02
1.4125E+01 -0.05 6.0182E-02
1.5849E+01 -0.05 4.2764E-02
1.7783E+01 -0.05 3.0091E-02
1.9953E+01 -0.05 2.0896E-02
2.2387E+01 -0.05 1.4405E-02
2.5119E+01 -0.05 1.0022E-02
2.8184E+01 -0.05 7.2109E-03
3.1623E+01 -0.05 5.0753E-03
3.5481E+01 -0.05 3.5053E-03
3.9811E+01 -0.05 2.4139E-03
4.4668E+01 -0.05 1.6629E-03
5.0119E+01 -0.05 1.1415E-03
5.6234E+01 -0.05 7.7863E-04
6.3096E+01 -0.05 5.3019E-04
7.0795E+01 -0.05 3.6058E-04
7.9433E+01 -0.05 2.4389E-04
8.9125E+01 -0.05 1.6475E-04
1.0000E+02 -0.05 1.1112E-04
1.1220E+02 -0.05 7.4687E-05
1.2589E+02 -0.05 5.0055E-05
1.4125E+02 -0.05 3.3442E-05
1.5849E+02 -0.05 2.2282E-05
1.7783E+02 -0.05 1.4775E-05
1.9953E+02 -0.05 9.7722E-06
2.2387E+02 -0.05 6.4777E-06
2.5119E+02 -0.05 4.3022E-06
2.8184E+02 -0.05 2.8392E-06
3.1623E+02 -0.05 1.8688E-06
3.5481E+02 -0.05 1.2297E-06
3.9811E+02 -0.05 8.0783E-07
4.4668E+02 -0.05 5.3053E-07
5.0119E+02 -0.05 3.4884E-07
5.6234E+02 -0.05 2.2962E-07
6.3096E+02 -0.05 1.5047E-07
7.0795E+02 -0.05 9.8814E-08
7.9433E+02 -0.05 6.5125E-08
8.9125E+02 -0.05 4.2794E-08
1.0000E+03 -0.05 2.7956E-08
1.1220E+03 -0.05 1.8442E-08
1.2589E+03 -0.05 1.2218E-08
1.4125E+03 -0.05 8.0554E-09
1.5849E+03 -0.05 5.2937E-09
1.7783E+03 -0.05 3.4904E-09
1.9953E+03 -0.05 2.3081E-09
2.2387E+03 -0.05 1.5293E-09
2.5119E+03 -0.05 1.0168E-09
2.8184E+03 -0.05 6.6583E-10
3.1623E+03 -0.05 4.3842E-10
3.5481E+03 -0.05 2.9174E-10
3.9811E+03 -0.05 1.9378E-10
4.4668E+03 -0.05 1.2710E-10
5.0119E+03 -0.05 8.4390E-11
5.6234E+03 -0.05 5.5447E-11
6.3096E+03 -0.05 3.6293E-11
7.0795E+03 -0.05 2.3755E-11
7.9433E+03 -0.05 1.5558E-11
8.9125E+03 -0.05 1.0184E-11
1.0000E+04 -0.05 6.7660E-12
1.0000E-01 -0.15 5.4613E+03
1.1220E-01 -0.15 4.6691E+03
1.2589E-01 -0.15 3.9477E+03
1.4125E-01 -0.15 3.2958E+03
1.5849E-01 -0.15 2.7298E+03
1.7783E-01 -0.15 2.2428E+03
1.9953E-01 -0.15 1.8351E+03
2.2387E-01 -0.15 1.4960E+03
2.5119E-01 -0.15 1.2036E+03
2.8184E-01 -0.15 9.6136E+02
3.1623E-01 -0.15 7.6375E+02
3.5481E-01 -0.15 6.0365E+02
3.9811E-01 -0.15 4.7822E+02
4.4668E-01 -0.15 3.7354E+02
5.0119E-01 -0.15 2.8955E+02
5.6234E-01 -0.15 2.2639E+02
6.3096E-01 -0.15 1.7690E+02
7.0795E-01 -0.15 1.3714E+02
7.9433E-01 -0.15 1.0583E+02
8.9125E-01 -0.15 8.1632E+01
1.0000E+00 -0.15 6.2669E+01
1.1220E+00 -0.15 4.8293E+01
1.2589E+00 -0.15 3.7186E+01
1.4125E+00 -0.15 2.8499E+01
1.5849E+00 -0.15 2.1456E+01
1.7783E+00 -0.15 1.6100E+01
1.9953E+00 -0.15 1.2228E+01
2.2387E+00 -0.15 9.2676E+00
2.5119E+00 -0.15 6.9684E+00
2.8184E+00 -0.15 5.1603E+00
3.1623E+00 -0.15 3.7874E+00
3.5481E+00 -0.15 2.7931E+00
3.9811E+00 -0.15 2.0442E+00
4.4668E+00 -0.15 1.4876E+00
5.0119E+00 -0.15 1.0716E+00
5.6234E+00 -0.15 7.7152E-01
6.3096E+00 -0.15 5.4802E-01
7.0795E+00 -0.15 3.8677E-01
7.9433E+00 -0.15 2.7596E-01
8.9125E+00 -0.15 1.9466E-01
1.0000E+01 -0.15 1.3772E-01
1.1220E+01 -0.15 9.5616E-02
1.2589E+01 -0.15 6.6323E-02
1.4125E+01 -0.15 4.6406E-02
1.5849E+01 -0.15 3.1923E-02
1.7783E+01 -0.15 2.2003E-02
1.9953E+01 -0.15 1.5234E-02
2.2387E+01 -0.15 1.0321E-02
2.5119E+01 -0.15 7.0036E-03
2.8184E+01 -0.15 4.7728E-03
3.1623E+01 -0.15 3.3125E-03
3.5481E+01 -0.15 2.2491E-03
3.9811E+01 -0.15 1.5225E-03
4.4668E+01 -0.15 1.0282E-03
5.0119E+01 -0.15 6.9250E-04
5.6234E+01 -0.15 4.6522E-04
6.3096E+01 -0.15 3.1208E-04
7.0795E+01 -0.15 2.0933E-04
7.9433E+01 -0.15 1.4016E-04
8.9125E+01 -0.15 9.3280E-05
1.0000E+02 -0.15 6.2096E-05
1.1220E+02 -0.15 4.1233E-05
1.2589E+02 -0.15 2.7341E-05
1.4125E+02 -0.15 1.8175E-05
1.5849E+02 -0.15 1.2119E-05
1.7783E+02 -0.15 8.0169E-06
1.9953E+02 -0.15 5.2878E-06
2.2387E+02 -0.15 3.4957E-06
2.5119E+02 -0.15 2.3306E-06
2.8184E+02 -0.15 1.5457E-06
3.1623E+02 -0.15 1.0179E-06
3.5481E+02 -0.15 6.7344E-07
3.9811E+02 -0.15 4.4521E-07
4.4668E+02 -0.15 2.9498E-07
5.0119E+02 -0.15 1.9635E-07
5.6234E+02 -0.15 1.3064E-07
6.3096E+02 -0.15 8.6778E-08
7.0795E+02 -0.15 5.8050E-08
7.9433E+02 -0.15 3.8566E-08
8.9125E+02 -0.15 2.5531E-08
1.0000E+03 -0.15 1.7164E-08
1.1220E+03 -0.15 1.1439E-08
1.2589E+03 -0.15 7.5824E-09
1.4125E+03 -0.15 5.0198E-09
1.5849E+03 -0.15 3.3419E-09
1.7783E+03 -0.15 2.2162E-09
1.9953E+03 -0.15 1.4929E-09
2.2387E+03 -0.15 1.0003E-09
2.5119E+03 -0.15 6.6679E-10
2.8184E+03 -0.15 4.3716E-10
3.1623E+03 -0.15 2.9212E-10
3.5481E+03 -0.15 1.9560E-10
3.9811E+03 -0.15 1.2895E-10
4.4668E+03 -0.15 8.3998E-11
5.0119E+03 -0.15 5.5459E-11
5.6234E+03 -0.15 3.7123E-11
6.3096E+03 -0.15 2.4091E-11
7.0795E+03 -0.15 1.5793E-11
7.9433E+03 -0.15 1.0382E-11
8.9125E+03 -0.15 6.8849E-12
1.0000E+04 -0.15 4.4897E-12
1.0000E-01 -0.25 4.3372E+03
1.1220E-01 -0.25 3.7298E+03
1.2589E-01 -0.25 3.1769E+03
1.4125E-01 -0.25 2.6841E+03
1.5849E-01 -0.25 2.2423E+03
1.7783E-01 -0.25 1.8661E+03
1.9953E-01 -0.25 1.5458E+03
2.2387E-01 -0.25 1.2690E+03
2.5119E-01 -0.25 1.0329E+03
2.8184E-01 -0.25 8.3508E+02
3.1623E-01 -0.25 6.7173E+02
3.5481E-01 -0.25 5.3746E+02
3.9811E-01 -0.25 4.2718E+02
4.4668E-01 -0.25 3.3809E+02
5.0119E-01 -0.25 2.6782E+02
5.6234E-01 -0.25 2.1062E+02
6.3096E-01 -0.25 1.6481E+02
7.0795E-01 -0.25 1.2859E+02
7.9433E-01 -0.25 9.9664E+01
8.9125E-01 -0.25 7.7256E+01
1.0000E+00 -0.25 5.9437E+01
1.1220E+00 -0.25 4.5691E+01
1.2589E+00 -0.25 3.5029E+01
1.4125E+00 -0.25 2.6655E+01
1.5849E+00 -0.25 2.0203E+01
1.7783E+00 -0.25 1.5334E+01
1.9953E+00 -0.25 1.1530E+01
2.2387E+00 -0.25 8.5508E+00
2.5119E+00 -0.25 6.3374E+00
2.8184E+00 -0.25 4.6656E+00
3.1623E+00 -0.25 3.3782E+00
3.5481E+00 -0.25 2.4481E+00
3.9811E+00 -0.25 1.7683E+00
4.4668E+00 -0.25 1.2717E+00
5.0119E+00 -0.25 9.0625E-01
5.6234E+00 -0.25 6.4302E-01
6.3096E+00 -0.25 4.5049E-01
7.0795E+00 -0.25 3.1367E-01
7.9433E+00 -0.25 2.1941E-01
8.9125E+00 -0.25 1.5301E-01
1.0000E+01 -0.25 1.0522E-01
1.1220E+01 -0.25 7.2576E-02
1.2589E+01 -0.25 4.9984E-02
1.4125E+01 -0.25 3.4117E-02
1.5849E+01 -0.25 2.3146E-02
1.7783E+01 -0.25 1.5710E-02
1.9953E+01 -0.25 1.0678E-02
2.2387E+01 -0.25 7.2028E-03
2.5119E+01 -0.25 4.9176E-03
2.8184E+01 -0.25 3.3286E-03
3.1623E+01 -0.25 2.2302E-03
3.5481E+01 -0.25 1.4970E-03
3.9811E+01 -0.25 1.0060E-03
4.4668E+01 -0.25 6.7449E-04
5.0119E+01 -0.25 4.5018E-04
5.6234E+01 -0.25 3.0129E-04
6.3096E+01 -0.25 2.0093E-04
7.0795E+01 -0.25 1.3368E-04
7.9433E+01 -0.25 8.8633E-05
8.9125E+01 -0.25 5.8647E-05
1.0000E+02 -0.25 3.9325E-05
1.1220E+02 -0.25 2.6150E-05
1.2589E+02 -0.25 1.7397E-05
1.4125E+02 -0.25 1.1564E-05
1.5849E+02 -0.25 7.6839E-06
1.7783E+02 -0.25 5.0872E-06
1.9953E+02 -0.25 3.3770E-06
2.2387E+02 -0.25 2.2578E-06
2.5119E+02 -0.25 1.5099E-06
2.8184E+02 -0.25 9.9952E-07
3.1623E+02 -0.25 6.7101E-07
3.5481E+02 -0.25 4.4809E-07
3.9811E+02 -0.25 2.9871E-07
4.4668E+02 -0.25 1.9909E-07
5.0119E+02 -0.25 1.3301E-07
5.6234E+02 -0.25 8.9339E-08
6.3096E+02 -0.25 5.9926E-08
7.0795E+02 -0.25 4.0213E-08
7.9433E+02 -0.25 2.6759E-08
8.9125E+02 -0.25 1.7797E-08
1.0000E+03 -0.25 1.1919E-08
1.1220E+03 -0.25 7.9686E-09
1.2589E+03 -0.25 5.3331E-09
1.4125E+03 -0.25 3.5896E-09
1.5849E+03 -0.25 2.4041E-09
1.7783E+03 -0.25 1.5913E-09
1.9953E+03 -0.25 1.0686E-09
2.2387E+03 -0.25 7.0477E-10
2.5119E+03 -0.25 4.7106E-10
2.8184E+03 -0.25 3.1198E-10
3.1623E+03 -0.25 2.0703E-10
3.5481E+03 -0.25 1.3707E-10
3.9811E+03 -0.25 8.9836E-11
4.4668E+03 -0.25 5.9038E-11
5.0119E+03 -0.25 3.9084E-11
5.6234E+03 -0.25 2.5341E-11
6.3096E+03 -0.25 1.6979E-11
7.0795E+03 -0.25 1.1133E-11
7.9433E+03 -0.25 7.2787E-12
8.9125E+03 -0.25 4.7214E-12
1.0000E+04 -0.25 3.0150E-12
1.0000E-01 -0.35 3.6177E+03
1.1220E-01 -0.35 3.1494E+03
1.2589E-01 -0.35 2.7067E+03
1.4125E-01 -0.35 2.3012E+03
1.5849E-01 -0.35 1.9500E+03
1.7783E-01 -0.35 1.6429E+03
1.9953E-01 -0.35 1.3738E+03
2.2387E-01 -0.35 1.1397E+03
2.5119E-01 -0.35 9.3880E+02
2.8184E-01 -0.35 7.6794E+02
3.1623E-01 -0.35 6.2248E+02
3.5481E-01 -0.35 5.0091E+02
3.9811E-01 -0.35 4.0055E+02
4.4668E-01 -0.35 3.1980E+02
5.0119E-01 -0.35 2.5365E+02
5.6234E-01 -0.35 2.0039E+02
6.3096E-01 -0.35 1.5731E+02
7.0795E-01 -0.35 1.2281E+02
7.9433E-01 -0.35 9.5509E+01
8.9125E-01 -0.35 7.3858E+01
1.0000E+00 -0.35 5.7058E+01
1.1220E+00 -0.35 4.3584E+01
1.2589E+00 -0.35 3.3256E+01
1.4125E+00 -0.35 2.5213E+01
1.5849E+00 -0.35 1.8924E+01
1.7783E+00 -0.35 1.4173E+01
1.9953E+00 -0.35 1.0518E+01
2.2387E+00 -0.35 7.7505E+00
2.5119E+00 -0.35 5.7031E+00
2.8184E+00 -0.35 4.1592E+00
3.1623E+00 -0.35 2.9916E+00
3.5481E+00 -0.35 2.1465E+00
3.9811E+00 -0.35 1.5286E+00
4.4668E+00 -0.35 1.0857E+00
5.0119E+00 -0.35 7.6776E-01
5.6234E+00 -0.35 5.3671E-01
6.3096E+00 -0.35 3.7322E-01
7.0795E+00 -0.35 2.5853E-01
7.9433E+00 -0.35 1.7802E-01
8.9125E+00 -0.35 1.2247E-01
1.0000E+01 -0.35 8.3003E-02
1.1220E+01 -0.35 5.6573E-02
1.2589E+01 -0.35 3.8520E-02
1.4125E+01 -0.35 2.6161E-02
1.5849E+01 -0.35 1.7741E-02
1.7783E+01 -0.35 1.2005E-02
1.9953E+01 -0.35 8.0916E-03
2.2387E+01 -0.35 5.4263E-03
2.5119E+01 -0.35 3.6366E-03
2.8184E+01 -0.35 2.4382E-03
3.1623E+01 -0.35 1.6337E-03
3.5481E+01 -0.35 1.0927E-03
3.9811E+01 -0.35 7.3021E-04
4.4668E+01 -0.35 4.8701E-04
5.0119E+01 -0.35 3.2500E-04
5.6234E+01 -0.35 2.1704E-04
6.3096E+01 -0.35 1.4474E-04
7.0795E+01 -0.35 9.6281E-05
7.9433E+01 -0.35 6.3994E-05
8.9125E+01 -0.35 4.2547E-05
1.0000E+02 -0.35 2.8310E-05
1.1220E+02 -0.35 1.8925E-05
1.2589E+02 -0.35 1.2637E-05
1.4125E+02 -0.35 8.3888E-06
1.5849E+02 -0.35 5.6231E-06
1.7783E+02 -0.35 3.7648E-06
1.9953E+02 -0.35 2.5019E-06
2.2387E+02 -0.35 1.6665E-06
2.5119E+02 -0.35 1.1218E-06
2.8184E+02 -0.35 7.5476E-07
3.1623E+02 -0.35 5.0196E-07
3.5481E+02 -0.35 3.3553E-07
3.9811E+02 -0.35 2.2480E-07
4.4668E+02 -0.35 1.5248E-07
5.0119E+02 -0.35 1.0249E-07
5.6234E+02 -0.35 6.8144E-08
6.3096E+02 -0.35 4.5721E-08
7.0795E+02 -0.35 3.0774E-08
7.9433E+02 -0.35 2.0612E-08
8.9125E+02 -0.35 1.3757E-08
1.0000E+03 -0.35 9.2481E-09
1.1220E+03 -0.35 6.1429E-09
1.2589E+03 -0.35 4.1012E-09
1.4125E+03 -0.35 2.7675E-09
1.5849E+03 -0.35 1.8548E-09
1.7783E+03 -0.35 1.2400E-09
1.9953E+03 -0.35 8.1757E-10
2.2387E+03 -0.35 5.3568E-10
2.5119E+03 -0.35 3.5768E-10
2.8184E+03 -0.35 2.4019E-10
3.1623E+03 -0.35 1.5668E-10
3.5481E+03 -0.35 1.0376E-10
3.9811E+03 -0.35 6.7224E-11
4.4668E+03 -0.35 4.3644E-11
5.0119E+03 -0.35 2.9511E-11
5.6234E+03 -0.35 1.9728E-11
6.3096E+03 -0.35 1.2677E-11
7.0795E+03 -0.35 8.3851E-12
7.9433E+03 -0.35 5.4092E-12
8.9125E+03 -0.35 3.4919E-12
1.0000E+04 -0.35 2.3355E-12
1.0000E-01 -0.45 3.2685E+03
1.1220E-01 -0.45 2.8704E+03
1.2589E-01 -0.45 2.4928E+03
1.4125E-01 -0.45 2.1454E+03
1.5849E-01 -0.45 1.8326E+03
1.7783E-01 -0.45 1.5550E+03
1.9953E-01 -0.45 1.3120E+03
2.2387E-01 -0.45 1.0969E+03
2.5119E-01 -0.45 9.0916E+02
2.8184E-01 -0.45 7.4870E+02
3.1623E-01 -0.45 6.1152E+02
3.5481E-01 -0.45 4.9413E+02
3.9811E-01 -0.45 3.9815E+02
4.4668E-01 -0.45 3.1833E+02
5.0119E-01 -0.45 2.5279E+02
5.6234E-01 -0.45 1.9994E+02
6.3096E-01 -0.45 1.5702E+02
7.0795E-01 -0.45 1.2259E+02
7.9433E-01 -0.45 9.4871E+01
8.9125E-01 -0.45 7.2800E+01
1.0000E+00 -0.45 5.5998E+01
1.1220E+00 -0.45 4.2500E+01
1.2589E+00 -0.45 3.2192E+01
1.4125E+00 -0.45 2.4194E+01
1.5849E+00 -0.45 1.7999E+01
1.7783E+00 -0.45 1.3316E+01
1.9953E+00 -0.45 9.8168E+00
2.2387E+00 -0.45 7.1722E+00
2.5119E+00 -0.45 5.2217E+00
2.8184E+00 -0.45 3.7677E+00
3.1623E+00 -0.45 2.6707E+00
3.5481E+00 -0.45 1.8933E+00
3.9811E+00 -0.45 1.3356E+00
4.4668E+00 -0.45 9.3635E-01
5.0119E+00 -0.45 6.5300E-01
5.6234E+00 -0.45 4.5310E-01
6.3096E+00 -0.45 3.1302E-01
7.0795E+00 -0.45 2.1534E-01
7.9433E+00 -0.45 1.4736E-01
8.9125E+00 -0.45 1.0035E-01
1.0000E+01 -0.45 6.8256E-02
1.1220E+01 -0.45 4.6112E-02
1.2589E+01 -0.45 3.1042E-02
1.4125E+01 -0.45 2.0918E-02
1.5849E+01 -0.45 1.4104E-02
1.7783E+01 -0.45 9.4181E-03
1.9953E+01 -0.45 6.3470E-03
2.2387E+01 -0.45 4.2612E-03
2.5119E+01 -0.45 2.8464E-03
2.8184E+01 -0.45 1.8866E-03
3.1623E+01 -0.45 1.2744E-03
3.5481E+01 -0.45 8.5018E-04
3.9811E+01 -0.45 5.6780E-04
4.4668E+01 -0.45 3.7830E-04
5.0119E+01 -0.45 2.5186E-04
5.6234E+01 -0.45 1.6817E-04
6.3096E+01 -0.45 1.1198E-04
7.0795E+01 -0.45 7.4831E-05
7.9433E+01 -0.45 4.9926E-05
8.9125E+01 -0.45 3.3268E-05
1.0000E+02 -0.45 2.2229E-05
1.1220E+02 -0.45 1.4876E-05
1.2589E+02 -0.45 9.9683E-06
1.4125E+02 -0.45 6.6300E-06
1.5849E+02 -0.45 4.4314E-06
1.7783E+02 -0.45 2.9713E-06
1.9953E+02 -0.45 2.0117E-06
2.2387E+02 -0.45 1.3653E-06
2.5119E+02 -0.45 9.1640E-07
2.8184E+02 -0.45 6.0618E-07
3.1623E+02 -0.45 4.0899E-07
3.5481E+02 -0.45 2.7421E-07
3.9811E+02 -0.45 1.8458E-07
4.4668E+02 -0.45 1.2427E-07
5.0119E+02 -0.45 8.3214E-08
5.6234E+02 -0.45 5.5838E-08
6.3096E+02 -0.45 3.7506E-08
7.0795E+02 -0.45 2.5338E-08
7.9433E+02 -0.45 1.6857E-08
8.9125E+02 -0.45 1.1206E-08
1.0000E+03 -0.45 7.6169E-09
1.1220E+03 -0.45 5.0622E-09
1.2589E+03 -0.45 3.3144E-09
1.4125E+03 -0.45 2.1969E-09
1.5849E+03 -0.45 1.4840E-09
1.7783E+03 -0.45 1.0024E-09
1.9953E+03 -0.45 6.5620E-10
2.2387E+03 -0.45 4.3544E-10
2.5119E+03 -0.45 2.8900E-10
2.8184E+03 -0.45 1.8863E-10
3.1623E+03 -0.45 1.2461E-10
3.5481E+03 -0.45 8.1620E-11
3.9811E+03 -0.45 5.5017E-11
4.4668E+03 -0.45 3.6338E-11
5.0119E+03 -0.45 2.2959E-11
5.6234E+03 -0.45 1.5022E-11
6.3096E+03 -0.45 9.9927E-12
7.0795E+03 -0.45 6.6340E-12
7.9433E+03 -0.45 4.3567E-12
8.9125E+03 -0.45 2.7805E-12
1.0000E+04 -0.45 1.8182E-12
1.0000E-01 -0.55 3.2843E+03
1.1220E-01 -0.55 2.9057E+03
1.2589E-01 -0.55 2.5431E+03
1.4125E-01 -0.55 2.2057E+03
1.5849E-01 -0.55 1.8928E+03
1.7783E-01 -0.55 1.6155E+03
1.9953E-01 -0.55 1.3686E+03
2.2387E-01 -0.55 1.1481E+03
2.5119E-01 -0.55 9.5614E+02
2.8184E-01 -0.55 7.8949E+02
3.1623E-01 -0.55 6.4434E+02
3.5481E-01 -0.55 5.2187E+02
3.9811E-01 -0.55 4.2027E+02
4.4668E-01 -0.55 3.3440E+02
5.0119E-01 -0.55 2.6471E+02
5.6234E-01 -0.55 2.0823E+02
6.3096E-01 -0.55 1.6215E+02
7.0795E-01 -0.55 1.2574E+02
7.9433E-01 -0.55 9.6731E+01
8.9125E-01 -0.55 7.3726E+01
1.0000E+00 -0.55 5.5751E+01
1.1220E+00 -0.55 4.1883E+01
1.2589E+00 -0.55 3.1333E+01
1.4125E+00 -0.55 2.3329E+01
1.5849E+00 -0.55 1.7240E+01
1.7783E+00 -0.55 1.2609E+01
1.9953E+00 -0.55 9.1652E+00
2.2387E+00 -0.55 6.6335E+00
2.5119E+00 -0.55 4.7728E+00
2.8184E+00 -0.55 3.3905E+00
3.1623E+00 -0.55 2.4050E+00
3.5481E+00 -0.55 1.6920E+00
3.9811E+00 -0.55 1.1846E+00
4.4668E+00 -0.55 8.2279E-01
5.0119E+00 -0.55 5.6977E-01
5.6234E+00 -0.55 3.9183E-01
6.3096E+00 -0.55 2.6870E-01
7.0795E+00 -0.55 1.8396E-01
7.9433E+00 -0.55 1.2495E-01
8.9125E+00 -0.55 8.4435E-02
1.0000E+01 -0.55 5.7314E-02
1.1220E+01 -0.55 3.8782E-02
1.2589E+01 -0.55 2.6046E-02
1.4125E+01 -0.55 1.7473E-02
1.5849E+01 -0.55 1.1670E-02
1.7783E+01 -0.55 7.8066E-03
1.9953E+01 -0.55 5.2287E-03
2.2387E+01 -0.55 3.4714E-03
2.5119E+01 -0.55 2.3292E-03
2.8184E+01 -0.55 1.5756E-03
3.1623E+01 -0.55 1.0401E-03
3.5481E+01 -0.55 6.9316E-04
3.9811E+01 -0.55 4.6243E-04
4.4668E+01 -0.55 3.0825E-04
5.0119E+01 -0.55 2.0627E-04
5.6234E+01 -0.55 1.3790E-04
6.3096E+01 -0.55 9.1921E-05
7.0795E+01 -0.55 6.1154E-05
7.9433E+01 -0.55 4.1002E-05
8.9125E+01 -0.55 2.7402E-05
1.0000E+02 -0.55 1.8465E-05
1.1220E+02 -0.55 1.2404E-05
1.2589E+02 -0.55 8.3214E-06
1.4125E+02 -0.55 5.5920E-06
1.5849E+02 -0.55 3.7531E-06
1.7783E+02 -0.55 2.5134E-06
1.9953E+02 -0.55 1.6879E-06
2.2387E+02 -0.55 1.1406E-06
2.5119E+02 -0.55 7.6479E-07
2.8184E+02 -0.55 5.1219E-07
3.1623E+02 -0.55 3.4905E-07
3.5481E+02 -0.55 2.3432E-07
3.9811E+02 -0.55 1.5721E-07
4.4668E+02 -0.55 1.0602E-07
5.0119E+02 -0.55 7.1434E-08
5.6234E+02 -0.55 4.8151E-08
6.3096E+02 -0.55 3.2449E-08
7.0795E+02 -0.55 2.1539E-08
7.9433E+02 -0.55 1.4410E-08
8.9125E+02 -0.55 9.7328E-09
1.0000E+03 -0.55 6.5068E-09
1.1220E+03 -0.55 4.2703E-09
1.2589E+03 -0.55 2.8426E-09
1.4125E+03 -0.55 1.9212E-09
1.5849E+03 -0.55 1.2781E-09
1.7783E+03 -0.55 8.3817E-10
1.9953E+03 -0.55 5.6037E-10
2.2387E+03 -0.55 3.7074E-10
2.5119E+03 -0.55 2.4334E-10
2.8184E+03 -0.55 1.5872E-10
3.1623E+03 -0.55 1.0474E-10
3.5481E+03 -0.55 6.9713E-11
3.9811E+03 -0.55 4.5584E-11
4.4668E+03 -0.55 2.9385E-11
5.0119E+03 -0.55 1.9520E-11
5.6234E+03 -0.55 1.2643E-11
6.3096E+03 -0.55 8.3383E-12
7.0795E+03 -0.55 5.3903E-12
7.9433E+03 -0.55 3.4582E-12
8.9125E+03 -0.55 2.2226E-12
1.0000E+04 -0.55 1.4744E-12
1.0000E-01 -0.65 3.4144E+03
1.1220E-01 -0.65 3.0333E+03
1.2589E-01 -0.65 2.6686E+03
1.4125E-01 -0.65 2.3233E+03
1.5849E-01 -0.65 2.0031E+03
1.7783E-01 -0.65 1.7111E+03
1.9953E-01 -0.65 1.4485E+03
2.2387E-01 -0.65 1.2155E+03
2.5119E-01 -0.65 1.0086E+03
2.8184E-01 -0.65 8.3119E+02
3.1623E-01 -0.65 6.7730E+02
3.5481E-01 -0.65 5.4535E+02
3.9811E-01 -0.65 4.3614E+02
4.4668E-01 -0.65 3.4564E+02
5.0119E-01 -0.65 2.7184E+02
5.6234E-01 -0.65 2.1148E+02
6.3096E-01 -0.65 1.6358E+02
7.0795E-01 -0.65 1.2591E+02
7.9433E-01 -0.65 9.5901E+01
8.9125E-01 -0.65 7.2533E+01
1.0000E+00 -0.65 5.4505E+01
1.1220E+00 -0.65 4.0605E+01
1.2589E+00 -0.65 3.0039E+01
1.4125E+00 -0.65 2.2176E+01
1.5849E+00 -0.65 1.6269E+01
1.7783E+00 -0.65 1.1815E+01
1.9953E+00 -0.65 8.5653E+00
2.2387E+00 -0.65 6.1328E+00
2.5119E+00 -0.65 4.3421E+00
2.8184E+00 -0.65 3.0841E+00
3.1623E+00 -0.65 2.1732E+00
3.5481E+00 -0.65 1.5154E+00
3.9811E+00 -0.65 1.0540E+00
4.4668E+00 -0.65 7.3056E-01
5.0119E+00 -0.65 5.0151E-01
5.6234E+00 -0.65 3.4378E-01
6.3096E+00 -0.65 2.3386E-01
7.0795E+00 -0.65 1.5811E-01
7.9433E+00 -0.65 1.0742E-01
8.9125E+00 -0.65 7.3208E-02
1.0000E+01 -0.65 4.9153E-02
1.1220E+01 -0.65 3.2902E-02
1.2589E+01 -0.65 2.2022E-02
1.4125E+01 -0.65 1.4811E-02
1.5849E+01 -0.65 9.8723E-03
1.7783E+01 -0.65 6.5690E-03
1.9953E+01 -0.65 4.3761E-03
2.2387E+01 -0.65 2.9518E-03
2.5119E+01 -0.65 1.9893E-03
2.8184E+01 -0.65 1.3061E-03
3.1623E+01 -0.65 8.7835E-04
3.5481E+01 -0.65 5.8371E-04
3.9811E+01 -0.65 3.9180E-04
4.4668E+01 -0.65 2.6375E-04
5.0119E+01 -0.65 1.7642E-04
5.6234E+01 -0.65 1.1729E-04
6.3096E+01 -0.65 7.8315E-05
7.0795E+01 -0.65 5.2750E-05
7.9433E+01 -0.65 3.5579E-05
8.9125E+01 -0.65 2.3768E-05
1.0000E+02 -0.65 1.5930E-05
1.1220E+02 -0.65 1.0715E-05
1.2589E+02 -0.65 7.2052E-06
1.4125E+02 -0.65 4.8504E-06
1.5849E+02 -0.65 3.2819E-06
1.7783E+02 -0.65 2.2083E-06
1.9953E+02 -0.65 1.4832E-06
2.2387E+02 -0.65 1.0089E-06
2.5119E+02 -0.65 6.7737E-07
2.8184E+02 -0.65 4.5173E-07
3.1623E+02 -0.65 3.0684E-07
3.5481E+02 -0.65 2.0756E-07
3.9811E+02 -0.65 1.3961E-07
4.4668E+02 -0.65 9.3254E-08
5.0119E+02 -0.65 6.2658E-08
5.6234E+02 -0.65 4.1952E-08
6.3096E+02 -0.65 2.8291E-08
7.0795E+02 -0.65 1.9000E-08
7.9433E+02 -0.65 1.2600E-08
8.9125E+02 -0.65 8.4219E-09
1.0000E+03 -0.65 5.6600E-09
1.1220E+03 -0.65 3.7456E-09
1.2589E+03 -0.65 2.4638E-09
1.4125E+03 -0.65 1.6229E-09
1.5849E+03 -0.65 1.1044E-09
1.7783E+03 -0.65 7.3320E-10
1.9953E+03 -0.65 4.8002E-10
2.2387E+03 -0.65 3.1893E-10
2.5119E+03 -0.65 2.1034E-10
2.8184E+03 -0.65 1.4195E-10
3.1623E+03 -0.65 9.0166E-11
3.5481E+03 -0.65 5.9849E-11
3.9811E+03 -0.65 3.9494E-11
4.4668E+03 -0.65 2.6009E-11
5.0119E+03 -0.65 1.6927E-11
5.6234E+03 -0.65 1.0462E-11
6.3096E+03 -0.65 7.1699E-12
7.0795E+03 -0.65 4.7050E-12
7.9433E+03 -0.65 3.0745E-12
8.9125E+03 -0.65 2.0315E-12
1.0000E+04 -0.65 1.2887E-12
1.0000E-01 -0.75 3.2815E+03
1.1220E-01 -0.75 2.9272E+03
1.2589E-01 -0.75 2.5842E+03
1.4125E-01 -0.75 2.2582E+03
1.5849E-01 -0.75 1.9541E+03
1.7783E-01 -0.75 1.6745E+03
1.9953E-01 -0.75 1.4195E+03
2.2387E-01 -0.75 1.1918E+03
2.5119E-01 -0.75 9.9242E+02
2.8184E-01 -0.75 8.1728E+02
3.1623E-01 -0.75 6.6593E+02
3.5481E-01 -0.75 5.3580E+02
3.9811E-01 -0.75 4.2643E+02
4.4668E-01 -0.75 3.3764E+02
5.0119E-01 -0.75 2.6502E+02
5.6234E-01 -0.75 2.0551E+02
6.3096E-01 -0.75 1.5800E+02
7.0795E-01 -0.75 1.2138E+02
7.9433E-01 -0.75 9.2032E+01
8.9125E-01 -0.75 6.8956E+01
1.0000E+00 -0.75 5.1759E+01
1.1220E+00 -0.75 3.8466E+01
1.2589E+00 -0.75 2.8386E+01
1.4125E+00 -0.75 2.0831E+01
1.5849E+00 -0.75 1.5175E+01
1.7783E+00 -0.75 1.0957E+01
1.9953E+00 -0.75 7.8633E+00
2.2387E+00 -0.75 5.6003E+00
2.5119E+00 -0.75 3.9714E+00
2.8184E+00 -0.75 2.8110E+00
3.1623E+00 -0.75 1.9681E+00
3.5481E+00 -0.75 1.3616E+00
3.9811E+00 -0.75 9.4260E-01
4.4668E+00 -0.75 6.5011E-01
5.0119E+00 -0.75 4.4591E-01
5.6234E+00 -0.75 3.0415E-01
6.3096E+00 -0.75 2.0617E-01
7.0795E+00 -0.75 1.4010E-01
7.9433E+00 -0.75 9.4275E-02
8.9125E+00 -0.75 6.3559E-02
1.0000E+01 -0.75 4.2820E-02
1.1220E+01 -0.75 2.8814E-02
1.2589E+01 -0.75 1.9268E-02
1.4125E+01 -0.75 1.2809E-02
1.5849E+01 -0.75 8.5889E-03
1.7783E+01 -0.75 5.7431E-03
1.9953E+01 -0.75 3.8213E-03
2.2387E+01 -0.75 2.5270E-03
2.5119E+01 -0.75 1.6836E-03
2.8184E+01 -0.75 1.1252E-03
3.1623E+01 -0.75 7.6071E-04
3.5481E+01 -0.75 5.1007E-04
3.9811E+01 -0.75 3.4034E-04
4.4668E+01 -0.75 2.2678E-04
5.0119E+01 -0.75 1.5305E-04
5.6234E+01 -0.75 1.0317E-04
6.3096E+01 -0.75 6.8859E-05
7.0795E+01 -0.75 4.5971E-05
7.9433E+01 -0.75 3.1063E-05
8.9125E+01 -0.75 2.0877E-05
1.0000E+02 -0.75 1.4068E-05
1.1220E+02 -0.75 9.4961E-06
1.2589E+02 -0.75 6.4076E-06
1.4125E+02 -0.75 4.3320E-06
1.5849E+02 -0.75 2.9217E-06
1.7783E+02 -0.75 1.9674E-06
1.9953E+02 -0.75 1.3246E-06
2.2387E+02 -0.75 8.9525E-07
2.5119E+02 -0.75 5.9846E-07
2.8184E+02 -0.75 4.0053E-07
3.1623E+02 -0.75 2.7479E-07
3.5481E+02 -0.75 1.8483E-07
3.9811E+02 -0.75 1.2434E-07
4.4668E+02 -0.75 8.2775E-08
5.0119E+02 -0.75 5.5813E-08
5.6234E+02 -0.75 3.7814E-08
6.3096E+02 -0.75 2.5203E-08
7.0795E+02 -0.75 1.6808E-08
7.9433E+02 -0.75 1.1353E-08
8.9125E+02 -0.75 7.5451E-09
1.0000E+03 -0.75 4.9763E-09
1.1220E+03 -0.75 3.3210E-09
1.2589E+03 -0.75 2.2213E-09
1.4125E+03 -0.75 1.4671E-09
1.5849E+03 -0.75 9.6873E-10
1.7783E+03 -0.75 6.4354E-10
1.9953E+03 -0.75 4.2531E-10
2.2387E+03 -0.75 2.8088E-10
2.5119E+03 -0.75 1.8255E-10
2.8184E+03 -0.75 1.1931E-10
3.1623E+03 -0.75 7.9313E-11
3.5481E+03 -0.75 5.2275E-11
3.9811E+03 -0.75 3.4923E-11
4.4668E+03 -0.75 2.2694E-11
5.0119E+03 -0.75 1.4712E-11
5.6234E+03 -0.75 9.5207E-12
6.3096E+03 -0.75 6.3818E-12
7.0795E+03 -0.75 4.1586E-12
7.9433E+03 -0.75 2.6715E-12
8.9125E+03 -0.75 1.6894E-12
1.0000E+04 -0.75 1.1104E-12
1.0000E-01 -0.85 2.9408E+03
1.1220E-01 -0.85 2.6345E+03
1.2589E-01 -0.85 2.3310E+03
1.4125E-01 -0.85 2.0458E+03
1.5849E-01 -0.85 1.7775E+03
1.7783E-01 -0.85 1.5285E+03
1.9953E-01 -0.85 1.3017E+03
2.2387E-01 -0.85 1.0962E+03
2.5119E-01 -0.85 9.1323E+02
2.8184E-01 -0.85 7.5125E+02
3.1623E-01 -0.85 6.1108E+02
3.5481E-01 -0.85 4.9350E+02
3.9811E-01 -0.85 3.9439E+02
4.4668E-01 -0.85 3.1163E+02
5.0119E-01 -0.85 2.4524E+02
5.6234E-01 -0.85 1.9101E+02
6.3096E-01 -0.85 1.4656E+02
7.0795E-01 -0.85 1.1203E+02
7.9433E-01 -0.85 8.4973E+01
8.9125E-01 -0.85 6.4210E+01
1.0000E+00 -0.85 4.7909E+01
1.1220E+00 -0.85 3.5584E+01
1.2589E+00 -0.85 2.6255E+01
1.4125E+00 -0.85 1.9257E+01
1.5849E+00 -0.85 1.3987E+01
1.7783E+00 -0.85 1.0073E+01
1.9953E+00 -0.85 7.2241E+00
2.2387E+00 -0.85 5.1456E+00
2.5119E+00 -0.85 3.6405E+00
2.8184E+00 -0.85 2.5524E+00
3.1623E+00 -0.85 1.7787E+00
3.5481E+00 -0.85 1.2340E+00
3.9811E+00 -0.85 8.5038E-01
4.4668E+00 -0.85 5.8220E-01
5.0119E+00 -0.85 3.9718E-01
5.6234E+00 -0.85 2.7085E-01
6.3096E+00 -0.85 1.8406E-01
7.0795E+00 -0.85 1.2474E-01
7.9433E+00 -0.85 8.4266E-02
8.9125E+00 -0.85 5.6638E-02
1.0000E+01 -0.85 3.7849E-02
1.1220E+01 -0.85 2.5275E-02
1.2589E+01 -0.85 1.6892E-02
1.4125E+01 -0.85 1.1234E-02
1.5849E+01 -0.85 7.4745E-03
1.7783E+01 -0.85 5.0190E-03
1.9953E+01 -0.85 3.3532E-03
2.2387E+01 -0.85 2.2287E-03
2.5119E+01 -0.85 1.5047E-03
2.8184E+01 -0.85 1.0121E-03
3.1623E+01 -0.85 6.6638E-04
3.5481E+01 -0.85 4.4700E-04
3.9811E+01 -0.85 2.9997E-04
4.4668E+01 -0.85 2.0158E-04
5.0119E+01 -0.85 1.3482E-04
5.6234E+01 -0.85 9.0317E-05
6.3096E+01 -0.85 6.1151E-05
7.0795E+01 -0.85 4.1236E-05
7.9433E+01 -0.85 2.7910E-05
8.9125E+01 -0.85 1.8970E-05
1.0000E+02 -0.85 1.2651E-05
1.1220E+02 -0.85 8.5392E-06
1.2589E+02 -0.85 5.7391E-06
1.4125E+02 -0.85 3.8946E-06
1.5849E+02 -0.85 2.6362E-06
1.7783E+02 -0.85 1.7792E-06
1.9953E+02 -0.85 1.1991E-06
2.2387E+02 -0.85 8.1047E-07
2.5119E+02 -0.85 5.5053E-07
2.8184E+02 -0.85 3.6784E-07
3.1623E+02 -0.85 2.4884E-07
3.5481E+02 -0.85 1.6720E-07
3.9811E+02 -0.85 1.1194E-07
4.4668E+02 -0.85 7.5880E-08
5.0119E+02 -0.85 5.0858E-08
5.6234E+02 -0.85 3.4231E-08
6.3096E+02 -0.85 2.3097E-08
7.0795E+02 -0.85 1.5294E-08
7.9433E+02 -0.85 1.0085E-08
8.9125E+02 -0.85 6.7929E-09
1.0000E+03 -0.85 4.4649E-09
1.1220E+03 -0.85 2.9484E-09
1.2589E+03 -0.85 1.9858E-09
1.4125E+03 -0.85 1.2907E-09
1.5849E+03 -0.85 8.5693E-10
1.7783E+03 -0.85 5.7952E-10
1.9953E+03 -0.85 3.7962E-10
2.2387E+03 -0.85 2.4938E-10
2.5119E+03 -0.85 1.6142E-10
2.8184E+03 -0.85 1.0416E-10
3.1623E+03 -0.85 7.1234E-11
3.5481E+03 -0.85 4.6433E-11
3.9811E+03 -0.85 3.0068E-11
4.4668E+03 -0.85 2.0004E-11
5.0119E+03 -0.85 1.3440E-11
5.6234E+03 -0.85 8.4973E-12
6.3096E+03 -0.85 5.5840E-12
7.0795E+03 -0.85 3.6673E-12
7.9433E+03 -0.85 2.3944E-12
8.9125E+03 -0.85 1.5210E-12
1.0000E+04 -0.85 9.7115E-13
1.0000E-01 -0.95 2.9061E+03
1.1220E-01 -0.95 2.6085E+03
1.2589E-01 -0.95 2.3167E+03
1.4125E-01 -0.95 2.0338E+03
1.5849E-01 -0.95 1.7678E+03
1.7783E-01 -0.95 1.5204E+03
1.9953E-01 -0.95 1.2945E+03
2.2387E-01 -0.95 1.0914E+03
2.5119E-01 -0.95 9.0758E+02
2.8184E-01 -0.95 7.4560E+02
3.1623E-01 -0.95 6.0690E+02
3.5481E-01 -0.95 4.8928E+02
3.9811E-01 -0.95 3.9022E+02
4.4668E-01 -0.95 3.0695E+02
5.0119E-01 -0.95 2.3984E+02
5.6234E-01 -0.95 1.8600E+02
6.3096E-01 -0.95 1.4278E+02
7.0795E-01 -0.95 1.0877E+02
7.9433E-01 -0.95 8.2231E+01
8.9125E-01 -0.95 6.1607E+01
1.0000E+00 -0.95 4.5961E+01
1.1220E+00 -0.95 3.4001E+01
1.2589E+00 -0.95 2.4918E+01
1.4125E+00 -0.95 1.8163E+01
1.5849E+00 -0.95 1.3152E+01
1.7783E+00 -0.95 9.4616E+00
1.9953E+00 -0.95 6.7536E+00
2.2387E+00 -0.95 4.7724E+00
2.5119E+00 -0.95 3.3567E+00
2.8184E+00 -0.95 2.3403E+00
3.1623E+00 -0.95 1.6308E+00
3.5481E+00 -0.95 1.1258E+00
3.9811E+00 -0.95 7.7175E-01
4.4668E+00 -0.95 5.2881E-01
5.0119E+00 -0.95 3.6119E-01
5.6234E+00 -0.95 2.4407E-01
6.3096E+00 -0.95 1.6470E-01
7.0795E+00 -0.95 1.1162E-01
7.9433E+00 -0.95 7.4885E-02
8.9125E+00 -0.95 5.0036E-02
1.0000E+01 -0.95 3.3754E-02
1.1220E+01 -0.95 2.2430E-02
1.2589E+01 -0.95 1.4975E-02
1.4125E+01 -0.95 1.0015E-02
1.5849E+01 -0.95 6.6852E-03
1.7783E+01 -0.95 4.4556E-03
1.9953E+01 -0.95 2.9720E-03
2.2387E+01 -0.95 1.9995E-03
2.5119E+01 -0.95 1.3467E-03
2.8184E+01 -0.95 8.9260E-04
3.1623E+01 -0.95 5.9824E-04
3.5481E+01 -0.95 4.0213E-04
3.9811E+01 -0.95 2.7086E-04
4.4668E+01 -0.95 1.8311E-04
5.0119E+01 -0.95 1.2342E-04
5.6234E+01 -0.95 8.2999E-05
6.3096E+01 -0.95 5.5672E-05
7.0795E+01 -0.95 3.7512E-05
7.9433E+01 -0.95 2.5351E-05
8.9125E+01 -0.95 1.7189E-05
1.0000E+02 -0.95 1.1622E-05
1.1220E+02 -0.95 7.8279E-06
1.2589E+02 -0.95 5.3184E-06
1.4125E+02 -0.95 3.6049E-06
1.5849E+02 -0.95 2.4255E-06
1.7783E+02 -0.95 1.6402E-06
1.9953E+02 -0.95 1.1076E-06
2.2387E+02 -0.95 7.5377E-07
2.5119E+02 -0.95 5.0719E-07
2.8184E+02 -0.95 3.3348E-07
3.1623E+02 -0.95 2.2838E-07
3.5481E+02 -0.95 1.5285E-07
3.9811E+02 -0.95 1.0380E-07
4.4668E+02 -0.95 7.0301E-08
5.0119E+02 -0.95 4.6382E-08
5.6234E+02 -0.95 3.1345E-08
6.3096E+02 -0.95 2.1009E-08
7.0795E+02 -0.95 1.3965E-08
7.9433E+02 -0.95 9.2580E-09
8.9125E+02 -0.95 6.1341E-09
1.0000E+03 -0.95 4.0920E-09
1.1220E+03 -0.95 2.6932E-09
1.2589E+03 -0.95 1.8153E-09
1.4125E+03 -0.95 1.2150E-09
1.5849E+03 -0.95 7.8238E-10
1.7783E+03 -0.95 5.0524E-10
1.9953E+03 -0.95 3.4348E-10
2.2387E+03 -0.95 2.2789E-10
2.5119E+03 -0.95 1.5064E-10
2.8184E+03 -0.95 9.8598E-11
3.1623E+03 -0.95 6.3424E-11
3.5481E+03 -0.95 4.1866E-11
3.9811E+03 -0.95 2.7479E-11
4.4668E+03 -0.95 1.8292E-11
5.0119E+03 -0.95 1.1984E-11
5.6234E+03 -0.95 7.5862E-12
6.3096E+03 -0.95 4.9722E-12
7.0795E+03 -0.95 3.2442E-12
7.9433E+03 -0.95 2.1272E-12
8.9125E+03 -0.95 1.3822E-12
1.0000E+04 -0.95 8.4197E-13
