1.0000E-01 0.95 6.0562E+03
1.1220E-01 0.95 5.4098E+03
1.2589E-01 0.95 4.7709E+03
1.4125E-01 0.95 4.1541E+03
1.5849E-01 0.95 3.5787E+03
1.7783E-01 0.95 3.0482E+03
1.9953E-01 0.95 2.5633E+03
2.2387E-01 0.95 2.1262E+03
2.5119E-01 0.95 1.7410E+03
2.8184E-01 0.95 1.4039E+03
3.1623E-01 0.95 1.1182E+03
3.5481E-01 0.95 8.8081E+02
3.9811E-01 0.95 6.8410E+02
4.4668E-01 0.95 5.2482E+02
5.0119E-01 0.95 3.9819E+02
5.6234E-01 0.95 2.9947E+02
6.3096E-01 0.95 2.2311E+02
7.0795E-01 0.95 1.6488E+02
7.9433E-01 0.95 1.2108E+02
8.9125E-01 0.95 8.8273E+01
1.0000E+00 0.95 6.3863E+01
1.1220E+00 0.95 4.6065E+01
1.2589E+00 0.95 3.2995E+01
1.4125E+00 0.95 2.3544E+01
1.5849E+00 0.95 1.6735E+01
1.7783E+00 0.95 1.1848E+01
1.9953E+00 0.95 8.3531E+00
2.2387E+00 0.95 5.8514E+00
2.5119E+00 0.95 4.0717E+00
2.8184E+00 0.95 2.8221E+00
3.1623E+00 0.95 1.9421E+00
3.5481E+00 0.95 1.3299E+00
3.9811E+00 0.95 9.0710E-01
4.4668E+00 0.95 6.1664E-01
5.0119E+00 0.95 4.1884E-01
5.6234E+00 0.95 2.8343E-01
6.3096E+00 0.95 1.9061E-01
7.0795E+00 0.95 1.2797E-01
7.9433E+00 0.95 8.5530E-02
8.9125E+00 0.95 5.6935E-02
1.0000E+01 0.95 3.8317E-02
1.1220E+01 0.95 2.5584E-02
1.2589E+01 0.95 1.6987E-02
1.4125E+01 0.95 1.1251E-02
1.5849E+01 0.95 7.4967E-03
1.7783E+01 0.95 4.9738E-03
1.9953E+01 0.95 3.3007E-03
2.2387E+01 0.95 2.2034E-03
2.5119E+01 0.95 1.4659E-03
2.8184E+01 0.95 9.7890E-04
3.1623E+01 0.95 6.6537E-04
3.5481E+01 0.95 4.4711E-04
3.9811E+01 0.95 3.0027E-04
4.4668E+01 0.95 2.0126E-04
5.0119E+01 0.95 1.3576E-04
5.6234E+01 0.95 9.1674E-05
6.3096E+01 0.95 6.1946E-05
7.0795E+01 0.95 4.1981E-05
7.9433E+01 0.95 2.8619E-05
8.9125E+01 0.95 1.9550E-05
1.0000E+02 0.95 1.3177E-05
1.1220E+02 0.95 8.9255E-06
1.2589E+02 0.95 6.0575E-06
1.4125E+02 0.95 4.1100E-06
1.5849E+02 0.95 2.8018E-06
1.7783E+02 0.95 1.9161E-06
1.9953E+02 0.95 1.3065E-06
2.2387E+02 0.95 8.9173E-07
2.5119E+02 0.95 6.0568E-07
2.8184E+02 0.95 4.0808E-07
3.1623E+02 0.95 2.7665E-07
3.5481E+02 0.95 1.8721E-07
3.9811E+02 0.95 1.2626E-07
4.4668E+02 0.95 8.5795E-08
5.0119E+02 0.95 5.7850E-08
5.6234E+02 0.95 3.8670E-08
6.3096E+02 0.95 2.6049E-08
7.0795E+02 0.95 1.7484E-08
7.9433E+02 0.95 1.1787E-08
8.9125E+02 0.95 7.8606E-09
1.0000E+03 0.95 5.2478E-09
1.1220E+03 0.95 3.4822E-09
1.2589E+03 0.95 2.3057E-09
1.4125E+03 0.95 1.5558E-09
1.5849E+03 0.95 1.0435E-09
1.7783E+03 0.95 6.8047E-10
1.9953E+03 0.95 4.5401E-10
2.2387E+03 0.95 3.0198E-10
2.5119E+03 0.95 2.0228E-10
2.8184E+03 0.95 1.3407E-10
3.1623E+03 0.95 8.5752E-11
3.5481E+03 0.95 5.5724E-11
3.9811E+03 0.95 3.7172E-11
4.4668E+03 0.95 2.4498E-11
5.0119E+03 0.95 1.6019E-11
5.6234E+03 0.95 1.0290E-11
6.3096E+03 0.95 6.9013E-12
7.0795E+03 0.95 4.4149E-12
7.9433E+03 0.95 2.8406E-12
8.9125E+03 0.95 1.8922E-12
1.0000E+04 0.95 1.2741E-12
1.0000E-01 0.85 6.2527E+03
1.1220E-01 0.85 5.5736E+03
1.2589E-01 0.85 4.9021E+03
1.4125E-01 0.85 4.2649E+03
1.5849E-01 0.85 3.6721E+03
1.7783E-01 0.85 3.1286E+03
1.9953E-01 0.85 2.6345E+03
2.2387E-01 0.85 2.1890E+03
2.5119E-01 0.85 1.7950E+03
2.8184E-01 0.85 1.4522E+03
3.1623E-01 0.85 1.1602E+03
3.5481E-01 0.85 9.1594E+02
3.9811E-01 0.85 7.1347E+02
4.4668E-01 0.85 5.4875E+02
5.0119E-01 0.85 4.1881E+02
5.6234E-01 0.85 3.1640E+02
6.3096E-01 0.85 2.3670E+02
7.0795E-01 0.85 1.7551E+02
7.9433E-01 0.85 1.2923E+02
8.9125E-01 0.85 9.4577E+01
1.0000E+00 0.85 6.8794E+01
1.1220E+00 0.85 4.9743E+01
1.2589E+00 0.85 3.5753E+01
1.4125E+00 0.85 2.5588E+01
1.5849E+00 0.85 1.8267E+01
1.7783E+00 0.85 1.2950E+01
1.9953E+00 0.85 9.1523E+00
2.2387E+00 0.85 6.4356E+00
2.5119E+00 0.85 4.4854E+00
2.8184E+00 0.85 3.1185E+00
3.1623E+00 0.85 2.1538E+00
3.5481E+00 0.85 1.4836E+00
3.9811E+00 0.85 1.0171E+00
4.4668E+00 0.85 6.9164E-01
5.0119E+00 0.85 4.6765E-01
5.6234E+00 0.85 3.1664E-01
6.3096E+00 0.85 2.1344E-01
7.0795E+00 0.85 1.4348E-01
7.9433E+00 0.85 9.6652E-02
8.9125E+00 0.85 6.4911E-02
1.0000E+01 0.85 4.3228E-02
1.1220E+01 0.85 2.8847E-02
1.2589E+01 0.85 1.9246E-02
1.4125E+01 0.85 1.2860E-02
1.5849E+01 0.85 8.5075E-03
1.7783E+01 0.85 5.6326E-03
1.9953E+01 0.85 3.7772E-03
2.2387E+01 0.85 2.5113E-03
2.5119E+01 0.85 1.6648E-03
2.8184E+01 0.85 1.1171E-03
3.1623E+01 0.85 7.4592E-04
3.5481E+01 0.85 5.0019E-04
3.9811E+01 0.85 3.3506E-04
4.4668E+01 0.85 2.2473E-04
5.0119E+01 0.85 1.5093E-04
5.6234E+01 0.85 1.0153E-04
6.3096E+01 0.85 6.8447E-05
7.0795E+01 0.85 4.5758E-05
7.9433E+01 0.85 3.0999E-05
8.9125E+01 0.85 2.1256E-05
1.0000E+02 0.85 1.4329E-05
1.1220E+02 0.85 9.7326E-06
1.2589E+02 0.85 6.6324E-06
1.4125E+02 0.85 4.5024E-06
1.5849E+02 0.85 3.0632E-06
1.7783E+02 0.85 2.0708E-06
1.9953E+02 0.85 1.3987E-06
2.2387E+02 0.85 9.5257E-07
2.5119E+02 0.85 6.4738E-07
2.8184E+02 0.85 4.4045E-07
3.1623E+02 0.85 3.0212E-07
3.5481E+02 0.85 2.0483E-07
3.9811E+02 0.85 1.3822E-07
4.4668E+02 0.85 9.2965E-08
5.0119E+02 0.85 6.2631E-08
5.6234E+02 0.85 4.2163E-08
6.3096E+02 0.85 2.8562E-08
7.0795E+02 0.85 1.9334E-08
7.9433E+02 0.85 1.2876E-08
8.9125E+02 0.85 8.4671E-09
1.0000E+03 0.85 5.7504E-09
1.1220E+03 0.85 3.8838E-09
1.2589E+03 0.85 2.5825E-09
1.4125E+03 0.85 1.7129E-09
1.5849E+03 0.85 1.1329E-09
1.7783E+03 0.85 7.3740E-10
1.9953E+03 0.85 4.9885E-10
2.2387E+03 0.85 3.3598E-10
2.5119E+03 0.85 2.2197E-10
2.8184E+03 0.85 1.4365E-10
3.1623E+03 0.85 9.5253E-11
3.5481E+03 0.85 6.3204E-11
3.9811E+03 0.85 4.1682E-11
4.4668E+03 0.85 2.7446E-11
5.0119E+03 0.85 1.8080E-11
5.6234E+03 0.85 1.1823E-11
6.3096E+03 0.85 7.5908E-12
7.0795E+03 0.85 4.9310E-12
7.9433E+03 0.85 3.1973E-12
8.9125E+03 0.85 2.1168E-12
1.0000E+04 0.85 1.4040E-12
1.0000E-01 0.75 6.4972E+03
1.1220E-01 0.75 5.7656E+03
1.2589E-01 0.75 5.0665E+03
1.4125E-01 0.75 4.4029E+03
1.5849E-01 0.75 3.7813E+03
1.7783E-01 0.75 3.2169E+03
1.9953E-01 0.75 2.7121E+03
2.2387E-01 0.75 2.2576E+03
2.5119E-01 0.75 1.8508E+03
2.8184E-01 0.75 1.4995E+03
3.1623E-01 0.75 1.2003E+03
3.5481E-01 0.75 9.4852E+02
3.9811E-01 0.75 7.4201E+02
4.4668E-01 0.75 5.7450E+02
5.0119E-01 0.75 4.3961E+02
5.6234E-01 0.75 3.3350E+02
6.3096E-01 0.75 2.5062E+02
7.0795E-01 0.75 1.8644E+02
7.9433E-01 0.75 1.3778E+02
8.9125E-01 0.75 1.0114E+02
1.0000E+00 0.75 7.4101E+01
1.1220E+00 0.75 5.3664E+01
1.2589E+00 0.75 3.8720E+01
1.4125E+00 0.75 2.7849E+01
1.5849E+00 0.75 1.9971E+01
1.7783E+00 0.75 1.4255E+01
1.9953E+00 0.75 1.0115E+01
2.2387E+00 0.75 7.1447E+00
2.5119E+00 0.75 5.0172E+00
2.8184E+00 0.75 3.5024E+00
3.1623E+00 0.75 2.4147E+00
3.5481E+00 0.75 1.6628E+00
3.9811E+00 0.75 1.1428E+00
4.4668E+00 0.75 7.8073E-01
5.0119E+00 0.75 5.3054E-01
5.6234E+00 0.75 3.5974E-01
6.3096E+00 0.75 2.4383E-01
7.0795E+00 0.75 1.6392E-01
7.9433E+00 0.75 1.1008E-01
8.9125E+00 0.75 7.3810E-02
1.0000E+01 0.75 4.9392E-02
1.1220E+01 0.75 3.2864E-02
1.2589E+01 0.75 2.1883E-02
1.4125E+01 0.75 1.4628E-02
1.5849E+01 0.75 9.7315E-03
1.7783E+01 0.75 6.4713E-03
1.9953E+01 0.75 4.3072E-03
2.2387E+01 0.75 2.8931E-03
2.5119E+01 0.75 1.9414E-03
2.8184E+01 0.75 1.2851E-03
3.1623E+01 0.75 8.4889E-04
3.5481E+01 0.75 5.6708E-04
3.9811E+01 0.75 3.7843E-04
4.4668E+01 0.75 2.5302E-04
5.0119E+01 0.75 1.6960E-04
5.6234E+01 0.75 1.1437E-04
6.3096E+01 0.75 7.7024E-05
7.0795E+01 0.75 5.1554E-05
7.9433E+01 0.75 3.4988E-05
8.9125E+01 0.75 2.3460E-05
1.0000E+02 0.75 1.5891E-05
1.1220E+02 0.75 1.0791E-05
1.2589E+02 0.75 7.3258E-06
1.4125E+02 0.75 4.9533E-06
1.5849E+02 0.75 3.3495E-06
1.7783E+02 0.75 2.2712E-06
1.9953E+02 0.75 1.5391E-06
2.2387E+02 0.75 1.0352E-06
2.5119E+02 0.75 7.0247E-07
2.8184E+02 0.75 4.8583E-07
3.1623E+02 0.75 3.3043E-07
3.5481E+02 0.75 2.2336E-07
3.9811E+02 0.75 1.5066E-07
4.4668E+02 0.75 1.0211E-07
5.0119E+02 0.75 6.8468E-08
5.6234E+02 0.75 4.6454E-08
6.3096E+02 0.75 3.1372E-08
7.0795E+02 0.75 2.1046E-08
7.9433E+02 0.75 1.4225E-08
8.9125E+02 0.75 9.5909E-09
1.0000E+03 0.75 6.3719E-09
1.1220E+03 0.75 4.2564E-09
1.2589E+03 0.75 2.8455E-09
1.4125E+03 0.75 1.8866E-09
1.5849E+03 0.75 1.2530E-09
1.7783E+03 0.75 8.3809E-10
1.9953E+03 0.75 5.6380E-10
2.2387E+03 0.75 3.7389E-10
2.5119E+03 0.75 2.4237E-10
2.8184E+03 0.75 1.5883E-10
3.1623E+03 0.75 1.0658E-10
3.5481E+03 0.75 7.1004E-11
3.9811E+03 0.75 4.5770E-11
4.4668E+03 0.75 2.9719E-11
5.0119E+03 0.75 2.0341E-11
5.6234E+03 0.75 1.3393E-11
6.3096E+03 0.75 8.6608E-12
7.0795E+03 0.75 5.6623E-12
7.9433E+03 0.75 3.7823E-12
8.9125E+03 0.75 2.4578E-12
1.0000E+04 0.75 1.5915E-12
1.0000E-01 0.65 6.8386E+03
1.1220E-01 0.65 6.0468E+03
1.2589E-01 0.65 5.2841E+03
1.4125E-01 0.65 4.5734E+03
1.5849E-01 0.65 3.9196E+03
1.7783E-01 0.65 3.3277E+03
1.9953E-01 0.65 2.7949E+03
2.2387E-01 0.65 2.3239E+03
2.5119E-01 0.65 1.9098E+03
2.8184E-01 0.65 1.5472E+03
3.1623E-01 0.65 1.2416E+03
3.5481E-01 0.65 9.8412E+02
3.9811E-01 0.65 7.7015E+02
4.4668E-01 0.65 5.9765E+02
5.0119E-01 0.65 4.5937E+02
5.6234E-01 0.65 3.5037E+02
6.3096E-01 0.65 2.6434E+02
7.0795E-01 0.65 1.9792E+02
7.9433E-01 0.65 1.4706E+02
8.9125E-01 0.65 1.0841E+02
1.0000E+00 0.65 7.9603E+01
1.1220E+00 0.65 5.8186E+01
1.2589E+00 0.65 4.2346E+01
1.4125E+00 0.65 3.0562E+01
1.5849E+00 0.65 2.1906E+01
1.7783E+00 0.65 1.5664E+01
1.9953E+00 0.65 1.1184E+01
2.2387E+00 0.65 7.9396E+00
2.5119E+00 0.65 5.5828E+00
2.8184E+00 0.65 3.8910E+00
3.1623E+00 0.65 2.7262E+00
3.5481E+00 0.65 1.8889E+00
3.9811E+00 0.65 1.2982E+00
4.4668E+00 0.65 8.9110E-01
5.0119E+00 0.65 6.0799E-01
5.6234E+00 0.65 4.1228E-01
6.3096E+00 0.65 2.7977E-01
7.0795E+00 0.65 1.8948E-01
7.9433E+00 0.65 1.2707E-01
8.9125E+00 0.65 8.4553E-02
1.0000E+01 0.65 5.7355E-02
1.1220E+01 0.65 3.8256E-02
1.2589E+01 0.65 2.5581E-02
1.4125E+01 0.65 1.7040E-02
1.5849E+01 0.65 1.1326E-02
1.7783E+01 0.65 7.5391E-03
1.9953E+01 0.65 4.9886E-03
2.2387E+01 0.65 3.3289E-03
2.5119E+01 0.65 2.2319E-03
2.8184E+01 0.65 1.4823E-03
3.1623E+01 0.65 9.8690E-04
3.5481E+01 0.65 6.5575E-04
3.9811E+01 0.65 4.3801E-04
4.4668E+01 0.65 2.9378E-04
5.0119E+01 0.65 1.9651E-04
5.6234E+01 0.65 1.3086E-04
6.3096E+01 0.65 8.7890E-05
7.0795E+01 0.65 5.8981E-05
7.9433E+01 0.65 3.9208E-05
8.9125E+01 0.65 2.6339E-05
1.0000E+02 0.65 1.7955E-05
1.1220E+02 0.65 1.2111E-05
1.2589E+02 0.65 8.1570E-06
1.4125E+02 0.65 5.5279E-06
1.5849E+02 0.65 3.7528E-06
1.7783E+02 0.65 2.5328E-06
1.9953E+02 0.65 1.7049E-06
2.2387E+02 0.65 1.1604E-06
2.5119E+02 0.65 7.8870E-07
2.8184E+02 0.65 5.3416E-07
3.1623E+02 0.65 3.6459E-07
3.5481E+02 0.65 2.4635E-07
3.9811E+02 0.65 1.6736E-07
4.4668E+02 0.65 1.1340E-07
5.0119E+02 0.65 7.6276E-08
5.6234E+02 0.65 5.1452E-08
6.3096E+02 0.65 3.4591E-08
7.0795E+02 0.65 2.3333E-08
7.9433E+02 0.65 1.5901E-08
8.9125E+02 0.65 1.0736E-08
1.0000E+03 0.65 7.0790E-09
1.1220E+03 0.65 4.7850E-09
1.2589E+03 0.65 3.2107E-09
1.4125E+03 0.65 2.1284E-09
1.5849E+03 0.65 1.4176E-09
1.7783E+03 0.65 9.5649E-10
1.9953E+03 0.65 6.2562E-10
2.2387E+03 0.65 4.1484E-10
2.5119E+03 0.65 2.7173E-10
2.8184E+03 0.65 1.8153E-10
3.1623E+03 0.65 1.2032E-10
3.5481E+03 0.65 8.0527E-11
3.9811E+03 0.65 5.3801E-11
4.4668E+03 0.65 3.4611E-11
5.0119E+03 0.65 2.2619E-11
5.6234E+03 0.65 1.4837E-11
6.3096E+03 0.65 9.8425E-12
7.0795E+03 0.65 6.4229E-12
7.9433E+03 0.65 4.2701E-12
8.9125E+03 0.65 2.7745E-12
1.0000E+04 0.65 1.8037E-12
1.0000E-01 0.55 7.3023E+03
1.1220E-01 0.55 6.4265E+03
1.2589E-01 0.55 5.5837E+03
1.4125E-01 0.55 4.8053E+03
1.5849E-01 0.55 4.1053E+03
1.7783E-01 0.55 3.4697E+03
1.9953E-01 0.55 2.9052E+03
2.2387E-01 0.55 2.4122E+03
2.5119E-01 0.55 1.9789E+03
2.8184E-01 0.55 1.6038E+03
3.1623E-01 0.55 1.2865E+03
3.5481E-01 0.55 1.0210E+03
3.9811E-01 0.55 7.9995E+02
4.4668E-01 0.55 6.2214E+02
5.0119E-01 0.55 4.7998E+02
5.6234E-01 0.55 3.6650E+02
6.3096E-01 0.55 2.7869E+02
7.0795E-01 0.55 2.1008E+02
7.9433E-01 0.55 1.5670E+02
8.9125E-01 0.55 1.1629E+02
1.0000E+00 0.55 8.5942E+01
1.1220E+00 0.55 6.2816E+01
1.2589E+00 0.55 4.5879E+01
1.4125E+00 0.55 3.3413E+01
1.5849E+00 0.55 2.4201E+01
1.7783E+00 0.55 1.7432E+01
1.9953E+00 0.55 1.2514E+01
2.2387E+00 0.55 8.9268E+00
2.5119E+00 0.55 6.3006E+00
2.8184E+00 0.55 4.4043E+00
3.1623E+00 0.55 3.0905E+00
3.5481E+00 0.55 2.1520E+00
3.9811E+00 0.55 1.4900E+00
4.4668E+00 0.55 1.0278E+00
5.0119E+00 0.55 7.0233E-01
5.6234E+00 0.55 4.8031E-01
6.3096E+00 0.55 3.2881E-01
7.0795E+00 0.55 2.2231E-01
7.9433E+00 0.55 1.5013E-01
8.9125E+00 0.55 1.0132E-01
1.0000E+01 0.55 6.8128E-02
1.1220E+01 0.55 4.5466E-02
1.2589E+01 0.55 3.0379E-02
1.4125E+01 0.55 2.0299E-02
1.5849E+01 0.55 1.3515E-02
1.7783E+01 0.55 9.0710E-03
1.9953E+01 0.55 6.0421E-03
2.2387E+01 0.55 3.9993E-03
2.5119E+01 0.55 2.6622E-03
2.8184E+01 0.55 1.7521E-03
3.1623E+01 0.55 1.1783E-03
3.5481E+01 0.55 7.8323E-04
3.9811E+01 0.55 5.2083E-04
4.4668E+01 0.55 3.4640E-04
5.0119E+01 0.55 2.3148E-04
5.6234E+01 0.55 1.5474E-04
6.3096E+01 0.55 1.0321E-04
7.0795E+01 0.55 6.9276E-05
7.9433E+01 0.55 4.6522E-05
8.9125E+01 0.55 3.1058E-05
1.0000E+02 0.55 2.0842E-05
1.1220E+02 0.55 1.4014E-05
1.2589E+02 0.55 9.4155E-06
1.4125E+02 0.55 6.3485E-06
1.5849E+02 0.55 4.2874E-06
1.7783E+02 0.55 2.8971E-06
1.9953E+02 0.55 1.9593E-06
2.2387E+02 0.55 1.3351E-06
2.5119E+02 0.55 9.0337E-07
2.8184E+02 0.55 6.0567E-07
3.1623E+02 0.55 4.1165E-07
3.5481E+02 0.55 2.7900E-07
3.9811E+02 0.55 1.8919E-07
4.4668E+02 0.55 1.2739E-07
5.0119E+02 0.55 8.5956E-08
5.6234E+02 0.55 5.8662E-08
6.3096E+02 0.55 3.9639E-08
7.0795E+02 0.55 2.6608E-08
7.9433E+02 0.55 1.7859E-08
8.9125E+02 0.55 1.2057E-08
1.0000E+03 0.55 8.0623E-09
1.1220E+03 0.55 5.4595E-09
1.2589E+03 0.55 3.6742E-09
1.4125E+03 0.55 2.4699E-09
1.5849E+03 0.55 1.6482E-09
1.7783E+03 0.55 1.0773E-09
1.9953E+03 0.55 7.1761E-10
2.2387E+03 0.55 4.7926E-10
2.5119E+03 0.55 3.1630E-10
2.8184E+03 0.55 2.0980E-10
3.1623E+03 0.55 1.3924E-10
3.5481E+03 0.55 9.2468E-11
3.9811E+03 0.55 6.1370E-11
4.4668E+03 0.55 3.9613E-11
5.0119E+03 0.55 2.6237E-11
5.6234E+03 0.55 1.7341E-11
6.3096E+03 0.55 1.1497E-11
7.0795E+03 0.55 7.5286E-12
7.9433E+03 0.55 4.9071E-12
8.9125E+03 0.55 3.2181E-12
1.0000E+04 0.55 2.0983E-12
1.0000E-01 0.45 8.0115E+03
1.1220E-01 0.45 6.9973E+03
1.2589E-01 0.45 6.0350E+03
1.4125E-01 0.45 5.1540E+03
1.5849E-01 0.45 4.3757E+03
1.7783E-01 0.45 3.6792E+03
1.9953E-01 0.45 3.0615E+03
2.2387E-01 0.45 2.5296E+03
2.5119E-01 0.45 2.0701E+03
2.8184E-01 0.45 1.6773E+03
3.1623E-01 0.45 1.3427E+03
3.5481E-01 0.45 1.0628E+03
3.9811E-01 0.45 8.3395E+02
4.4668E-01 0.45 6.4909E+02
5.0119E-01 0.45 5.0114E+02
5.6234E-01 0.45 3.8489E+02
6.3096E-01 0.45 2.9330E+02
7.0795E-01 0.45 2.2213E+02
7.9433E-01 0.45 1.6674E+02
8.9125E-01 0.45 1.2402E+02
1.0000E+00 0.45 9.2256E+01
1.1220E+00 0.45 6.8080E+01
1.2589E+00 0.45 5.0012E+01
1.4125E+00 0.45 3.6612E+01
1.5849E+00 0.45 2.6690E+01
1.7783E+00 0.45 1.9337E+01
1.9953E+00 0.45 1.3966E+01
2.2387E+00 0.45 1.0041E+01
2.5119E+00 0.45 7.1369E+00
2.8184E+00 0.45 5.0728E+00
3.1623E+00 0.45 3.5594E+00
3.5481E+00 0.45 2.4939E+00
3.9811E+00 0.45 1.7381E+00
4.4668E+00 0.45 1.2004E+00
5.0119E+00 0.45 8.2939E-01
5.6234E+00 0.45 5.7000E-01
6.3096E+00 0.45 3.8950E-01
7.0795E+00 0.45 2.6539E-01
7.9433E+00 0.45 1.8016E-01
8.9125E+00 0.45 1.2173E-01
1.0000E+01 0.45 8.2335E-02
1.1220E+01 0.45 5.5443E-02
1.2589E+01 0.45 3.7365E-02
1.4125E+01 0.45 2.5062E-02
1.5849E+01 0.45 1.6672E-02
1.7783E+01 0.45 1.1126E-02
1.9953E+01 0.45 7.4454E-03
2.2387E+01 0.45 4.9719E-03
2.5119E+01 0.45 3.2827E-03
2.8184E+01 0.45 2.1813E-03
3.1623E+01 0.45 1.4590E-03
3.5481E+01 0.45 9.7045E-04
3.9811E+01 0.45 6.4610E-04
4.4668E+01 0.45 4.2996E-04
5.0119E+01 0.45 2.8596E-04
5.6234E+01 0.45 1.9019E-04
6.3096E+01 0.45 1.2662E-04
7.0795E+01 0.45 8.4226E-05
7.9433E+01 0.45 5.6008E-05
8.9125E+01 0.45 3.7651E-05
1.0000E+02 0.45 2.5116E-05
1.1220E+02 0.45 1.6797E-05
1.2589E+02 0.45 1.1245E-05
1.4125E+02 0.45 7.5387E-06
1.5849E+02 0.45 5.0669E-06
1.7783E+02 0.45 3.4124E-06
1.9953E+02 0.45 2.2906E-06
2.2387E+02 0.45 1.5510E-06
2.5119E+02 0.45 1.0489E-06
2.8184E+02 0.45 7.1166E-07
3.1623E+02 0.45 4.8148E-07
3.5481E+02 0.45 3.2321E-07
3.9811E+02 0.45 2.1791E-07
4.4668E+02 0.45 1.4818E-07
5.0119E+02 0.45 1.0059E-07
5.6234E+02 0.45 6.7999E-08
6.3096E+02 0.45 4.5816E-08
7.0795E+02 0.45 3.0778E-08
7.9433E+02 0.45 2.0772E-08
8.9125E+02 0.45 1.3968E-08
1.0000E+03 0.45 9.4340E-09
1.1220E+03 0.45 6.3747E-09
1.2589E+03 0.45 4.2837E-09
1.4125E+03 0.45 2.8387E-09
1.5849E+03 0.45 1.8915E-09
1.7783E+03 0.45 1.2722E-09
1.9953E+03 0.45 8.4313E-10
2.2387E+03 0.45 5.6333E-10
2.5119E+03 0.45 3.8318E-10
2.8184E+03 0.45 2.5158E-10
3.1623E+03 0.45 1.6587E-10
3.5481E+03 0.45 1.0927E-10
3.9811E+03 0.45 7.1976E-11
4.4668E+03 0.45 4.8237E-11
5.0119E+03 0.45 3.2089E-11
5.6234E+03 0.45 2.0932E-11
6.3096E+03 0.45 1.3730E-11
7.0795E+03 0.45 9.0772E-12
7.9433E+03 0.45 5.9291E-12
8.9125E+03 0.45 3.8972E-12
1.0000E+04 0.45 2.5053E-12
1.0000E-01 0.35 9.1450E+03
1.1220E-01 0.35 7.9197E+03
1.2589E-01 0.35 6.7815E+03
1.4125E-01 0.35 5.7566E+03
1.5849E-01 0.35 4.8328E+03
1.7783E-01 0.35 4.0252E+03
1.9953E-01 0.35 3.3304E+03
2.2387E-01 0.35 2.7350E+03
2.5119E-01 0.35 2.2260E+03
2.8184E-01 0.35 1.7861E+03
3.1623E-01 0.35 1.4216E+03
3.5481E-01 0.35 1.1234E+03
3.9811E-01 0.35 8.7617E+02
4.4668E-01 0.35 6.8064E+02
5.0119E-01 0.35 5.2669E+02
5.6234E-01 0.35 4.0381E+02
6.3096E-01 0.35 3.0775E+02
7.0795E-01 0.35 2.3334E+02
7.9433E-01 0.35 1.7653E+02
8.9125E-01 0.35 1.3243E+02
1.0000E+00 0.35 9.8434E+01
1.1220E+00 0.35 7.3156E+01
1.2589E+00 0.35 5.4183E+01
1.4125E+00 0.35 3.9908E+01
1.5849E+00 0.35 2.9313E+01
1.7783E+00 0.35 2.1453E+01
1.9953E+00 0.35 1.5611E+01
2.2387E+00 0.35 1.1304E+01
2.5119E+00 0.35 8.1467E+00
2.8184E+00 0.35 5.8330E+00
3.1623E+00 0.35 4.1181E+00
3.5481E+00 0.35 2.9055E+00
3.9811E+00 0.35 2.0374E+00
4.4668E+00 0.35 1.4269E+00
5.0119E+00 0.35 9.9345E-01
5.6234E+00 0.35 6.8559E-01
6.3096E+00 0.35 4.7291E-01
7.0795E+00 0.35 3.2629E-01
7.9433E+00 0.35 2.2287E-01
8.9125E+00 0.35 1.5096E-01
1.0000E+01 0.35 1.0290E-01
1.1220E+01 0.35 6.9602E-02
1.2589E+01 0.35 4.7155E-02
1.4125E+01 0.35 3.1941E-02
1.5849E+01 0.35 2.1423E-02
1.7783E+01 0.35 1.4303E-02
1.9953E+01 0.35 9.6069E-03
2.2387E+01 0.35 6.3961E-03
2.5119E+01 0.35 4.2655E-03
2.8184E+01 0.35 2.8730E-03
3.1623E+01 0.35 1.8955E-03
3.5481E+01 0.35 1.2628E-03
3.9811E+01 0.35 8.3849E-04
4.4668E+01 0.35 5.5801E-04
5.0119E+01 0.35 3.7114E-04
5.6234E+01 0.35 2.4671E-04
6.3096E+01 0.35 1.6420E-04
7.0795E+01 0.35 1.0901E-04
7.9433E+01 0.35 7.2323E-05
8.9125E+01 0.35 4.8049E-05
1.0000E+02 0.35 3.2018E-05
1.1220E+02 0.35 2.1340E-05
1.2589E+02 0.35 1.4282E-05
1.4125E+02 0.35 9.5202E-06
1.5849E+02 0.35 6.3597E-06
1.7783E+02 0.35 4.2652E-06
1.9953E+02 0.35 2.8509E-06
2.2387E+02 0.35 1.8986E-06
2.5119E+02 0.35 1.2888E-06
2.8184E+02 0.35 8.6471E-07
3.1623E+02 0.35 5.8091E-07
3.5481E+02 0.35 3.9106E-07
3.9811E+02 0.35 2.6527E-07
4.4668E+02 0.35 1.8017E-07
5.0119E+02 0.35 1.2084E-07
5.6234E+02 0.35 8.1653E-08
6.3096E+02 0.35 5.5155E-08
7.0795E+02 0.35 3.7121E-08
7.9433E+02 0.35 2.5129E-08
8.9125E+02 0.35 1.6993E-08
1.0000E+03 0.35 1.1351E-08
1.1220E+03 0.35 7.5980E-09
1.2589E+03 0.35 5.0853E-09
1.4125E+03 0.35 3.4642E-09
1.5849E+03 0.35 2.3434E-09
1.7783E+03 0.35 1.5498E-09
1.9953E+03 0.35 1.0403E-09
2.2387E+03 0.35 6.9357E-10
2.5119E+03 0.35 4.6318E-10
2.8184E+03 0.35 3.0375E-10
3.1623E+03 0.35 2.0292E-10
3.5481E+03 0.35 1.3651E-10
3.9811E+03 0.35 9.0769E-11
4.4668E+03 0.35 6.0494E-11
5.0119E+03 0.35 4.0113E-11
5.6234E+03 0.35 2.6208E-11
6.3096E+03 0.35 1.7282E-11
7.0795E+03 0.35 1.1354E-11
7.9433E+03 0.35 7.5472E-12
8.9125E+03 0.35 4.9580E-12
1.0000E+04 0.35 3.2142E-12
1.0000E-01 0.25 1.1229E+04
1.1220E-01 0.25 9.6427E+03
1.2589E-01 0.25 8.1611E+03
1.4125E-01 0.25 6.8339E+03
1.5849E-01 0.25 5.6797E+03
1.7783E-01 0.25 4.6777E+03
1.9953E-01 0.25 3.8289E+03
2.2387E-01 0.25 3.1112E+03
2.5119E-01 0.25 2.5011E+03
2.8184E-01 0.25 1.9913E+03
3.1623E-01 0.25 1.5704E+03
3.5481E-01 0.25 1.2296E+03
3.9811E-01 0.25 9.5499E+02
4.4668E-01 0.25 7.3613E+02
5.0119E-01 0.25 5.6451E+02
5.6234E-01 0.25 4.3164E+02
6.3096E-01 0.25 3.2742E+02
7.0795E-01 0.25 2.4742E+02
7.9433E-01 0.25 1.8639E+02
8.9125E-01 0.25 1.3956E+02
1.0000E+00 0.25 1.0507E+02
1.1220E+00 0.25 7.8456E+01
1.2589E+00 0.25 5.8347E+01
1.4125E+00 0.25 4.3410E+01
1.5849E+00 0.25 3.2209E+01
1.7783E+00 0.25 2.3755E+01
1.9953E+00 0.25 1.7448E+01
2.2387E+00 0.25 1.2697E+01
2.5119E+00 0.25 9.2257E+00
2.8184E+00 0.25 6.6841E+00
3.1623E+00 0.25 4.8038E+00
3.5481E+00 0.25 3.4208E+00
3.9811E+00 0.25 2.4226E+00
4.4668E+00 0.25 1.7115E+00
5.0119E+00 0.25 1.2102E+00
5.6234E+00 0.25 8.4453E-01
6.3096E+00 0.25 5.8918E-01
7.0795E+00 0.25 4.0889E-01
7.9433E+00 0.25 2.8225E-01
8.9125E+00 0.25 1.9465E-01
1.0000E+01 0.25 1.3321E-01
1.1220E+01 0.25 9.1189E-02
1.2589E+01 0.25 6.2217E-02
1.4125E+01 0.25 4.2452E-02
1.5849E+01 0.25 2.8841E-02
1.7783E+01 0.25 1.9307E-02
1.9953E+01 0.25 1.3038E-02
2.2387E+01 0.25 8.8389E-03
2.5119E+01 0.25 5.9375E-03
2.8184E+01 0.25 3.9719E-03
3.1623E+01 0.25 2.6468E-03
3.5481E+01 0.25 1.7662E-03
3.9811E+01 0.25 1.1779E-03
4.4668E+01 0.25 7.8470E-04
5.0119E+01 0.25 5.2252E-04
5.6234E+01 0.25 3.4711E-04
6.3096E+01 0.25 2.3052E-04
7.0795E+01 0.25 1.5346E-04
7.9433E+01 0.25 1.0238E-04
8.9125E+01 0.25 6.7590E-05
1.0000E+02 0.25 4.4804E-05
1.1220E+02 0.25 2.9753E-05
1.2589E+02 0.25 1.9732E-05
1.4125E+02 0.25 1.3081E-05
1.5849E+02 0.25 8.7213E-06
1.7783E+02 0.25 5.8153E-06
1.9953E+02 0.25 3.8767E-06
2.2387E+02 0.25 2.5801E-06
2.5119E+02 0.25 1.7243E-06
2.8184E+02 0.25 1.1463E-06
3.1623E+02 0.25 7.7018E-07
3.5481E+02 0.25 5.1620E-07
3.9811E+02 0.25 3.4551E-07
4.4668E+02 0.25 2.3177E-07
5.0119E+02 0.25 1.5568E-07
5.6234E+02 0.25 1.0511E-07
6.3096E+02 0.25 7.0789E-08
7.0795E+02 0.25 4.7537E-08
7.9433E+02 0.25 3.1901E-08
8.9125E+02 0.25 2.1501E-08
1.0000E+03 0.25 1.4601E-08
1.1220E+03 0.25 9.7995E-09
1.2589E+03 0.25 6.5914E-09
1.4125E+03 0.25 4.4314E-09
1.5849E+03 0.25 2.9872E-09
1.7783E+03 0.25 1.9911E-09
1.9953E+03 0.25 1.3378E-09
2.2387E+03 0.25 9.0409E-10
2.5119E+03 0.25 6.0195E-10
2.8184E+03 0.25 4.0192E-10
3.1623E+03 0.25 2.6445E-10
3.5481E+03 0.25 1.7627E-10
3.9811E+03 0.25 1.1664E-10
4.4668E+03 0.25 7.7586E-11
5.0119E+03 0.25 5.2275E-11
5.6234E+03 0.25 3.5168E-11
6.3096E+03 0.25 2.2893E-11
7.0795E+03 0.25 1.5138E-11
7.9433E+03 0.25 9.9660E-12
8.9125E+03 0.25 6.4996E-12
1.0000E+04 0.25 4.2883E-12
1.0000E-01 0.15 1.5690E+04
1.1220E-01 0.15 1.3314E+04
1.2589E-01 0.15 1.1129E+04
1.4125E-01 0.15 9.1978E+03
1.5849E-01 0.15 7.5309E+03
1.7783E-01 0.15 6.1279E+03
1.9953E-01 0.15 4.9542E+03
2.2387E-01 0.15 3.9599E+03
2.5119E-01 0.15 3.1385E+03
2.8184E-01 0.15 2.4653E+03
3.1623E-01 0.15 1.9146E+03
3.5481E-01 0.15 1.4752E+03
3.9811E-01 0.15 1.1283E+03
4.4668E-01 0.15 8.5765E+02
5.0119E-01 0.15 6.4575E+02
5.6234E-01 0.15 4.8828E+02
6.3096E-01 0.15 3.6723E+02
7.0795E-01 0.15 2.7451E+02
7.9433E-01 0.15 2.0557E+02
8.9125E-01 0.15 1.5275E+02
1.0000E+00 0.15 1.1422E+02
1.1220E+00 0.15 8.5000E+01
1.2589E+00 0.15 6.3368E+01
1.4125E+00 0.15 4.7056E+01
1.5849E+00 0.15 3.4784E+01
1.7783E+00 0.15 2.5816E+01
1.9953E+00 0.15 1.9112E+01
2.2387E+00 0.15 1.4010E+01
2.5119E+00 0.15 1.0281E+01
2.8184E+00 0.15 7.5422E+00
3.1623E+00 0.15 5.4997E+00
3.5481E+00 0.15 3.9894E+00
3.9811E+00 0.15 2.8704E+00
4.4668E+00 0.15 2.0547E+00
5.0119E+00 0.15 1.4697E+00
5.6234E+00 0.15 1.0482E+00
6.3096E+00 0.15 7.4220E-01
7.0795E+00 0.15 5.2031E-01
7.9433E+00 0.15 3.6485E-01
8.9125E+00 0.15 2.5566E-01
1.0000E+01 0.15 1.7937E-01
1.1220E+01 0.15 1.2379E-01
1.2589E+01 0.15 8.5409E-02
1.4125E+01 0.15 5.9207E-02
1.5849E+01 0.15 4.0630E-02
1.7783E+01 0.15 2.7730E-02
1.9953E+01 0.15 1.8939E-02
2.2387E+01 0.15 1.3015E-02
2.5119E+01 0.15 8.9307E-03
2.8184E+01 0.15 5.9631E-03
3.1623E+01 0.15 4.0582E-03
3.5481E+01 0.15 2.7355E-03
3.9811E+01 0.15 1.8414E-03
4.4668E+01 0.15 1.2338E-03
5.0119E+01 0.15 8.2713E-04
5.6234E+01 0.15 5.5428E-04
6.3096E+01 0.15 3.6877E-04
7.0795E+01 0.15 2.4571E-04
7.9433E+01 0.15 1.6385E-04
8.9125E+01 0.15 1.0872E-04
1.0000E+02 0.15 7.2443E-05
1.1220E+02 0.15 4.8085E-05
1.2589E+02 0.15 3.1813E-05
1.4125E+02 0.15 2.1032E-05
1.5849E+02 0.15 1.3931E-05
1.7783E+02 0.15 9.1973E-06
1.9953E+02 0.15 6.0867E-06
2.2387E+02 0.15 4.0401E-06
2.5119E+02 0.15 2.6839E-06
2.8184E+02 0.15 1.7825E-06
3.1623E+02 0.15 1.1785E-06
3.5481E+02 0.15 7.8135E-07
3.9811E+02 0.15 5.1980E-07
4.4668E+02 0.15 3.4642E-07
5.0119E+02 0.15 2.2969E-07
5.6234E+02 0.15 1.5344E-07
6.3096E+02 0.15 1.0271E-07
7.0795E+02 0.15 6.8874E-08
7.9433E+02 0.15 4.5997E-08
8.9125E+02 0.15 3.0691E-08
1.0000E+03 0.15 2.0515E-08
1.1220E+03 0.15 1.3699E-08
1.2589E+03 0.15 9.2023E-09
1.4125E+03 0.15 6.2085E-09
1.5849E+03 0.15 4.1468E-09
1.7783E+03 0.15 2.7808E-09
1.9953E+03 0.15 1.8840E-09
2.2387E+03 0.15 1.2437E-09
2.5119E+03 0.15 8.2979E-10
2.8184E+03 0.15 5.5416E-10
3.1623E+03 0.15 3.7626E-10
3.5481E+03 0.15 2.5322E-10
3.9811E+03 0.15 1.6782E-10
4.4668E+03 0.15 1.1072E-10
5.0119E+03 0.15 7.3790E-11
5.6234E+03 0.15 4.9078E-11
6.3096E+03 0.15 3.2799E-11
7.0795E+03 0.15 2.1780E-11
7.9433E+03 0.15 1.4184E-11
8.9125E+03 0.15 9.3202E-12
1.0000E+04 0.15 6.2317E-12
1.0000E-01 0.05 2.6295E+04
1.1220E-01 0.05 2.1923E+04
1.2589E-01 0.05 1.8103E+04
1.4125E-01 0.05 1.4812E+04
1.5849E-01 0.05 1.1929E+04
1.7783E-01 0.05 9.5327E+03
1.9953E-01 0.05 7.5768E+03
2.2387E-01 0.05 5.9589E+03
2.5119E-01 0.05 4.6364E+03
2.8184E-01 0.05 3.5730E+03
3.1623E-01 0.05 2.7171E+03
3.5481E-01 0.05 2.0526E+03
3.9811E-01 0.05 1.5384E+03
4.4668E-01 0.05 1.1468E+03
5.0119E-01 0.05 8.5107E+02
5.6234E-01 0.05 6.2271E+02
6.3096E-01 0.05 4.6003E+02
7.0795E-01 0.05 3.3872E+02
7.9433E-01 0.05 2.4821E+02
8.9125E-01 0.05 1.8278E+02
1.0000E+00 0.05 1.3353E+02
1.1220E+00 0.05 9.8477E+01
1.2589E+00 0.05 7.2391E+01
1.4125E+00 0.05 5.2947E+01
1.5849E+00 0.05 3.8909E+01
1.7783E+00 0.05 2.8615E+01
1.9953E+00 0.05 2.1069E+01
2.2387E+00 0.05 1.5465E+01
2.5119E+00 0.05 1.1388E+01
2.8184E+00 0.05 8.3243E+00
3.1623E+00 0.05 6.1601E+00
3.5481E+00 0.05 4.4938E+00
3.9811E+00 0.05 3.2463E+00
4.4668E+00 0.05 2.3694E+00
5.0119E+00 0.05 1.7143E+00
5.6234E+00 0.05 1.2312E+00
6.3096E+00 0.05 9.0180E-01
7.0795E+00 0.05 6.4755E-01
7.9433E+00 0.05 4.6186E-01
8.9125E+00 0.05 3.2678E-01
1.0000E+01 0.05 2.2968E-01
1.1220E+01 0.05 1.6360E-01
1.2589E+01 0.05 1.1569E-01
1.4125E+01 0.05 8.0895E-02
1.5849E+01 0.05 5.6894E-02
1.7783E+01 0.05 4.0039E-02
1.9953E+01 0.05 2.7498E-02
2.2387E+01 0.05 1.9335E-02
2.5119E+01 0.05 1.3411E-02
2.8184E+01 0.05 9.1859E-03
3.1623E+01 0.05 6.6037E-03
3.5481E+01 0.05 4.5460E-03
3.9811E+01 0.05 3.1218E-03
4.4668E+01 0.05 2.1359E-03
5.0119E+01 0.05 1.4543E-03
5.6234E+01 0.05 9.8913E-04
6.3096E+01 0.05 6.7088E-04
7.0795E+01 0.05 4.5391E-04
7.9433E+01 0.05 3.0613E-04
8.9125E+01 0.05 2.0569E-04
1.0000E+02 0.05 1.3827E-04
1.1220E+02 0.05 9.2462E-05
1.2589E+02 0.05 6.1722E-05
1.4125E+02 0.05 4.1178E-05
1.5849E+02 0.05 2.7373E-05
1.7783E+02 0.05 1.8129E-05
1.9953E+02 0.05 1.2016E-05
2.2387E+02 0.05 7.9391E-06
2.5119E+02 0.05 5.2202E-06
2.8184E+02 0.05 3.4460E-06
3.1623E+02 0.05 2.2716E-06
3.5481E+02 0.05 1.4926E-06
3.9811E+02 0.05 9.8099E-07
4.4668E+02 0.05 6.4431E-07
5.0119E+02 0.05 4.2339E-07
5.6234E+02 0.05 2.7920E-07
6.3096E+02 0.05 1.8358E-07
7.0795E+02 0.05 1.2062E-07
7.9433E+02 0.05 7.9226E-08
8.9125E+02 0.05 5.2353E-08
1.0000E+03 0.05 3.4565E-08
1.1220E+03 0.05 2.2916E-08
1.2589E+03 0.05 1.5155E-08
1.4125E+03 0.05 9.9553E-09
1.5849E+03 0.05 6.5734E-09
1.7783E+03 0.05 4.3981E-09
1.9953E+03 0.05 2.9348E-09
2.2387E+03 0.05 1.9353E-09
2.5119E+03 0.05 1.2826E-09
2.8184E+03 0.05 8.5781E-10
3.1623E+03 0.05 5.7313E-10
3.5481E+03 0.05 3.8055E-10
3.9811E+03 0.05 2.5259E-10
4.4668E+03 0.05 1.6665E-10
5.0119E+03 0.05 1.1157E-10
5.6234E+03 0.05 7.4202E-11
6.3096E+03 0.05 4.9070E-11
7.0795E+03 0.05 3.2554E-11
7.9433E+03 0.05 2.1188E-11
8.9125E+03 0.05 1.4098E-11
1.0000E+04 0.05 9.4475E-12
1.0000E-01 -0.05 2.6532E+04
1.1220E-01 -0.05 2.2219E+04
1.2589E-01 -0.05 1.8283E+04
1.4125E-01 -0.05 1.4937E+04
1.5849E-01 -0.05 1.2076E+04
1.7783E-01 -0.05 9.6440E+03
1.9953E-01 -0.05 7.6464E+03
2.2387E-01 -0.05 6.0144E+03
2.5119E-01 -0.05 4.7129E+03
2.8184E-01 -0.05 3.6366E+03
3.1623E-01 -0.05 2.7612E+03
3.5481E-01 -0.05 2.0908E+03
3.9811E-01 -0.05 1.5709E+03
4.4668E-01 -0.05 1.1703E+03
5.0119E-01 -0.05 8.6578E+02
5.6234E-01 -0.05 6.3234E+02
6.3096E-01 -0.05 4.6334E+02
7.0795E-01 -0.05 3.4348E+02
7.9433E-01 -0.05 2.5316E+02
8.9125E-01 -0.05 1.8745E+02
1.0000E+00 -0.05 1.3547E+02
1.1220E+00 -0.05 9.8996E+01
1.2589E+00 -0.05 7.3155E+01
1.4125E+00 -0.05 5.3571E+01
1.5849E+00 -0.05 3.9429E+01
1.7783E+00 -0.05 2.9101E+01
1.9953E+00 -0.05 2.1319E+01
2.2387E+00 -0.05 1.5523E+01
2.5119E+00 -0.05 1.1398E+01
2.8184E+00 -0.05 8.4248E+00
3.1623E+00 -0.05 6.1856E+00
3.5481E+00 -0.05 4.5027E+00
3.9811E+00 -0.05 3.2635E+00
4.4668E+00 -0.05 2.3798E+00
5.0119E+00 -0.05 1.7247E+00
5.6234E+00 -0.05 1.2322E+00
6.3096E+00 -0.05 8.9239E-01
7.0795E+00 -0.05 6.4572E-01
7.9433E+00 -0.05 4.5981E-01
8.9125E+00 -0.05 3.2855E-01
1.0000E+01 -0.05 2.3330E-01
1.1220E+01 -0.05 1.6618E-01
1.2589E+01 -0.05 1.1743E-01
1.4125E+01 -0.05 8.2680E-02
1.5849E+01 -0.05 5.8930E-02
1.7783E+01 -0.05 4.1240E-02
1.9953E+01 -0.05 2.8152E-02
2.2387E+01 -0.05 1.9904E-02
2.5119E+01 -0.05 1.3742E-02
2.8184E+01 -0.05 9.5009E-03
3.1623E+01 -0.05 6.8280E-03
3.5481E+01 -0.05 4.7134E-03
3.9811E+01 -0.05 3.2493E-03
4.4668E+01 -0.05 2.2298E-03
5.0119E+01 -0.05 1.5242E-03
5.6234E+01 -0.05 1.0405E-03
6.3096E+01 -0.05 7.0951E-04
7.0795E+01 -0.05 4.8281E-04
7.9433E+01 -0.05 3.2661E-04
8.9125E+01 -0.05 2.2044E-04
1.0000E+02 -0.05 1.4813E-04
1.1220E+02 -0.05 9.9454E-05
1.2589E+02 -0.05 6.6600E-05
1.4125E+02 -0.05 4.4449E-05
1.5849E+02 -0.05 2.9605E-05
1.7783E+02 -0.05 1.9688E-05
1.9953E+02 -0.05 1.3059E-05
2.2387E+02 -0.05 8.6382E-06
2.5119E+02 -0.05 5.7012E-06
2.8184E+02 -0.05 3.7690E-06
3.1623E+02 -0.05 2.4768E-06
3.5481E+02 -0.05 1.6275E-06
3.9811E+02 -0.05 1.0710E-06
4.4668E+02 -0.05 7.0371E-07
5.0119E+02 -0.05 4.6116E-07
5.6234E+02 -0.05 3.0271E-07
6.3096E+02 -0.05 1.9800E-07
7.0795E+02 -0.05 1.2962E-07
7.9433E+02 -0.05 8.5469E-08
8.9125E+02 -0.05 5.6016E-08
1.0000E+03 -0.05 3.6718E-08
1.1220E+03 -0.05 2.4200E-08
1.2589E+03 -0.05 1.5855E-08
1.4125E+03 -0.05 1.0430E-08
1.5849E+03 -0.05 6.8988E-09
1.7783E+03 -0.05 4.5648E-09
1.9953E+03 -0.05 3.0280E-09
2.2387E+03 -0.05 2.0159E-09
2.5119E+03 -0.05 1.3433E-09
2.8184E+03 -0.05 8.8899E-10
3.1623E+03 -0.05 5.8492E-10
3.5481E+03 -0.05 3.9025E-10
3.9811E+03 -0.05 2.5866E-10
4.4668E+03 -0.05 1.7019E-10
5.0119E+03 -0.05 1.1221E-10
5.6234E+03 -0.05 7.4200E-11
6.3096E+03 -0.05 4.9922E-11
7.0795E+03 -0.05 3.2742E-11
7.9433E+03 -0.05 2.1677E-11
8.9125E+03 -0.05 1.4355E-11
1.0000E+04 -0.05 9.4203E-12
1.0000E-01 -0.15 1.5786E+04
1.1220E-01 -0.15 1.3438E+04
1.2589E-01 -0.15 1.1299E+04
1.4125E-01 -0.15 9.3443E+03
1.5849E-01 -0.15 7.6746E+03
1.7783E-01 -0.15 6.2608E+03
1.9953E-01 -0.15 5.0631E+03
2.2387E-01 -0.15 4.0579E+03
2.5119E-01 -0.15 3.2137E+03
2.8184E-01 -0.15 2.5280E+03
3.1623E-01 -0.15 1.9667E+03
3.5481E-01 -0.15 1.5121E+03
3.9811E-01 -0.15 1.1568E+03
4.4668E-01 -0.15 8.8250E+02
5.0119E-01 -0.15 6.6880E+02
5.6234E-01 -0.15 5.0448E+02
6.3096E-01 -0.15 3.7866E+02
7.0795E-01 -0.15 2.8290E+02
7.9433E-01 -0.15 2.1097E+02
8.9125E-01 -0.15 1.5786E+02
1.0000E+00 -0.15 1.1701E+02
1.1220E+00 -0.15 8.7048E+01
1.2589E+00 -0.15 6.4646E+01
1.4125E+00 -0.15 4.8002E+01
1.5849E+00 -0.15 3.5656E+01
1.7783E+00 -0.15 2.6449E+01
1.9953E+00 -0.15 1.9531E+01
2.2387E+00 -0.15 1.4380E+01
2.5119E+00 -0.15 1.0540E+01
2.8184E+00 -0.15 7.6631E+00
3.1623E+00 -0.15 5.5728E+00
3.5481E+00 -0.15 4.0449E+00
3.9811E+00 -0.15 2.9171E+00
4.4668E+00 -0.15 2.0965E+00
5.0119E+00 -0.15 1.5034E+00
5.6234E+00 -0.15 1.0681E+00
6.3096E+00 -0.15 7.5097E-01
7.0795E+00 -0.15 5.3123E-01
7.9433E+00 -0.15 3.7731E-01
8.9125E+00 -0.15 2.6401E-01
1.0000E+01 -0.15 1.8484E-01
1.1220E+01 -0.15 1.2845E-01
1.2589E+01 -0.15 8.8973E-02
1.4125E+01 -0.15 6.1614E-02
1.5849E+01 -0.15 4.2593E-02
1.7783E+01 -0.15 2.9192E-02
1.9953E+01 -0.15 1.9997E-02
2.2387E+01 -0.15 1.3715E-02
2.5119E+01 -0.15 9.2952E-03
2.8184E+01 -0.15 6.2644E-03
3.1623E+01 -0.15 4.3113E-03
3.5481E+01 -0.15 2.9156E-03
3.9811E+01 -0.15 1.9672E-03
4.4668E+01 -0.15 1.3244E-03
5.0119E+01 -0.15 8.8925E-04
5.6234E+01 -0.15 5.9542E-04
6.3096E+01 -0.15 3.9826E-04
7.0795E+01 -0.15 2.6630E-04
7.9433E+01 -0.15 1.7763E-04
8.9125E+01 -0.15 1.1840E-04
1.0000E+02 -0.15 7.8524E-05
1.1220E+02 -0.15 5.2070E-05
1.2589E+02 -0.15 3.4507E-05
1.4125E+02 -0.15 2.2861E-05
1.5849E+02 -0.15 1.5083E-05
1.7783E+02 -0.15 9.9484E-06
1.9953E+02 -0.15 6.5675E-06
2.2387E+02 -0.15 4.3491E-06
2.5119E+02 -0.15 2.8809E-06
2.8184E+02 -0.15 1.9139E-06
3.1623E+02 -0.15 1.2625E-06
3.5481E+02 -0.15 8.3371E-07
3.9811E+02 -0.15 5.5093E-07
4.4668E+02 -0.15 3.6491E-07
5.0119E+02 -0.15 2.4236E-07
5.6234E+02 -0.15 1.6201E-07
6.3096E+02 -0.15 1.0816E-07
7.0795E+02 -0.15 7.2000E-08
7.9433E+02 -0.15 4.7988E-08
8.9125E+02 -0.15 3.1921E-08
1.0000E+03 -0.15 2.1241E-08
1.1220E+03 -0.15 1.4160E-08
1.2589E+03 -0.15 9.4672E-09
1.4125E+03 -0.15 6.3504E-09
1.5849E+03 -0.15 4.2518E-09
1.7783E+03 -0.15 2.8478E-09
1.9953E+03 -0.15 1.9130E-09
2.2387E+03 -0.15 1.2744E-09
2.5119E+03 -0.15 8.5319E-10
2.8184E+03 -0.15 5.7775E-10
3.1623E+03 -0.15 3.8459E-10
3.5481E+03 -0.15 2.5422E-10
3.9811E+03 -0.15 1.6882E-10
4.4668E+03 -0.15 1.1281E-10
5.0119E+03 -0.15 7.5507E-11
5.6234E+03 -0.15 4.9337E-11
6.3096E+03 -0.15 3.2863E-11
7.0795E+03 -0.15 2.1599E-11
7.9433E+03 -0.15 1.4439E-11
8.9125E+03 -0.15 9.5545E-12
1.0000E+04 -0.15 6.1633E-12
1.0000E-01 -0.25 1.0779E+04
1.1220E-01 -0.25 9.2818E+03
1.2589E-01 -0.25 7.8999E+03
1.4125E-01 -0.25 6.6496E+03
1.5849E-01 -0.25 5.5555E+03
1.7783E-01 -0.25 4.6081E+03
1.9953E-01 -0.25 3.7846E+03
2.2387E-01 -0.25 3.0877E+03
2.5119E-01 -0.25 2.4974E+03
2.8184E-01 -0.25 1.9989E+03
3.1623E-01 -0.25 1.5808E+03
3.5481E-01 -0.25 1.2399E+03
3.9811E-01 -0.25 9.6806E+02
4.4668E-01 -0.25 7.4848E+02
5.0119E-01 -0.25 5.7516E+02
5.6234E-01 -0.25 4.4028E+02
6.3096E-01 -0.25 3.3540E+02
7.0795E-01 -0.25 2.5261E+02
7.9433E-01 -0.25 1.9058E+02
8.9125E-01 -0.25 1.4389E+02
1.0000E+00 -0.25 1.0763E+02
1.1220E+00 -0.25 8.0520E+01
1.2589E+00 -0.25 5.9997E+01
1.4125E+00 -0.25 4.4472E+01
1.5849E+00 -0.25 3.2987E+01
1.7783E+00 -0.25 2.4460E+01
1.9953E+00 -0.25 1.7924E+01
2.2387E+00 -0.25 1.2989E+01
2.5119E+00 -0.25 9.4310E+00
2.8184E+00 -0.25 6.8293E+00
3.1623E+00 -0.25 4.9270E+00
3.5481E+00 -0.25 3.5159E+00
3.9811E+00 -0.25 2.5015E+00
4.4668E+00 -0.25 1.7751E+00
5.0119E+00 -0.25 1.2496E+00
5.6234E+00 -0.25 8.7455E-01
6.3096E+00 -0.25 6.1664E-01
7.0795E+00 -0.25 4.3161E-01
7.9433E+00 -0.25 2.9847E-01
8.9125E+00 -0.25 2.0487E-01
1.0000E+01 -0.25 1.4124E-01
1.1220E+01 -0.25 9.7169E-02
1.2589E+01 -0.25 6.6391E-02
1.4125E+01 -0.25 4.5445E-02
1.5849E+01 -0.25 3.1013E-02
1.7783E+01 -0.25 2.0868E-02
1.9953E+01 -0.25 1.4133E-02
2.2387E+01 -0.25 9.5658E-03
2.5119E+01 -0.25 6.4099E-03
2.8184E+01 -0.25 4.3483E-03
3.1623E+01 -0.25 2.8937E-03
3.5481E+01 -0.25 1.9361E-03
3.9811E+01 -0.25 1.2924E-03
4.4668E+01 -0.25 8.6249E-04
5.0119E+01 -0.25 5.7622E-04
5.6234E+01 -0.25 3.8420E-04
6.3096E+01 -0.25 2.5512E-04
7.0795E+01 -0.25 1.6927E-04
7.9433E+01 -0.25 1.1253E-04
8.9125E+01 -0.25 7.4680E-05
1.0000E+02 -0.25 4.9400E-05
1.1220E+02 -0.25 3.2772E-05
1.2589E+02 -0.25 2.1656E-05
1.4125E+02 -0.25 1.4371E-05
1.5849E+02 -0.25 9.5171E-06
1.7783E+02 -0.25 6.2977E-06
1.9953E+02 -0.25 4.1796E-06
2.2387E+02 -0.25 2.7803E-06
2.5119E+02 -0.25 1.8512E-06
2.8184E+02 -0.25 1.2355E-06
3.1623E+02 -0.25 8.2637E-07
3.5481E+02 -0.25 5.5221E-07
3.9811E+02 -0.25 3.6806E-07
4.4668E+02 -0.25 2.4574E-07
5.0119E+02 -0.25 1.6464E-07
5.6234E+02 -0.25 1.1094E-07
6.3096E+02 -0.25 7.4598E-08
7.0795E+02 -0.25 5.0098E-08
7.9433E+02 -0.25 3.3536E-08
8.9125E+02 -0.25 2.2255E-08
1.0000E+03 -0.25 1.5042E-08
1.1220E+03 -0.25 1.0169E-08
1.2589E+03 -0.25 6.8403E-09
1.4125E+03 -0.25 4.5847E-09
1.5849E+03 -0.25 3.0569E-09
1.7783E+03 -0.25 2.0399E-09
1.9953E+03 -0.25 1.3806E-09
2.2387E+03 -0.25 9.1143E-10
2.5119E+03 -0.25 6.0796E-10
2.8184E+03 -0.25 4.1202E-10
3.1623E+03 -0.25 2.7445E-10
3.5481E+03 -0.25 1.8196E-10
3.9811E+03 -0.25 1.2050E-10
4.4668E+03 -0.25 7.9918E-11
5.0119E+03 -0.25 5.3266E-11
5.6234E+03 -0.25 3.5692E-11
6.3096E+03 -0.25 2.3131E-11
7.0795E+03 -0.25 1.5288E-11
7.9433E+03 -0.25 1.0168E-11
8.9125E+03 -0.25 6.6510E-12
1.0000E+04 -0.25 4.4085E-12
1.0000E-01 -0.35 7.6805E+03
1.1220E-01 -0.35 6.7044E+03
1.2589E-01 -0.35 5.7764E+03
1.4125E-01 -0.35 4.9336E+03
1.5849E-01 -0.35 4.1906E+03
1.7783E-01 -0.35 3.5334E+03
1.9953E-01 -0.35 2.9542E+03
2.2387E-01 -0.35 2.4519E+03
2.5119E-01 -0.35 2.0098E+03
2.8184E-01 -0.35 1.6316E+03
3.1623E-01 -0.35 1.3146E+03
3.5481E-01 -0.35 1.0490E+03
3.9811E-01 -0.35 8.3056E+02
4.4668E-01 -0.35 6.5142E+02
5.0119E-01 -0.35 5.0804E+02
5.6234E-01 -0.35 3.9375E+02
6.3096E-01 -0.35 3.0261E+02
7.0795E-01 -0.35 2.3085E+02
7.9433E-01 -0.35 1.7506E+02
8.9125E-01 -0.35 1.3238E+02
1.0000E+00 -0.35 9.9587E+01
1.1220E+00 -0.35 7.4234E+01
1.2589E+00 -0.35 5.5154E+01
1.4125E+00 -0.35 4.0790E+01
1.5849E+00 -0.35 3.0020E+01
1.7783E+00 -0.35 2.2079E+01
1.9953E+00 -0.35 1.6149E+01
2.2387E+00 -0.35 1.1709E+01
2.5119E+00 -0.35 8.4540E+00
2.8184E+00 -0.35 6.0528E+00
3.1623E+00 -0.35 4.2955E+00
3.5481E+00 -0.35 3.0369E+00
3.9811E+00 -0.35 2.1434E+00
4.4668E+00 -0.35 1.5063E+00
5.0119E+00 -0.35 1.0485E+00
5.6234E+00 -0.35 7.2986E-01
6.3096E+00 -0.35 5.0727E-01
7.0795E+00 -0.35 3.4853E-01
7.9433E+00 -0.35 2.4006E-01
8.9125E+00 -0.35 1.6485E-01
1.0000E+01 -0.35 1.1188E-01
1.1220E+01 -0.35 7.6174E-02
1.2589E+01 -0.35 5.1661E-02
1.4125E+01 -0.35 3.4850E-02
1.5849E+01 -0.35 2.3447E-02
1.7783E+01 -0.35 1.5742E-02
1.9953E+01 -0.35 1.0616E-02
2.2387E+01 -0.35 7.1571E-03
2.5119E+01 -0.35 4.7954E-03
2.8184E+01 -0.35 3.2040E-03
3.1623E+01 -0.35 2.1227E-03
3.5481E+01 -0.35 1.4173E-03
3.9811E+01 -0.35 9.4458E-04
4.4668E+01 -0.35 6.2773E-04
5.0119E+01 -0.35 4.1597E-04
5.6234E+01 -0.35 2.7611E-04
6.3096E+01 -0.35 1.8402E-04
7.0795E+01 -0.35 1.2178E-04
7.9433E+01 -0.35 8.0598E-05
8.9125E+01 -0.35 5.3733E-05
1.0000E+02 -0.35 3.5611E-05
1.1220E+02 -0.35 2.3668E-05
1.2589E+02 -0.35 1.5706E-05
1.4125E+02 -0.35 1.0462E-05
1.5849E+02 -0.35 6.9787E-06
1.7783E+02 -0.35 4.6563E-06
1.9953E+02 -0.35 3.1167E-06
2.2387E+02 -0.35 2.0764E-06
2.5119E+02 -0.35 1.3966E-06
2.8184E+02 -0.35 9.4991E-07
3.1623E+02 -0.35 6.2419E-07
3.5481E+02 -0.35 4.1956E-07
3.9811E+02 -0.35 2.8168E-07
4.4668E+02 -0.35 1.8896E-07
5.0119E+02 -0.35 1.2704E-07
5.6234E+02 -0.35 8.5746E-08
6.3096E+02 -0.35 5.7503E-08
7.0795E+02 -0.35 3.8800E-08
7.9433E+02 -0.35 2.6119E-08
8.9125E+02 -0.35 1.7465E-08
1.0000E+03 -0.35 1.1849E-08
1.1220E+03 -0.35 8.0281E-09
1.2589E+03 -0.35 5.4107E-09
1.4125E+03 -0.35 3.5757E-09
1.5849E+03 -0.35 2.3645E-09
1.7783E+03 -0.35 1.5831E-09
1.9953E+03 -0.35 1.0701E-09
2.2387E+03 -0.35 7.1641E-10
2.5119E+03 -0.35 4.7703E-10
2.8184E+03 -0.35 3.1870E-10
3.1623E+03 -0.35 2.1182E-10
3.5481E+03 -0.35 1.4065E-10
3.9811E+03 -0.35 9.3318E-11
4.4668E+03 -0.35 6.1915E-11
5.0119E+03 -0.35 4.1547E-11
5.6234E+03 -0.35 2.7355E-11
6.3096E+03 -0.35 1.7526E-11
7.0795E+03 -0.35 1.1432E-11
7.9433E+03 -0.35 7.5970E-12
8.9125E+03 -0.35 4.9847E-12
1.0000E+04 -0.35 3.2847E-12
1.0000E-01 -0.45 4.9837E+03
1.1220E-01 -0.45 4.4222E+03
1.2589E-01 -0.45 3.8806E+03
1.4125E-01 -0.45 3.3736E+03
1.5849E-01 -0.45 2.9078E+03
1.7783E-01 -0.45 2.4907E+03
1.9953E-01 -0.45 2.1235E+03
2.2387E-01 -0.45 1.7912E+03
2.5119E-01 -0.45 1.4957E+03
2.8184E-01 -0.45 1.2394E+03
3.1623E-01 -0.45 1.0171E+03
3.5481E-01 -0.45 8.2605E+02
3.9811E-01 -0.45 6.6557E+02
4.4668E-01 -0.45 5.3116E+02
5.0119E-01 -0.45 4.2082E+02
5.6234E-01 -0.45 3.3086E+02
6.3096E-01 -0.45 2.5796E+02
7.0795E-01 -0.45 1.9999E+02
7.9433E-01 -0.45 1.5318E+02
8.9125E-01 -0.45 1.1648E+02
1.0000E+00 -0.45 8.8160E+01
1.1220E+00 -0.45 6.6129E+01
1.2589E+00 -0.45 4.9202E+01
1.4125E+00 -0.45 3.6452E+01
1.5849E+00 -0.45 2.6895E+01
1.7783E+00 -0.45 1.9678E+01
1.9953E+00 -0.45 1.4325E+01
2.2387E+00 -0.45 1.0376E+01
2.5119E+00 -0.45 7.4561E+00
2.8184E+00 -0.45 5.3239E+00
3.1623E+00 -0.45 3.7472E+00
3.5481E+00 -0.45 2.6352E+00
3.9811E+00 -0.45 1.8453E+00
4.4668E+00 -0.45 1.2874E+00
5.0119E+00 -0.45 8.9444E-01
5.6234E+00 -0.45 6.1853E-01
6.3096E+00 -0.45 4.2481E-01
7.0795E+00 -0.45 2.9118E-01
7.9433E+00 -0.45 1.9914E-01
8.9125E+00 -0.45 1.3558E-01
1.0000E+01 -0.45 9.1425E-02
1.1220E+01 -0.45 6.1770E-02
1.2589E+01 -0.45 4.1728E-02
1.4125E+01 -0.45 2.7993E-02
1.5849E+01 -0.45 1.8816E-02
1.7783E+01 -0.45 1.2507E-02
1.9953E+01 -0.45 8.2995E-03
2.2387E+01 -0.45 5.5651E-03
2.5119E+01 -0.45 3.7262E-03
2.8184E+01 -0.45 2.4636E-03
3.1623E+01 -0.45 1.6557E-03
3.5481E+01 -0.45 1.1017E-03
3.9811E+01 -0.45 7.3284E-04
4.4668E+01 -0.45 4.8656E-04
5.0119E+01 -0.45 3.2346E-04
5.6234E+01 -0.45 2.1439E-04
6.3096E+01 -0.45 1.4213E-04
7.0795E+01 -0.45 9.4391E-05
7.9433E+01 -0.45 6.2736E-05
8.9125E+01 -0.45 4.1871E-05
1.0000E+02 -0.45 2.7815E-05
1.1220E+02 -0.45 1.8497E-05
1.2589E+02 -0.45 1.2413E-05
1.4125E+02 -0.45 8.2633E-06
1.5849E+02 -0.45 5.5250E-06
1.7783E+02 -0.45 3.7219E-06
1.9953E+02 -0.45 2.4976E-06
2.2387E+02 -0.45 1.6723E-06
2.5119E+02 -0.45 1.1251E-06
2.8184E+02 -0.45 7.6180E-07
3.1623E+02 -0.45 5.0869E-07
3.5481E+02 -0.45 3.4139E-07
3.9811E+02 -0.45 2.3062E-07
4.4668E+02 -0.45 1.5584E-07
5.0119E+02 -0.45 1.0522E-07
5.6234E+02 -0.45 7.0888E-08
6.3096E+02 -0.45 4.7777E-08
7.0795E+02 -0.45 3.2253E-08
7.9433E+02 -0.45 2.1707E-08
8.9125E+02 -0.45 1.4586E-08
1.0000E+03 -0.45 9.8332E-09
1.1220E+03 -0.45 6.5435E-09
1.2589E+03 -0.45 4.4327E-09
1.4125E+03 -0.45 2.9565E-09
1.5849E+03 -0.45 1.9667E-09
1.7783E+03 -0.45 1.3257E-09
1.9953E+03 -0.45 8.8257E-10
2.2387E+03 -0.45 5.9711E-10
2.5119E+03 -0.45 3.9775E-10
2.8184E+03 -0.45 2.5927E-10
3.1623E+03 -0.45 1.7115E-10
3.5481E+03 -0.45 1.1144E-10
3.9811E+03 -0.45 7.3344E-11
4.4668E+03 -0.45 4.9044E-11
5.0119E+03 -0.45 3.2435E-11
5.6234E+03 -0.45 2.0916E-11
6.3096E+03 -0.45 1.4133E-11
7.0795E+03 -0.45 9.4137E-12
7.9433E+03 -0.45 6.1523E-12
8.9125E+03 -0.45 3.9651E-12
1.0000E+04 -0.45 2.5849E-12
1.0000E-01 -0.55 2.7892E+03
1.1220E-01 -0.55 2.5106E+03
1.2589E-01 -0.55 2.2370E+03
1.4125E-01 -0.55 1.9780E+03
1.5849E-01 -0.55 1.7370E+03
1.7783E-01 -0.55 1.5153E+03
1.9953E-01 -0.55 1.3130E+03
2.2387E-01 -0.55 1.1249E+03
2.5119E-01 -0.55 9.5616E+02
2.8184E-01 -0.55 8.0829E+02
3.1623E-01 -0.55 6.7535E+02
3.5481E-01 -0.55 5.5941E+02
3.9811E-01 -0.55 4.5974E+02
4.4668E-01 -0.55 3.7458E+02
5.0119E-01 -0.55 3.0306E+02
5.6234E-01 -0.55 2.4281E+02
6.3096E-01 -0.55 1.9289E+02
7.0795E-01 -0.55 1.5148E+02
7.9433E-01 -0.55 1.1794E+02
8.9125E-01 -0.55 9.1832E+01
1.0000E+00 -0.55 7.0754E+01
1.1220E+00 -0.55 5.4092E+01
1.2589E+00 -0.55 4.0824E+01
1.4125E+00 -0.55 3.0518E+01
1.5849E+00 -0.55 2.2714E+01
1.7783E+00 -0.55 1.6778E+01
1.9953E+00 -0.55 1.2311E+01
2.2387E+00 -0.55 8.9294E+00
2.5119E+00 -0.55 6.4298E+00
2.8184E+00 -0.55 4.5977E+00
3.1623E+00 -0.55 3.2486E+00
3.5481E+00 -0.55 2.2853E+00
3.9811E+00 -0.55 1.5962E+00
4.4668E+00 -0.55 1.1106E+00
5.0119E+00 -0.55 7.6714E-01
5.6234E+00 -0.55 5.2721E-01
6.3096E+00 -0.55 3.6205E-01
7.0795E+00 -0.55 2.4791E-01
7.9433E+00 -0.55 1.6849E-01
8.9125E+00 -0.55 1.1371E-01
1.0000E+01 -0.55 7.6696E-02
1.1220E+01 -0.55 5.1532E-02
1.2589E+01 -0.55 3.4467E-02
1.4125E+01 -0.55 2.3109E-02
1.5849E+01 -0.55 1.5486E-02
1.7783E+01 -0.55 1.0336E-02
1.9953E+01 -0.55 6.8600E-03
2.2387E+01 -0.55 4.5486E-03
2.5119E+01 -0.55 3.0467E-03
2.8184E+01 -0.55 2.0160E-03
3.1623E+01 -0.55 1.3404E-03
3.5481E+01 -0.55 8.8909E-04
3.9811E+01 -0.55 5.9208E-04
4.4668E+01 -0.55 3.9530E-04
5.0119E+01 -0.55 2.6273E-04
5.6234E+01 -0.55 1.7354E-04
6.3096E+01 -0.55 1.1551E-04
7.0795E+01 -0.55 7.7293E-05
7.9433E+01 -0.55 5.1632E-05
8.9125E+01 -0.55 3.4652E-05
1.0000E+02 -0.55 2.3002E-05
1.1220E+02 -0.55 1.5316E-05
1.2589E+02 -0.55 1.0259E-05
1.4125E+02 -0.55 6.8804E-06
1.5849E+02 -0.55 4.6256E-06
1.7783E+02 -0.55 3.1091E-06
1.9953E+02 -0.55 2.0928E-06
2.2387E+02 -0.55 1.4117E-06
2.5119E+02 -0.55 9.4624E-07
2.8184E+02 -0.55 6.3650E-07
3.1623E+02 -0.55 4.3000E-07
3.5481E+02 -0.55 2.9021E-07
3.9811E+02 -0.55 1.9705E-07
4.4668E+02 -0.55 1.3412E-07
5.0119E+02 -0.55 9.0141E-08
5.6234E+02 -0.55 6.0524E-08
6.3096E+02 -0.55 4.0743E-08
7.0795E+02 -0.55 2.7168E-08
7.9433E+02 -0.55 1.8172E-08
8.9125E+02 -0.55 1.2311E-08
1.0000E+03 -0.55 8.2779E-09
1.1220E+03 -0.55 5.5362E-09
1.2589E+03 -0.55 3.7338E-09
1.4125E+03 -0.55 2.4927E-09
1.5849E+03 -0.55 1.6548E-09
1.7783E+03 -0.55 1.0972E-09
1.9953E+03 -0.55 7.3537E-10
2.2387E+03 -0.55 4.8793E-10
2.5119E+03 -0.55 3.2450E-10
2.8184E+03 -0.55 2.1424E-10
3.1623E+03 -0.55 1.4250E-10
3.5481E+03 -0.55 9.4654E-11
3.9811E+03 -0.55 6.2663E-11
4.4668E+03 -0.55 4.1458E-11
5.0119E+03 -0.55 2.7229E-11
5.6234E+03 -0.55 1.7789E-11
6.3096E+03 -0.55 1.1766E-11
7.0795E+03 -0.55 7.6393E-12
7.9433E+03 -0.55 5.0329E-12
8.9125E+03 -0.55 3.2767E-12
1.0000E+04 -0.55 2.1136E-12
1.0000E-01 -0.65 1.7566E+03
1.1220E-01 -0.65 1.5908E+03
1.2589E-01 -0.65 1.4287E+03
1.4125E-01 -0.65 1.2737E+03
1.5849E-01 -0.65 1.1294E+03
1.7783E-01 -0.65 9.9384E+02
1.9953E-01 -0.65 8.6505E+02
2.2387E-01 -0.65 7.4526E+02
2.5119E-01 -0.65 6.3895E+02
2.8184E-01 -0.65 5.4310E+02
3.1623E-01 -0.65 4.5762E+02
3.5481E-01 -0.65 3.8347E+02
3.9811E-01 -0.65 3.1831E+02
4.4668E-01 -0.65 2.6150E+02
5.0119E-01 -0.65 2.1315E+02
5.6234E-01 -0.65 1.7245E+02
6.3096E-01 -0.65 1.3883E+02
7.0795E-01 -0.65 1.1104E+02
7.9433E-01 -0.65 8.7678E+01
8.9125E-01 -0.65 6.8508E+01
1.0000E+00 -0.65 5.3498E+01
1.1220E+00 -0.65 4.1357E+01
1.2589E+00 -0.65 3.1713E+01
1.4125E+00 -0.65 2.4118E+01
1.5849E+00 -0.65 1.8162E+01
1.7783E+00 -0.65 1.3516E+01
1.9953E+00 -0.65 9.9878E+00
2.2387E+00 -0.65 7.3467E+00
2.5119E+00 -0.65 5.3640E+00
2.8184E+00 -0.65 3.8698E+00
3.1623E+00 -0.65 2.7513E+00
3.5481E+00 -0.65 1.9463E+00
3.9811E+00 -0.65 1.3700E+00
4.4668E+00 -0.65 9.5791E-01
5.0119E+00 -0.65 6.6265E-01
5.6234E+00 -0.65 4.5696E-01
6.3096E+00 -0.65 3.1290E-01
7.0795E+00 -0.65 2.1287E-01
7.9433E+00 -0.65 1.4358E-01
8.9125E+00 -0.65 9.6416E-02
1.0000E+01 -0.65 6.5391E-02
1.1220E+01 -0.65 4.3941E-02
1.2589E+01 -0.65 2.9308E-02
1.4125E+01 -0.65 1.9525E-02
1.5849E+01 -0.65 1.3011E-02
1.7783E+01 -0.65 8.6222E-03
1.9953E+01 -0.65 5.7244E-03
2.2387E+01 -0.65 3.8595E-03
2.5119E+01 -0.65 2.5553E-03
2.8184E+01 -0.65 1.6756E-03
3.1623E+01 -0.65 1.1268E-03
3.5481E+01 -0.65 7.4919E-04
3.9811E+01 -0.65 4.9833E-04
4.4668E+01 -0.65 3.3116E-04
5.0119E+01 -0.65 2.2045E-04
5.6234E+01 -0.65 1.4688E-04
6.3096E+01 -0.65 9.8228E-05
7.0795E+01 -0.65 6.5480E-05
7.9433E+01 -0.65 4.3849E-05
8.9125E+01 -0.65 2.9463E-05
1.0000E+02 -0.65 1.9562E-05
1.1220E+02 -0.65 1.3124E-05
1.2589E+02 -0.65 8.8493E-06
1.4125E+02 -0.65 5.9605E-06
1.5849E+02 -0.65 3.9993E-06
1.7783E+02 -0.65 2.6996E-06
1.9953E+02 -0.65 1.8271E-06
2.2387E+02 -0.65 1.2367E-06
2.5119E+02 -0.65 8.3332E-07
2.8184E+02 -0.65 5.5788E-07
3.1623E+02 -0.65 3.7971E-07
3.5481E+02 -0.65 2.5613E-07
3.9811E+02 -0.65 1.7271E-07
4.4668E+02 -0.65 1.1638E-07
5.0119E+02 -0.65 7.8326E-08
5.6234E+02 -0.65 5.3022E-08
6.3096E+02 -0.65 3.5494E-08
7.0795E+02 -0.65 2.3856E-08
7.9433E+02 -0.65 1.6053E-08
8.9125E+02 -0.65 1.0816E-08
1.0000E+03 -0.65 7.2425E-09
1.1220E+03 -0.65 4.8500E-09
1.2589E+03 -0.65 3.2302E-09
1.4125E+03 -0.65 2.1425E-09
1.5849E+03 -0.65 1.4508E-09
1.7783E+03 -0.65 9.6605E-10
1.9953E+03 -0.65 6.3611E-10
2.2387E+03 -0.65 4.2976E-10
2.5119E+03 -0.65 2.8548E-10
2.8184E+03 -0.65 1.8734E-10
3.1623E+03 -0.65 1.2209E-10
3.5481E+03 -0.65 8.0998E-11
3.9811E+03 -0.65 5.3642E-11
4.4668E+03 -0.65 3.5107E-11
5.0119E+03 -0.65 2.3215E-11
5.6234E+03 -0.65 1.5355E-11
6.3096E+03 -0.65 1.0022E-11
7.0795E+03 -0.65 6.4083E-12
7.9433E+03 -0.65 4.1666E-12
8.9125E+03 -0.65 2.8023E-12
1.0000E+04 -0.65 1.8575E-12
1.0000E-01 -0.75 1.5018E+03
1.1220E-01 -0.75 1.3670E+03
1.2589E-01 -0.75 1.2330E+03
1.4125E-01 -0.75 1.0999E+03
1.5849E-01 -0.75 9.7217E+02
1.7783E-01 -0.75 8.5311E+02
1.9953E-01 -0.75 7.4332E+02
2.2387E-01 -0.75 6.4441E+02
2.5119E-01 -0.75 5.5364E+02
2.8184E-01 -0.75 4.6940E+02
3.1623E-01 -0.75 3.9493E+02
3.5481E-01 -0.75 3.3022E+02
3.9811E-01 -0.75 2.7445E+02
4.4668E-01 -0.75 2.2569E+02
5.0119E-01 -0.75 1.8380E+02
5.6234E-01 -0.75 1.4884E+02
6.3096E-01 -0.75 1.1951E+02
7.0795E-01 -0.75 9.5590E+01
7.9433E-01 -0.75 7.5551E+01
8.9125E-01 -0.75 5.9224E+01
1.0000E+00 -0.75 4.6178E+01
1.1220E+00 -0.75 3.5641E+01
1.2589E+00 -0.75 2.7416E+01
1.4125E+00 -0.75 2.0847E+01
1.5849E+00 -0.75 1.5683E+01
1.7783E+00 -0.75 1.1728E+01
1.9953E+00 -0.75 8.7051E+00
2.2387E+00 -0.75 6.4057E+00
2.5119E+00 -0.75 4.6607E+00
2.8184E+00 -0.75 3.3484E+00
3.1623E+00 -0.75 2.3959E+00
3.5481E+00 -0.75 1.6996E+00
3.9811E+00 -0.75 1.1983E+00
4.4668E+00 -0.75 8.3800E-01
5.0119E+00 -0.75 5.7929E-01
5.6234E+00 -0.75 3.9831E-01
6.3096E+00 -0.75 2.7192E-01
7.0795E+00 -0.75 1.8514E-01
7.9433E+00 -0.75 1.2559E-01
8.9125E+00 -0.75 8.4459E-02
1.0000E+01 -0.75 5.6679E-02
1.1220E+01 -0.75 3.7952E-02
1.2589E+01 -0.75 2.5450E-02
1.4125E+01 -0.75 1.6963E-02
1.5849E+01 -0.75 1.1254E-02
1.7783E+01 -0.75 7.5202E-03
1.9953E+01 -0.75 4.9810E-03
2.2387E+01 -0.75 3.2771E-03
2.5119E+01 -0.75 2.1678E-03
2.8184E+01 -0.75 1.4519E-03
3.1623E+01 -0.75 9.7185E-04
3.5481E+01 -0.75 6.4694E-04
3.9811E+01 -0.75 4.3037E-04
4.4668E+01 -0.75 2.8685E-04
5.0119E+01 -0.75 1.9115E-04
5.6234E+01 -0.75 1.2735E-04
6.3096E+01 -0.75 8.5419E-05
7.0795E+01 -0.75 5.7336E-05
7.9433E+01 -0.75 3.8641E-05
8.9125E+01 -0.75 2.5853E-05
1.0000E+02 -0.75 1.7298E-05
1.1220E+02 -0.75 1.1638E-05
1.2589E+02 -0.75 7.8489E-06
1.4125E+02 -0.75 5.3006E-06
1.5849E+02 -0.75 3.5752E-06
1.7783E+02 -0.75 2.4102E-06
1.9953E+02 -0.75 1.6455E-06
2.2387E+02 -0.75 1.1081E-06
2.5119E+02 -0.75 7.4021E-07
2.8184E+02 -0.75 5.0334E-07
3.1623E+02 -0.75 3.4221E-07
3.5481E+02 -0.75 2.3065E-07
3.9811E+02 -0.75 1.5512E-07
4.4668E+02 -0.75 1.0428E-07
5.0119E+02 -0.75 7.0493E-08
5.6234E+02 -0.75 4.7844E-08
6.3096E+02 -0.75 3.2105E-08
7.0795E+02 -0.75 2.1604E-08
7.9433E+02 -0.75 1.4449E-08
8.9125E+02 -0.75 9.6251E-09
1.0000E+03 -0.75 6.4297E-09
1.1220E+03 -0.75 4.2824E-09
1.2589E+03 -0.75 2.9022E-09
1.4125E+03 -0.75 1.9436E-09
1.5849E+03 -0.75 1.2810E-09
1.7783E+03 -0.75 8.4295E-10
1.9953E+03 -0.75 5.6977E-10
2.2387E+03 -0.75 3.7335E-10
2.5119E+03 -0.75 2.4553E-10
2.8184E+03 -0.75 1.6507E-10
3.1623E+03 -0.75 1.0784E-10
3.5481E+03 -0.75 7.0709E-11
3.9811E+03 -0.75 4.6418E-11
4.4668E+03 -0.75 3.0479E-11
5.0119E+03 -0.75 1.9997E-11
5.6234E+03 -0.75 1.3221E-11
6.3096E+03 -0.75 8.6375E-12
7.0795E+03 -0.75 5.6793E-12
7.9433E+03 -0.75 3.7233E-12
8.9125E+03 -0.75 2.3879E-12
1.0000E+04 -0.75 1.5033E-12
1.0000E-01 -0.85 2.1647E+03
1.1220E-01 -0.85 1.9619E+03
1.2589E-01 -0.85 1.7632E+03
1.4125E-01 -0.85 1.5718E+03
1.5849E-01 -0.85 1.3893E+03
1.7783E-01 -0.85 1.2158E+03
1.9953E-01 -0.85 1.0524E+03
2.2387E-01 -0.85 9.0473E+02
2.5119E-01 -0.85 7.6741E+02
2.8184E-01 -0.85 6.4517E+02
3.1623E-01 -0.85 5.3899E+02
3.5481E-01 -0.85 4.4371E+02
3.9811E-01 -0.85 3.6222E+02
4.4668E-01 -0.85 2.9388E+02
5.0119E-01 -0.85 2.3559E+02
5.6234E-01 -0.85 1.8724E+02
6.3096E-01 -0.85 1.4761E+02
7.0795E-01 -0.85 1.1564E+02
7.9433E-01 -0.85 8.9876E+01
8.9125E-01 -0.85 6.9098E+01
1.0000E+00 -0.85 5.2581E+01
1.1220E+00 -0.85 3.9843E+01
1.2589E+00 -0.85 2.9966E+01
1.4125E+00 -0.85 2.2319E+01
1.5849E+00 -0.85 1.6508E+01
1.7783E+00 -0.85 1.2118E+01
1.9953E+00 -0.85 8.8280E+00
2.2387E+00 -0.85 6.3695E+00
2.5119E+00 -0.85 4.5578E+00
2.8184E+00 -0.85 3.2370E+00
3.1623E+00 -0.85 2.2894E+00
3.5481E+00 -0.85 1.6059E+00
3.9811E+00 -0.85 1.1163E+00
4.4668E+00 -0.85 7.6850E-01
5.0119E+00 -0.85 5.2637E-01
5.6234E+00 -0.85 3.5936E-01
6.3096E+00 -0.85 2.4594E-01
7.0795E+00 -0.85 1.6745E-01
7.9433E+00 -0.85 1.1264E-01
8.9125E+00 -0.85 7.5193E-02
1.0000E+01 -0.85 5.0250E-02
1.1220E+01 -0.85 3.3616E-02
1.2589E+01 -0.85 2.2419E-02
1.4125E+01 -0.85 1.4942E-02
1.5849E+01 -0.85 9.8690E-03
1.7783E+01 -0.85 6.5380E-03
1.9953E+01 -0.85 4.3708E-03
2.2387E+01 -0.85 2.8997E-03
2.5119E+01 -0.85 1.9304E-03
2.8184E+01 -0.85 1.2673E-03
3.1623E+01 -0.85 8.5500E-04
3.5481E+01 -0.85 5.6935E-04
3.9811E+01 -0.85 3.8045E-04
4.4668E+01 -0.85 2.5426E-04
5.0119E+01 -0.85 1.6992E-04
5.6234E+01 -0.85 1.1416E-04
6.3096E+01 -0.85 7.6526E-05
7.0795E+01 -0.85 5.1157E-05
7.9433E+01 -0.85 3.4465E-05
8.9125E+01 -0.85 2.3155E-05
1.0000E+02 -0.85 1.5674E-05
1.1220E+02 -0.85 1.0544E-05
1.2589E+02 -0.85 7.0874E-06
1.4125E+02 -0.85 4.7770E-06
1.5849E+02 -0.85 3.2316E-06
1.7783E+02 -0.85 2.2048E-06
1.9953E+02 -0.85 1.4885E-06
2.2387E+02 -0.85 1.0003E-06
2.5119E+02 -0.85 6.8309E-07
2.8184E+02 -0.85 4.6503E-07
3.1623E+02 -0.85 3.1247E-07
3.5481E+02 -0.85 2.1161E-07
3.9811E+02 -0.85 1.4325E-07
4.4668E+02 -0.85 9.6912E-08
5.0119E+02 -0.85 6.5295E-08
5.6234E+02 -0.85 4.4092E-08
6.3096E+02 -0.85 2.9635E-08
7.0795E+02 -0.85 1.9747E-08
7.9433E+02 -0.85 1.3208E-08
8.9125E+02 -0.85 8.8199E-09
1.0000E+03 -0.85 5.9670E-09
1.1220E+03 -0.85 3.9901E-09
1.2589E+03 -0.85 2.6448E-09
1.4125E+03 -0.85 1.7696E-09
1.5849E+03 -0.85 1.1671E-09
1.7783E+03 -0.85 7.5372E-10
1.9953E+03 -0.85 5.0470E-10
2.2387E+03 -0.85 3.3764E-10
2.5119E+03 -0.85 2.2431E-10
2.8184E+03 -0.85 1.4688E-10
3.1623E+03 -0.85 9.8272E-11
3.5481E+03 -0.85 6.4936E-11
3.9811E+03 -0.85 4.1952E-11
4.4668E+03 -0.85 2.7469E-11
5.0119E+03 -0.85 1.8047E-11
5.6234E+03 -0.85 1.1837E-11
6.3096E+03 -0.85 7.7535E-12
7.0795E+03 -0.85 5.1453E-12
7.9433E+03 -0.85 3.4221E-12
8.9125E+03 -0.85 2.1355E-12
1.0000E+04 -0.85 1.3740E-12
1.0000E-01 -0.95 5.2714E+03
1.1220E-01 -0.95 4.7299E+03
1.2589E-01 -0.95 4.1941E+03
1.4125E-01 -0.95 3.6774E+03
1.5849E-01 -0.95 3.1889E+03
1.7783E-01 -0.95 2.7398E+03
1.9953E-01 -0.95 2.3246E+03
2.2387E-01 -0.95 1.9435E+03
2.5119E-01 -0.95 1.6052E+03
2.8184E-01 -0.95 1.3102E+03
3.1623E-01 -0.95 1.0552E+03
3.5481E-01 -0.95 8.3876E+02
3.9811E-01 -0.95 6.5922E+02
4.4668E-01 -0.95 5.1202E+02
5.0119E-01 -0.95 3.9401E+02
5.6234E-01 -0.95 2.9980E+02
6.3096E-01 -0.95 2.2634E+02
7.0795E-01 -0.95 1.6924E+02
7.9433E-01 -0.95 1.2522E+02
8.9125E-01 -0.95 9.2062E+01
1.0000E+00 -0.95 6.7477E+01
1.1220E+00 -0.95 4.9058E+01
1.2589E+00 -0.95 3.5568E+01
1.4125E+00 -0.95 2.5585E+01
1.5849E+00 -0.95 1.8263E+01
1.7783E+00 -0.95 1.2974E+01
1.9953E+00 -0.95 9.1753E+00
2.2387E+00 -0.95 6.4761E+00
2.5119E+00 -0.95 4.5320E+00
2.8184E+00 -0.95 3.1475E+00
3.1623E+00 -0.95 2.1872E+00
3.5481E+00 -0.95 1.5052E+00
3.9811E+00 -0.95 1.0284E+00
4.4668E+00 -0.95 7.0290E-01
5.0119E+00 -0.95 4.7775E-01
5.6234E+00 -0.95 3.2275E-01
6.3096E+00 -0.95 2.1836E-01
7.0795E+00 -0.95 1.4719E-01
7.9433E+00 -0.95 9.9109E-02
8.9125E+00 -0.95 6.6215E-02
1.0000E+01 -0.95 4.4368E-02
1.1220E+01 -0.95 2.9547E-02
1.2589E+01 -0.95 1.9664E-02
1.4125E+01 -0.95 1.3121E-02
1.5849E+01 -0.95 8.7572E-03
1.7783E+01 -0.95 5.8000E-03
1.9953E+01 -0.95 3.8664E-03
2.2387E+01 -0.95 2.5916E-03
2.5119E+01 -0.95 1.7159E-03
2.8184E+01 -0.95 1.1436E-03
3.1623E+01 -0.95 7.6013E-04
3.5481E+01 -0.95 5.0907E-04
3.9811E+01 -0.95 3.4002E-04
4.4668E+01 -0.95 2.2677E-04
5.0119E+01 -0.95 1.5099E-04
5.6234E+01 -0.95 1.0191E-04
6.3096E+01 -0.95 6.9015E-05
7.0795E+01 -0.95 4.6373E-05
7.9433E+01 -0.95 3.1015E-05
8.9125E+01 -0.95 2.0899E-05
1.0000E+02 -0.95 1.4267E-05
1.1220E+02 -0.95 9.6344E-06
1.2589E+02 -0.95 6.5132E-06
1.4125E+02 -0.95 4.4246E-06
1.5849E+02 -0.95 2.9982E-06
1.7783E+02 -0.95 2.0248E-06
1.9953E+02 -0.95 1.3756E-06
2.2387E+02 -0.95 9.2708E-07
2.5119E+02 -0.95 6.2088E-07
2.8184E+02 -0.95 4.2334E-07
3.1623E+02 -0.95 2.8960E-07
3.5481E+02 -0.95 1.9642E-07
3.9811E+02 -0.95 1.3161E-07
4.4668E+02 -0.95 8.9272E-08
5.0119E+02 -0.95 6.1165E-08
5.6234E+02 -0.95 4.0854E-08
6.3096E+02 -0.95 2.7360E-08
7.0795E+02 -0.95 1.8481E-08
7.9433E+02 -0.95 1.2339E-08
8.9125E+02 -0.95 8.2513E-09
1.0000E+03 -0.95 5.4427E-09
1.1220E+03 -0.95 3.6458E-09
1.2589E+03 -0.95 2.4135E-09
1.4125E+03 -0.95 1.5814E-09
1.5849E+03 -0.95 1.0621E-09
1.7783E+03 -0.95 6.9977E-10
1.9953E+03 -0.95 4.6913E-10
2.2387E+03 -0.95 3.1154E-10
2.5119E+03 -0.95 2.0630E-10
2.8184E+03 -0.95 1.3703E-10
3.1623E+03 -0.95 8.9538E-11
3.5481E+03 -0.95 5.9037E-11
3.9811E+03 -0.95 3.8173E-11
4.4668E+03 -0.95 2.5550E-11
5.0119E+03 -0.95 1.6447E-11
5.6234E+03 -0.95 1.0627E-11
6.3096E+03 -0.95 7.0519E-12
7.0795E+03 -0.95 4.7331E-12
7.9433E+03 -0.95 3.1108E-12
8.9125E+03 -0.95 2.0177E-12
1.0000E+04 -0.95 1.3068E-12
