1.0000E-01 0.95 4.2288E+03
1.1220E-01 0.95 3.8621E+03
1.2589E-01 0.95 3.5100E+03
1.4125E-01 0.95 3.1642E+03
1.5849E-01 0.95 2.8125E+03
1.7783E-01 0.95 2.4807E+03
1.9953E-01 0.95 2.1661E+03
2.2387E-01 0.95 1.8588E+03
2.5119E-01 0.95 1.5933E+03
2.8184E-01 0.95 1.3503E+03
3.1623E-01 0.95 1.1286E+03
3.5481E-01 0.95 9.3368E+02
3.9811E-01 0.95 7.6528E+02
4.4668E-01 0.95 6.2826E+02
5.0119E-01 0.95 5.1178E+02
5.6234E-01 0.95 4.0883E+02
6.3096E-01 0.95 3.2733E+02
7.0795E-01 0.95 2.5975E+02
7.9433E-01 0.95 2.0229E+02
8.9125E-01 0.95 1.5788E+02
1.0000E+00 0.95 1.2256E+02
1.1220E+00 0.95 9.4382E+01
1.2589E+00 0.95 7.2444E+01
1.4125E+00 0.95 5.5297E+01
1.5849E+00 0.95 4.1838E+01
1.7783E+00 0.95 3.1275E+01
1.9953E+00 0.95 2.3133E+01
2.2387E+00 0.95 1.7171E+01
2.5119E+00 0.95 1.2838E+01
2.8184E+00 0.95 9.4037E+00
3.1623E+00 0.95 6.8409E+00
3.5481E+00 0.95 4.9686E+00
3.9811E+00 0.95 3.6089E+00
4.4668E+00 0.95 2.5994E+00
5.0119E+00 0.95 1.8762E+00
5.6234E+00 0.95 1.3456E+00
6.3096E+00 0.95 9.6638E-01
7.0795E+00 0.95 6.9626E-01
7.9433E+00 0.95 5.0203E-01
8.9125E+00 0.95 3.6147E-01
1.0000E+01 0.95 2.5524E-01
1.1220E+01 0.95 1.8233E-01
1.2589E+01 0.95 1.3042E-01
1.4125E+01 0.95 9.2327E-02
1.5849E+01 0.95 6.5832E-02
1.7783E+01 0.95 4.7181E-02
1.9953E+01 0.95 3.3554E-02
2.2387E+01 0.95 2.3822E-02
2.5119E+01 0.95 1.6903E-02
2.8184E+01 0.95 1.1922E-02
3.1623E+01 0.95 8.3669E-03
3.5481E+01 0.95 5.9097E-03
3.9811E+01 0.95 4.1820E-03
4.4668E+01 0.95 2.9573E-03
5.0119E+01 0.95 2.0829E-03
5.6234E+01 0.95 1.4645E-03
6.3096E+01 0.95 1.0306E-03
7.0795E+01 0.95 7.2303E-04
7.9433E+01 0.95 5.0365E-04
8.9125E+01 0.95 3.5312E-04
1.0000E+02 0.95 2.4836E-04
1.1220E+02 0.95 1.7329E-04
1.2589E+02 0.95 1.2123E-04
1.4125E+02 0.95 8.4632E-05
1.5849E+02 0.95 5.9013E-05
1.7783E+02 0.95 4.1347E-05
1.9953E+02 0.95 2.8891E-05
2.2387E+02 0.95 2.0063E-05
2.5119E+02 0.95 1.3889E-05
2.8184E+02 0.95 9.6806E-06
3.1623E+02 0.95 6.7471E-06
3.5481E+02 0.95 4.6718E-06
3.9811E+02 0.95 3.2227E-06
4.4668E+02 0.95 2.2219E-06
5.0119E+02 0.95 1.5257E-06
5.6234E+02 0.95 1.0599E-06
6.3096E+02 0.95 7.2506E-07
7.0795E+02 0.95 4.9850E-07
7.9433E+02 0.95 3.4079E-07
8.9125E+02 0.95 2.3164E-07
1.0000E+03 0.95 1.5860E-07
1.1220E+03 0.95 1.0682E-07
1.2589E+03 0.95 7.2915E-08
1.4125E+03 0.95 4.9201E-08
1.5849E+03 0.95 3.2893E-08
1.7783E+03 0.95 2.2298E-08
1.9953E+03 0.95 1.4905E-08
2.2387E+03 0.95 1.0098E-08
2.5119E+03 0.95 6.7608E-09
2.8184E+03 0.95 4.4360E-09
3.1623E+03 0.95 3.0213E-09
3.5481E+03 0.95 1.9694E-09
3.9811E+03 0.95 1.2954E-09
4.4668E+03 0.95 8.5891E-10
5.0119E+03 0.95 5.7409E-10
5.6234E+03 0.95 3.7257E-10
6.3096E+03 0.95 2.4429E-10
7.0795E+03 0.95 1.6169E-10
7.9433E+03 0.95 1.0732E-10
8.9125E+03 0.95 7.0615E-11
1.0000E+04 0.95 4.5989E-11
1.0000E-01 0.85 4.2669E+03
1.1220E-01 0.85 3.8923E+03
1.2589E-01 0.85 3.5260E+03
1.4125E-01 0.85 3.1795E+03
1.5849E-01 0.85 2.8330E+03
1.7783E-01 0.85 2.5010E+03
1.9953E-01 0.85 2.1912E+03
2.2387E-01 0.85 1.8797E+03
2.5119E-01 0.85 1.6007E+03
2.8184E-01 0.85 1.3568E+03
3.1623E-01 0.85 1.1352E+03
3.5481E-01 0.85 9.3994E+02
3.9811E-01 0.85 7.7698E+02
4.4668E-01 0.85 6.3972E+02
5.0119E-01 0.85 5.1794E+02
5.6234E-01 0.85 4.1505E+02
6.3096E-01 0.85 3.2930E+02
7.0795E-01 0.85 2.6136E+02
7.9433E-01 0.85 2.0623E+02
8.9125E-01 0.85 1.6089E+02
1.0000E+00 0.85 1.2464E+02
1.1220E+00 0.85 9.6293E+01
1.2589E+00 0.85 7.4205E+01
1.4125E+00 0.85 5.6685E+01
1.5849E+00 0.85 4.2656E+01
1.7783E+00 0.85 3.1940E+01
1.9953E+00 0.85 2.3938E+01
2.2387E+00 0.85 1.7708E+01
2.5119E+00 0.85 1.3088E+01
2.8184E+00 0.85 9.6608E+00
3.1623E+00 0.85 7.0259E+00
3.5481E+00 0.85 5.1062E+00
3.9811E+00 0.85 3.7026E+00
4.4668E+00 0.85 2.6843E+00
5.0119E+00 0.85 1.9332E+00
5.6234E+00 0.85 1.3894E+00
6.3096E+00 0.85 1.0040E+00
7.0795E+00 0.85 7.2530E-01
7.9433E+00 0.85 5.2167E-01
8.9125E+00 0.85 3.7354E-01
1.0000E+01 0.85 2.6619E-01
1.1220E+01 0.85 1.8943E-01
1.2589E+01 0.85 1.3441E-01
1.4125E+01 0.85 9.6084E-02
1.5849E+01 0.85 6.8502E-02
1.7783E+01 0.85 4.8669E-02
1.9953E+01 0.85 3.4456E-02
2.2387E+01 0.85 2.4607E-02
2.5119E+01 0.85 1.7306E-02
2.8184E+01 0.85 1.2121E-02
3.1623E+01 0.85 8.6465E-03
3.5481E+01 0.85 6.1315E-03
3.9811E+01 0.85 4.3377E-03
4.4668E+01 0.85 3.0576E-03
5.0119E+01 0.85 2.1528E-03
5.6234E+01 0.85 1.5253E-03
6.3096E+01 0.85 1.0703E-03
7.0795E+01 0.85 7.4989E-04
7.9433E+01 0.85 5.3063E-04
8.9125E+01 0.85 3.7269E-04
1.0000E+02 0.85 2.5870E-04
1.1220E+02 0.85 1.8071E-04
1.2589E+02 0.85 1.2681E-04
1.4125E+02 0.85 8.8698E-05
1.5849E+02 0.85 6.1752E-05
1.7783E+02 0.85 4.2938E-05
1.9953E+02 0.85 3.0107E-05
2.2387E+02 0.85 2.1085E-05
2.5119E+02 0.85 1.4637E-05
2.8184E+02 0.85 1.0107E-05
3.1623E+02 0.85 7.0477E-06
3.5481E+02 0.85 4.8917E-06
3.9811E+02 0.85 3.4026E-06
4.4668E+02 0.85 2.3385E-06
5.0119E+02 0.85 1.6097E-06
5.6234E+02 0.85 1.1255E-06
6.3096E+02 0.85 7.6998E-07
7.0795E+02 0.85 5.2854E-07
7.9433E+02 0.85 3.6082E-07
8.9125E+02 0.85 2.4681E-07
1.0000E+03 0.85 1.7041E-07
1.1220E+03 0.85 1.1401E-07
1.2589E+03 0.85 7.7075E-08
1.4125E+03 0.85 5.2487E-08
1.5849E+03 0.85 3.5847E-08
1.7783E+03 0.85 2.4156E-08
1.9953E+03 0.85 1.6236E-08
2.2387E+03 0.85 1.0901E-08
2.5119E+03 0.85 7.1637E-09
2.8184E+03 0.85 4.7711E-09
3.1623E+03 0.85 3.2980E-09
3.5481E+03 0.85 2.1387E-09
3.9811E+03 0.85 1.4309E-09
4.4668E+03 0.85 9.5020E-10
5.0119E+03 0.85 6.2012E-10
5.6234E+03 0.85 4.0876E-10
6.3096E+03 0.85 2.7262E-10
7.0795E+03 0.85 1.7959E-10
7.9433E+03 0.85 1.1781E-10
8.9125E+03 0.85 7.8019E-11
1.0000E+04 0.85 5.0938E-11
1.0000E-01 0.75 4.3878E+03
1.1220E-01 0.75 3.9683E+03
1.2589E-01 0.75 3.6057E+03
1.4125E-01 0.75 3.2437E+03
1.5849E-01 0.75 2.8692E+03
1.7783E-01 0.75 2.5208E+03
1.9953E-01 0.75 2.2029E+03
2.2387E-01 0.75 1.9070E+03
2.5119E-01 0.75 1.6242E+03
2.8184E-01 0.75 1.3697E+03
3.1623E-01 0.75 1.1475E+03
3.5481E-01 0.75 9.5190E+02
3.9811E-01 0.75 7.8223E+02
4.4668E-01 0.75 6.4247E+02
5.0119E-01 0.75 5.2338E+02
5.6234E-01 0.75 4.2005E+02
6.3096E-01 0.75 3.3620E+02
7.0795E-01 0.75 2.6784E+02
7.9433E-01 0.75 2.0933E+02
8.9125E-01 0.75 1.6353E+02
1.0000E+00 0.75 1.2800E+02
1.1220E+00 0.75 9.8799E+01
1.2589E+00 0.75 7.5749E+01
1.4125E+00 0.75 5.7846E+01
1.5849E+00 0.75 4.3718E+01
1.7783E+00 0.75 3.2713E+01
1.9953E+00 0.75 2.4478E+01
2.2387E+00 0.75 1.8251E+01
2.5119E+00 0.75 1.3560E+01
2.8184E+00 0.75 9.9435E+00
3.1623E+00 0.75 7.2378E+00
3.5481E+00 0.75 5.2733E+00
3.9811E+00 0.75 3.8324E+00
4.4668E+00 0.75 2.7656E+00
5.0119E+00 0.75 1.9912E+00
5.6234E+00 0.75 1.4289E+00
6.3096E+00 0.75 1.0281E+00
7.0795E+00 0.75 7.3467E-01
7.9433E+00 0.75 5.2190E-01
8.9125E+00 0.75 3.7345E-01
1.0000E+01 0.75 2.7014E-01
1.1220E+01 0.75 1.9292E-01
1.2589E+01 0.75 1.3709E-01
1.4125E+01 0.75 9.7282E-02
1.5849E+01 0.75 6.9695E-02
1.7783E+01 0.75 5.0001E-02
1.9953E+01 0.75 3.5632E-02
2.2387E+01 0.75 2.5372E-02
2.5119E+01 0.75 1.7903E-02
2.8184E+01 0.75 1.2744E-02
3.1623E+01 0.75 8.9797E-03
3.5481E+01 0.75 6.3689E-03
3.9811E+01 0.75 4.4976E-03
4.4668E+01 0.75 3.1683E-03
5.0119E+01 0.75 2.2449E-03
5.6234E+01 0.75 1.5844E-03
6.3096E+01 0.75 1.1112E-03
7.0795E+01 0.75 7.8263E-04
7.9433E+01 0.75 5.5368E-04
8.9125E+01 0.75 3.9017E-04
1.0000E+02 0.75 2.7226E-04
1.1220E+02 0.75 1.9008E-04
1.2589E+02 0.75 1.3285E-04
1.4125E+02 0.75 9.3472E-05
1.5849E+02 0.75 6.5527E-05
1.7783E+02 0.75 4.5702E-05
1.9953E+02 0.75 3.1749E-05
2.2387E+02 0.75 2.2213E-05
2.5119E+02 0.75 1.5542E-05
2.8184E+02 0.75 1.0797E-05
3.1623E+02 0.75 7.5133E-06
3.5481E+02 0.75 5.1958E-06
3.9811E+02 0.75 3.6100E-06
4.4668E+02 0.75 2.5151E-06
5.0119E+02 0.75 1.7394E-06
5.6234E+02 0.75 1.1993E-06
6.3096E+02 0.75 8.2080E-07
7.0795E+02 0.75 5.6593E-07
7.9433E+02 0.75 3.8938E-07
8.9125E+02 0.75 2.6774E-07
1.0000E+03 0.75 1.8409E-07
1.1220E+03 0.75 1.2430E-07
1.2589E+03 0.75 8.5205E-08
1.4125E+03 0.75 5.7693E-08
1.5849E+03 0.75 3.8826E-08
1.7783E+03 0.75 2.6560E-08
1.9953E+03 0.75 1.7798E-08
2.2387E+03 0.75 1.1886E-08
2.5119E+03 0.75 7.9818E-09
2.8184E+03 0.75 5.3865E-09
3.1623E+03 0.75 3.6712E-09
3.5481E+03 0.75 2.3785E-09
3.9811E+03 0.75 1.5874E-09
4.4668E+03 0.75 1.0577E-09
5.0119E+03 0.75 6.9291E-10
5.6234E+03 0.75 4.5854E-10
6.3096E+03 0.75 3.0587E-10
7.0795E+03 0.75 2.0131E-10
7.9433E+03 0.75 1.3287E-10
8.9125E+03 0.75 8.7224E-11
1.0000E+04 0.75 5.6555E-11
1.0000E-01 0.65 4.5536E+03
1.1220E-01 0.65 4.0934E+03
1.2589E-01 0.65 3.6995E+03
1.4125E-01 0.65 3.3140E+03
1.5849E-01 0.65 2.9321E+03
1.7783E-01 0.65 2.5769E+03
1.9953E-01 0.65 2.2301E+03
2.2387E-01 0.65 1.9175E+03
2.5119E-01 0.65 1.6357E+03
2.8184E-01 0.65 1.3779E+03
3.1623E-01 0.65 1.1525E+03
3.5481E-01 0.65 9.6151E+02
3.9811E-01 0.65 7.9195E+02
4.4668E-01 0.65 6.4689E+02
5.0119E-01 0.65 5.2931E+02
5.6234E-01 0.65 4.2585E+02
6.3096E-01 0.65 3.3971E+02
7.0795E-01 0.65 2.7174E+02
7.9433E-01 0.65 2.1392E+02
8.9125E-01 0.65 1.6746E+02
1.0000E+00 0.65 1.2902E+02
1.1220E+00 0.65 1.0045E+02
1.2589E+00 0.65 7.7727E+01
1.4125E+00 0.65 5.9267E+01
1.5849E+00 0.65 4.4920E+01
1.7783E+00 0.65 3.3952E+01
1.9953E+00 0.65 2.5343E+01
2.2387E+00 0.65 1.8876E+01
2.5119E+00 0.65 1.3975E+01
2.8184E+00 0.65 1.0187E+01
3.1623E+00 0.65 7.4668E+00
3.5481E+00 0.65 5.4654E+00
3.9811E+00 0.65 3.9673E+00
4.4668E+00 0.65 2.8640E+00
5.0119E+00 0.65 2.0840E+00
5.6234E+00 0.65 1.4927E+00
6.3096E+00 0.65 1.0660E+00
7.0795E+00 0.65 7.6532E-01
7.9433E+00 0.65 5.4542E-01
8.9125E+00 0.65 3.8666E-01
1.0000E+01 0.65 2.8082E-01
1.1220E+01 0.65 2.0186E-01
1.2589E+01 0.65 1.4402E-01
1.4125E+01 0.65 1.0160E-01
1.5849E+01 0.65 7.2459E-02
1.7783E+01 0.65 5.2181E-02
1.9953E+01 0.65 3.7278E-02
2.2387E+01 0.65 2.6330E-02
2.5119E+01 0.65 1.8707E-02
2.8184E+01 0.65 1.3275E-02
3.1623E+01 0.65 9.3925E-03
3.5481E+01 0.65 6.6727E-03
3.9811E+01 0.65 4.7230E-03
4.4668E+01 0.65 3.3415E-03
5.0119E+01 0.65 2.3615E-03
5.6234E+01 0.65 1.6611E-03
6.3096E+01 0.65 1.1726E-03
7.0795E+01 0.65 8.2428E-04
7.9433E+01 0.65 5.7797E-04
8.9125E+01 0.65 4.0658E-04
1.0000E+02 0.65 2.8696E-04
1.1220E+02 0.65 2.0146E-04
1.2589E+02 0.65 1.4115E-04
1.4125E+02 0.65 9.8562E-05
1.5849E+02 0.65 6.9081E-05
1.7783E+02 0.65 4.8598E-05
1.9953E+02 0.65 3.4029E-05
2.2387E+02 0.65 2.3711E-05
2.5119E+02 0.65 1.6442E-05
2.8184E+02 0.65 1.1519E-05
3.1623E+02 0.65 8.0559E-06
3.5481E+02 0.65 5.5893E-06
3.9811E+02 0.65 3.8595E-06
4.4668E+02 0.65 2.6799E-06
5.0119E+02 0.65 1.8689E-06
5.6234E+02 0.65 1.2952E-06
6.3096E+02 0.65 8.8808E-07
7.0795E+02 0.65 6.1535E-07
7.9433E+02 0.65 4.2272E-07
8.9125E+02 0.65 2.9106E-07
1.0000E+03 0.65 2.0201E-07
1.1220E+03 0.65 1.3702E-07
1.2589E+03 0.65 9.2993E-08
1.4125E+03 0.65 6.3015E-08
1.5849E+03 0.65 4.2746E-08
1.7783E+03 0.65 2.9112E-08
1.9953E+03 0.65 1.9631E-08
2.2387E+03 0.65 1.3195E-08
2.5119E+03 0.65 8.8094E-09
2.8184E+03 0.65 5.9116E-09
3.1623E+03 0.65 4.1281E-09
3.5481E+03 0.65 2.6867E-09
3.9811E+03 0.65 1.7877E-09
4.4668E+03 0.65 1.1966E-09
5.0119E+03 0.65 7.9313E-10
5.6234E+03 0.65 5.2242E-10
6.3096E+03 0.65 3.4568E-10
7.0795E+03 0.65 2.2702E-10
7.9433E+03 0.65 1.5166E-10
8.9125E+03 0.65 1.0023E-10
1.0000E+04 0.65 6.4774E-11
1.0000E-01 0.55 4.7778E+03
1.1220E-01 0.55 4.3079E+03
1.2589E-01 0.55 3.8596E+03
1.4125E-01 0.55 3.4284E+03
1.5849E-01 0.55 3.0073E+03
1.7783E-01 0.55 2.6293E+03
1.9953E-01 0.55 2.2779E+03
2.2387E-01 0.55 1.9499E+03
2.5119E-01 0.55 1.6598E+03
2.8184E-01 0.55 1.4007E+03
3.1623E-01 0.55 1.1692E+03
3.5481E-01 0.55 9.7317E+02
3.9811E-01 0.55 8.1012E+02
4.4668E-01 0.55 6.6618E+02
5.0119E-01 0.55 5.4314E+02
5.6234E-01 0.55 4.3820E+02
6.3096E-01 0.55 3.4868E+02
7.0795E-01 0.55 2.7613E+02
7.9433E-01 0.55 2.1921E+02
8.9125E-01 0.55 1.7169E+02
1.0000E+00 0.55 1.3391E+02
1.1220E+00 0.55 1.0407E+02
1.2589E+00 0.55 8.0300E+01
1.4125E+00 0.55 6.1757E+01
1.5849E+00 0.55 4.6917E+01
1.7783E+00 0.55 3.5364E+01
1.9953E+00 0.55 2.6693E+01
2.2387E+00 0.55 1.9823E+01
2.5119E+00 0.55 1.4556E+01
2.8184E+00 0.55 1.0836E+01
3.1623E+00 0.55 7.7817E+00
3.5481E+00 0.55 5.6680E+00
3.9811E+00 0.55 4.1248E+00
4.4668E+00 0.55 2.9907E+00
5.0119E+00 0.55 2.1639E+00
5.6234E+00 0.55 1.5719E+00
6.3096E+00 0.55 1.1292E+00
7.0795E+00 0.55 7.9805E-01
7.9433E+00 0.55 5.6166E-01
8.9125E+00 0.55 4.0157E-01
1.0000E+01 0.55 2.9238E-01
1.1220E+01 0.55 2.0815E-01
1.2589E+01 0.55 1.4805E-01
1.4125E+01 0.55 1.0683E-01
1.5849E+01 0.55 7.5983E-02
1.7783E+01 0.55 5.3570E-02
1.9953E+01 0.55 3.8304E-02
2.2387E+01 0.55 2.7384E-02
2.5119E+01 0.55 1.9406E-02
2.8184E+01 0.55 1.3823E-02
3.1623E+01 0.55 9.8381E-03
3.5481E+01 0.55 6.9930E-03
3.9811E+01 0.55 4.9632E-03
4.4668E+01 0.55 3.5174E-03
5.0119E+01 0.55 2.4799E-03
5.6234E+01 0.55 1.7595E-03
6.3096E+01 0.55 1.2515E-03
7.0795E+01 0.55 8.8005E-04
7.9433E+01 0.55 6.1729E-04
8.9125E+01 0.55 4.3508E-04
1.0000E+02 0.55 3.0625E-04
1.1220E+02 0.55 2.1477E-04
1.2589E+02 0.55 1.5081E-04
1.4125E+02 0.55 1.0580E-04
1.5849E+02 0.55 7.4185E-05
1.7783E+02 0.55 5.2032E-05
1.9953E+02 0.55 3.6507E-05
2.2387E+02 0.55 2.5551E-05
2.5119E+02 0.55 1.7830E-05
2.8184E+02 0.55 1.2408E-05
3.1623E+02 0.55 8.6326E-06
3.5481E+02 0.55 6.0136E-06
3.9811E+02 0.55 4.1881E-06
4.4668E+02 0.55 2.9171E-06
5.0119E+02 0.55 2.0335E-06
5.6234E+02 0.55 1.4094E-06
6.3096E+02 0.55 9.7089E-07
7.0795E+02 0.55 6.7218E-07
7.9433E+02 0.55 4.6340E-07
8.9125E+02 0.55 3.1953E-07
1.0000E+03 0.55 2.2042E-07
1.1220E+03 0.55 1.5066E-07
1.2589E+03 0.55 1.0306E-07
1.4125E+03 0.55 6.9961E-08
1.5849E+03 0.55 4.7732E-08
1.7783E+03 0.55 3.2588E-08
1.9953E+03 0.55 2.2147E-08
2.2387E+03 0.55 1.4959E-08
2.5119E+03 0.55 1.0019E-08
2.8184E+03 0.55 6.7435E-09
3.1623E+03 0.55 4.6832E-09
3.5481E+03 0.55 3.0387E-09
3.9811E+03 0.55 2.0311E-09
4.4668E+03 0.55 1.3594E-09
5.0119E+03 0.55 9.0328E-10
5.6234E+03 0.55 5.9158E-10
6.3096E+03 0.55 4.0142E-10
7.0795E+03 0.55 2.6825E-10
7.9433E+03 0.55 1.7751E-10
8.9125E+03 0.55 1.1580E-10
1.0000E+04 0.55 7.5897E-11
1.0000E-01 0.45 5.2142E+03
1.1220E-01 0.45 4.6130E+03
1.2589E-01 0.45 4.0718E+03
1.4125E-01 0.45 3.5936E+03
1.5849E-01 0.45 3.1509E+03
1.7783E-01 0.45 2.7440E+03
1.9953E-01 0.45 2.3543E+03
2.2387E-01 0.45 2.0022E+03
2.5119E-01 0.45 1.7012E+03
2.8184E-01 0.45 1.4372E+03
3.1623E-01 0.45 1.1976E+03
3.5481E-01 0.45 9.8470E+02
3.9811E-01 0.45 8.1288E+02
4.4668E-01 0.45 6.6824E+02
5.0119E-01 0.45 5.4500E+02
5.6234E-01 0.45 4.4168E+02
6.3096E-01 0.45 3.5348E+02
7.0795E-01 0.45 2.8131E+02
7.9433E-01 0.45 2.2244E+02
8.9125E-01 0.45 1.7748E+02
1.0000E+00 0.45 1.3699E+02
1.1220E+00 0.45 1.0608E+02
1.2589E+00 0.45 8.2284E+01
1.4125E+00 0.45 6.3363E+01
1.5849E+00 0.45 4.8347E+01
1.7783E+00 0.45 3.6560E+01
1.9953E+00 0.45 2.7271E+01
2.2387E+00 0.45 2.0138E+01
2.5119E+00 0.45 1.4874E+01
2.8184E+00 0.45 1.1063E+01
3.1623E+00 0.45 8.1293E+00
3.5481E+00 0.45 5.9051E+00
3.9811E+00 0.45 4.3046E+00
4.4668E+00 0.45 3.1174E+00
5.0119E+00 0.45 2.2506E+00
5.6234E+00 0.45 1.6313E+00
6.3096E+00 0.45 1.1762E+00
7.0795E+00 0.45 8.4037E-01
7.9433E+00 0.45 6.0093E-01
8.9125E+00 0.45 4.2526E-01
1.0000E+01 0.45 3.0608E-01
1.1220E+01 0.45 2.1917E-01
1.2589E+01 0.45 1.5716E-01
1.4125E+01 0.45 1.1250E-01
1.5849E+01 0.45 8.0362E-02
1.7783E+01 0.45 5.7372E-02
1.9953E+01 0.45 4.1277E-02
2.2387E+01 0.45 2.9191E-02
2.5119E+01 0.45 2.0351E-02
2.8184E+01 0.45 1.4509E-02
3.1623E+01 0.45 1.0385E-02
3.5481E+01 0.45 7.3867E-03
3.9811E+01 0.45 5.2660E-03
4.4668E+01 0.45 3.7227E-03
5.0119E+01 0.45 2.6314E-03
5.6234E+01 0.45 1.8688E-03
6.3096E+01 0.45 1.3253E-03
7.0795E+01 0.45 9.3531E-04
7.9433E+01 0.45 6.6138E-04
8.9125E+01 0.45 4.6680E-04
1.0000E+02 0.45 3.2962E-04
1.1220E+02 0.45 2.3138E-04
1.2589E+02 0.45 1.6262E-04
1.4125E+02 0.45 1.1413E-04
1.5849E+02 0.45 8.0176E-05
1.7783E+02 0.45 5.6435E-05
1.9953E+02 0.45 3.9578E-05
2.2387E+02 0.45 2.7596E-05
2.5119E+02 0.45 1.9286E-05
2.8184E+02 0.45 1.3489E-05
3.1623E+02 0.45 9.4657E-06
3.5481E+02 0.45 6.5729E-06
3.9811E+02 0.45 4.5687E-06
4.4668E+02 0.45 3.1812E-06
5.0119E+02 0.45 2.2207E-06
5.6234E+02 0.45 1.5447E-06
6.3096E+02 0.45 1.0678E-06
7.0795E+02 0.45 7.4203E-07
7.9433E+02 0.45 5.1550E-07
8.9125E+02 0.45 3.5650E-07
1.0000E+03 0.45 2.4642E-07
1.1220E+03 0.45 1.6835E-07
1.2589E+03 0.45 1.1591E-07
1.4125E+03 0.45 7.9470E-08
1.5849E+03 0.45 5.4004E-08
1.7783E+03 0.45 3.7046E-08
1.9953E+03 0.45 2.5119E-08
2.2387E+03 0.45 1.7036E-08
2.5119E+03 0.45 1.1658E-08
2.8184E+03 0.45 7.8035E-09
3.1623E+03 0.45 5.3700E-09
3.5481E+03 0.45 3.5273E-09
3.9811E+03 0.45 2.3822E-09
4.4668E+03 0.45 1.6045E-09
5.0119E+03 0.45 1.0709E-09
5.6234E+03 0.45 7.0809E-10
6.3096E+03 0.45 4.7364E-10
7.0795E+03 0.45 3.1544E-10
7.9433E+03 0.45 2.0613E-10
8.9125E+03 0.45 1.3764E-10
1.0000E+04 0.45 9.2210E-11
1.0000E-01 0.35 5.7995E+03
1.1220E-01 0.35 5.1165E+03
1.2589E-01 0.35 4.4927E+03
1.4125E-01 0.35 3.9326E+03
1.5849E-01 0.35 3.4096E+03
1.7783E-01 0.35 2.9196E+03
1.9953E-01 0.35 2.4912E+03
2.2387E-01 0.35 2.1119E+03
2.5119E-01 0.35 1.7777E+03
2.8184E-01 0.35 1.4907E+03
3.1623E-01 0.35 1.2300E+03
3.5481E-01 0.35 1.0117E+03
3.9811E-01 0.35 8.3726E+02
4.4668E-01 0.35 6.8829E+02
5.0119E-01 0.35 5.5475E+02
5.6234E-01 0.35 4.4513E+02
6.3096E-01 0.35 3.5956E+02
7.0795E-01 0.35 2.8921E+02
7.9433E-01 0.35 2.2770E+02
8.9125E-01 0.35 1.7860E+02
1.0000E+00 0.35 1.4133E+02
1.1220E+00 0.35 1.0972E+02
1.2589E+00 0.35 8.5168E+01
1.4125E+00 0.35 6.5635E+01
1.5849E+00 0.35 4.9999E+01
1.7783E+00 0.35 3.7887E+01
1.9953E+00 0.35 2.8520E+01
2.2387E+00 0.35 2.1345E+01
2.5119E+00 0.35 1.5894E+01
2.8184E+00 0.35 1.1631E+01
3.1623E+00 0.35 8.4962E+00
3.5481E+00 0.35 6.2363E+00
3.9811E+00 0.35 4.5648E+00
4.4668E+00 0.35 3.3258E+00
5.0119E+00 0.35 2.4085E+00
5.6234E+00 0.35 1.7364E+00
6.3096E+00 0.35 1.2501E+00
7.0795E+00 0.35 8.9558E-01
7.9433E+00 0.35 6.3236E-01
8.9125E+00 0.35 4.4857E-01
1.0000E+01 0.35 3.2290E-01
1.1220E+01 0.35 2.3160E-01
1.2589E+01 0.35 1.6594E-01
1.4125E+01 0.35 1.1880E-01
1.5849E+01 0.35 8.5587E-02
1.7783E+01 0.35 6.0765E-02
1.9953E+01 0.35 4.3078E-02
2.2387E+01 0.35 3.0603E-02
2.5119E+01 0.35 2.1505E-02
2.8184E+01 0.35 1.5326E-02
3.1623E+01 0.35 1.1110E-02
3.5481E+01 0.35 7.9284E-03
3.9811E+01 0.35 5.6455E-03
4.4668E+01 0.35 4.0196E-03
5.0119E+01 0.35 2.8524E-03
5.6234E+01 0.35 2.0306E-03
6.3096E+01 0.35 1.4414E-03
7.0795E+01 0.35 1.0196E-03
7.9433E+01 0.35 7.2371E-04
8.9125E+01 0.35 5.1225E-04
1.0000E+02 0.35 3.5959E-04
1.1220E+02 0.35 2.5396E-04
1.2589E+02 0.35 1.7869E-04
1.4125E+02 0.35 1.2539E-04
1.5849E+02 0.35 8.7870E-05
1.7783E+02 0.35 6.1795E-05
1.9953E+02 0.35 4.3539E-05
2.2387E+02 0.35 3.0564E-05
2.5119E+02 0.35 2.1334E-05
2.8184E+02 0.35 1.4975E-05
3.1623E+02 0.35 1.0473E-05
3.5481E+02 0.35 7.2961E-06
3.9811E+02 0.35 5.0791E-06
4.4668E+02 0.35 3.5425E-06
5.0119E+02 0.35 2.4589E-06
5.6234E+02 0.35 1.7296E-06
6.3096E+02 0.35 1.2059E-06
7.0795E+02 0.35 8.3787E-07
7.9433E+02 0.35 5.8378E-07
8.9125E+02 0.35 4.0640E-07
1.0000E+03 0.35 2.8113E-07
1.1220E+03 0.35 1.9364E-07
1.2589E+03 0.35 1.3275E-07
1.4125E+03 0.35 9.1116E-08
1.5849E+03 0.35 6.2893E-08
1.7783E+03 0.35 4.3327E-08
1.9953E+03 0.35 2.9446E-08
2.2387E+03 0.35 2.0038E-08
2.5119E+03 0.35 1.3572E-08
2.8184E+03 0.35 9.2150E-09
3.1623E+03 0.35 6.3946E-09
3.5481E+03 0.35 4.2476E-09
3.9811E+03 0.35 2.8692E-09
4.4668E+03 0.35 1.9118E-09
5.0119E+03 0.35 1.2918E-09
5.6234E+03 0.35 8.7163E-10
6.3096E+03 0.35 5.7623E-10
7.0795E+03 0.35 3.8199E-10
7.9433E+03 0.35 2.5526E-10
8.9125E+03 0.35 1.6797E-10
1.0000E+04 0.35 1.1069E-10
1.0000E-01 0.25 6.8866E+03
1.1220E-01 0.25 5.9558E+03
1.2589E-01 0.25 5.2031E+03
1.4125E-01 0.25 4.5035E+03
1.5849E-01 0.25 3.8409E+03
1.7783E-01 0.25 3.2821E+03
1.9953E-01 0.25 2.7890E+03
2.2387E-01 0.25 2.3390E+03
2.5119E-01 0.25 1.9320E+03
2.8184E-01 0.25 1.5975E+03
3.1623E-01 0.25 1.3214E+03
3.5481E-01 0.25 1.0739E+03
3.9811E-01 0.25 8.7234E+02
4.4668E-01 0.25 7.1110E+02
5.0119E-01 0.25 5.7452E+02
5.6234E-01 0.25 4.6231E+02
6.3096E-01 0.25 3.7259E+02
7.0795E-01 0.25 2.9973E+02
7.9433E-01 0.25 2.3790E+02
8.9125E-01 0.25 1.8441E+02
1.0000E+00 0.25 1.4524E+02
1.1220E+00 0.25 1.1313E+02
1.2589E+00 0.25 8.7658E+01
1.4125E+00 0.25 6.6935E+01
1.5849E+00 0.25 5.1408E+01
1.7783E+00 0.25 3.9614E+01
1.9953E+00 0.25 2.9957E+01
2.2387E+00 0.25 2.2170E+01
2.5119E+00 0.25 1.6650E+01
2.8184E+00 0.25 1.2298E+01
3.1623E+00 0.25 9.0792E+00
3.5481E+00 0.25 6.6881E+00
3.9811E+00 0.25 4.8541E+00
4.4668E+00 0.25 3.5210E+00
5.0119E+00 0.25 2.5638E+00
5.6234E+00 0.25 1.8388E+00
6.3096E+00 0.25 1.3258E+00
7.0795E+00 0.25 9.6497E-01
7.9433E+00 0.25 6.8809E-01
8.9125E+00 0.25 4.8880E-01
1.0000E+01 0.25 3.5095E-01
1.1220E+01 0.25 2.5132E-01
1.2589E+01 0.25 1.7730E-01
1.4125E+01 0.25 1.2616E-01
1.5849E+01 0.25 9.0850E-02
1.7783E+01 0.25 6.4324E-02
1.9953E+01 0.25 4.6142E-02
2.2387E+01 0.25 3.3324E-02
2.5119E+01 0.25 2.3745E-02
2.8184E+01 0.25 1.6758E-02
3.1623E+01 0.25 1.2118E-02
3.5481E+01 0.25 8.6318E-03
3.9811E+01 0.25 6.1434E-03
4.4668E+01 0.25 4.3715E-03
5.0119E+01 0.25 3.1087E-03
5.6234E+01 0.25 2.2058E-03
6.3096E+01 0.25 1.5641E-03
7.0795E+01 0.25 1.1120E-03
7.9433E+01 0.25 7.9212E-04
8.9125E+01 0.25 5.6256E-04
1.0000E+02 0.25 4.0019E-04
1.1220E+02 0.25 2.8283E-04
1.2589E+02 0.25 1.9940E-04
1.4125E+02 0.25 1.4092E-04
1.5849E+02 0.25 9.9563E-05
1.7783E+02 0.25 6.9857E-05
1.9953E+02 0.25 4.9245E-05
2.2387E+02 0.25 3.4697E-05
2.5119E+02 0.25 2.4178E-05
2.8184E+02 0.25 1.7004E-05
3.1623E+02 0.25 1.1931E-05
3.5481E+02 0.25 8.3483E-06
3.9811E+02 0.25 5.8246E-06
4.4668E+02 0.25 4.0870E-06
5.0119E+02 0.25 2.8687E-06
5.6234E+02 0.25 1.9992E-06
6.3096E+02 0.25 1.3897E-06
7.0795E+02 0.25 9.6657E-07
7.9433E+02 0.25 6.7340E-07
8.9125E+02 0.25 4.7048E-07
1.0000E+03 0.25 3.2667E-07
1.1220E+03 0.25 2.2558E-07
1.2589E+03 0.25 1.5640E-07
1.4125E+03 0.25 1.0805E-07
1.5849E+03 0.25 7.4324E-08
1.7783E+03 0.25 5.1047E-08
1.9953E+03 0.25 3.5396E-08
2.2387E+03 0.25 2.4273E-08
2.5119E+03 0.25 1.6538E-08
2.8184E+03 0.25 1.1309E-08
3.1623E+03 0.25 7.8578E-09
3.5481E+03 0.25 5.2721E-09
3.9811E+03 0.25 3.5566E-09
4.4668E+03 0.25 2.3877E-09
5.0119E+03 0.25 1.6149E-09
5.6234E+03 0.25 1.0897E-09
6.3096E+03 0.25 7.3259E-10
7.0795E+03 0.25 4.9038E-10
7.9433E+03 0.25 3.2753E-10
8.9125E+03 0.25 2.1755E-10
1.0000E+04 0.25 1.4472E-10
1.0000E-01 0.15 9.1673E+03
1.1220E-01 0.15 7.8872E+03
1.2589E-01 0.15 6.7487E+03
1.4125E-01 0.15 5.7685E+03
1.5849E-01 0.15 4.9109E+03
1.7783E-01 0.15 4.0949E+03
1.9953E-01 0.15 3.3864E+03
2.2387E-01 0.15 2.7822E+03
2.5119E-01 0.15 2.3007E+03
2.8184E-01 0.15 1.8737E+03
3.1623E-01 0.15 1.5003E+03
3.5481E-01 0.15 1.2114E+03
3.9811E-01 0.15 9.7607E+02
4.4668E-01 0.15 7.8696E+02
5.0119E-01 0.15 6.3052E+02
5.6234E-01 0.15 4.9888E+02
6.3096E-01 0.15 3.9984E+02
7.0795E-01 0.15 3.1945E+02
7.9433E-01 0.15 2.4711E+02
8.9125E-01 0.15 1.8985E+02
1.0000E+00 0.15 1.5022E+02
1.1220E+00 0.15 1.1730E+02
1.2589E+00 0.15 9.0989E+01
1.4125E+00 0.15 7.0027E+01
1.5849E+00 0.15 5.3417E+01
1.7783E+00 0.15 4.0703E+01
1.9953E+00 0.15 3.0986E+01
2.2387E+00 0.15 2.3181E+01
2.5119E+00 0.15 1.7329E+01
2.8184E+00 0.15 1.2929E+01
3.1623E+00 0.15 9.5674E+00
3.5481E+00 0.15 7.0364E+00
3.9811E+00 0.15 5.1591E+00
4.4668E+00 0.15 3.7811E+00
5.0119E+00 0.15 2.7535E+00
5.6234E+00 0.15 1.9914E+00
6.3096E+00 0.15 1.4204E+00
7.0795E+00 0.15 1.0311E+00
7.9433E+00 0.15 7.4174E-01
8.9125E+00 0.15 5.2586E-01
1.0000E+01 0.15 3.8498E-01
1.1220E+01 0.15 2.7550E-01
1.2589E+01 0.15 1.9808E-01
1.4125E+01 0.15 1.4228E-01
1.5849E+01 0.15 1.0057E-01
1.7783E+01 0.15 7.2158E-02
1.9953E+01 0.15 5.1759E-02
2.2387E+01 0.15 3.7014E-02
2.5119E+01 0.15 2.6240E-02
2.8184E+01 0.15 1.8926E-02
3.1623E+01 0.15 1.3596E-02
3.5481E+01 0.15 9.6943E-03
3.9811E+01 0.15 6.9099E-03
4.4668E+01 0.15 4.9233E-03
5.0119E+01 0.15 3.5207E-03
5.6234E+01 0.15 2.5118E-03
6.3096E+01 0.15 1.7859E-03
7.0795E+01 0.15 1.2719E-03
7.9433E+01 0.15 9.0367E-04
8.9125E+01 0.15 6.4011E-04
1.0000E+02 0.15 4.5714E-04
1.1220E+02 0.15 3.2528E-04
1.2589E+02 0.15 2.3064E-04
1.4125E+02 0.15 1.6302E-04
1.5849E+02 0.15 1.1561E-04
1.7783E+02 0.15 8.1707E-05
1.9953E+02 0.15 5.7573E-05
2.2387E+02 0.15 4.0444E-05
2.5119E+02 0.15 2.8396E-05
2.8184E+02 0.15 1.9967E-05
3.1623E+02 0.15 1.4095E-05
3.5481E+02 0.15 9.8707E-06
3.9811E+02 0.15 6.9079E-06
4.4668E+02 0.15 4.8431E-06
5.0119E+02 0.15 3.4020E-06
5.6234E+02 0.15 2.3715E-06
6.3096E+02 0.15 1.6584E-06
7.0795E+02 0.15 1.1595E-06
7.9433E+02 0.15 8.0592E-07
8.9125E+02 0.15 5.6147E-07
1.0000E+03 0.15 3.9363E-07
1.1220E+03 0.15 2.7381E-07
1.2589E+03 0.15 1.9020E-07
1.4125E+03 0.15 1.3186E-07
1.5849E+03 0.15 9.1557E-08
1.7783E+03 0.15 6.3315E-08
1.9953E+03 0.15 4.4019E-08
2.2387E+03 0.15 3.0299E-08
2.5119E+03 0.15 2.0888E-08
2.8184E+03 0.15 1.4286E-08
3.1623E+03 0.15 9.9265E-09
3.5481E+03 0.15 6.7343E-09
3.9811E+03 0.15 4.6219E-09
4.4668E+03 0.15 3.1448E-09
5.0119E+03 0.15 2.1229E-09
5.6234E+03 0.15 1.4375E-09
6.3096E+03 0.15 9.7775E-10
7.0795E+03 0.15 6.6159E-10
7.9433E+03 0.15 4.4818E-10
8.9125E+03 0.15 2.9947E-10
1.0000E+04 0.15 2.0073E-10
1.0000E-01 0.05 1.4083E+04
1.1220E-01 0.05 1.1788E+04
1.2589E-01 0.05 9.7929E+03
1.4125E-01 0.05 8.1064E+03
1.5849E-01 0.05 6.7524E+03
1.7783E-01 0.05 5.6324E+03
1.9953E-01 0.05 4.6071E+03
2.2387E-01 0.05 3.7637E+03
2.5119E-01 0.05 3.0018E+03
2.8184E-01 0.05 2.3469E+03
3.1623E-01 0.05 1.8620E+03
3.5481E-01 0.05 1.4961E+03
3.9811E-01 0.05 1.1807E+03
4.4668E-01 0.05 9.2502E+02
5.0119E-01 0.05 7.3063E+02
5.6234E-01 0.05 5.6841E+02
6.3096E-01 0.05 4.3227E+02
7.0795E-01 0.05 3.3984E+02
7.9433E-01 0.05 2.7268E+02
8.9125E-01 0.05 2.0467E+02
1.0000E+00 0.05 1.5937E+02
1.1220E+00 0.05 1.2381E+02
1.2589E+00 0.05 9.4939E+01
1.4125E+00 0.05 7.2709E+01
1.5849E+00 0.05 5.7029E+01
1.7783E+00 0.05 4.4117E+01
1.9953E+00 0.05 3.2219E+01
2.2387E+00 0.05 2.3934E+01
2.5119E+00 0.05 1.8181E+01
2.8184E+00 0.05 1.3727E+01
3.1623E+00 0.05 1.0143E+01
3.5481E+00 0.05 7.5369E+00
3.9811E+00 0.05 5.5329E+00
4.4668E+00 0.05 3.9528E+00
5.0119E+00 0.05 2.9316E+00
5.6234E+00 0.05 2.1757E+00
6.3096E+00 0.05 1.5742E+00
7.0795E+00 0.05 1.1579E+00
7.9433E+00 0.05 8.3341E-01
8.9125E+00 0.05 6.0049E-01
1.0000E+01 0.05 4.2000E-01
1.1220E+01 0.05 3.0205E-01
1.2589E+01 0.05 2.2276E-01
1.4125E+01 0.05 1.5988E-01
1.5849E+01 0.05 1.1355E-01
1.7783E+01 0.05 8.1740E-02
1.9953E+01 0.05 5.9616E-02
2.2387E+01 0.05 4.3305E-02
2.5119E+01 0.05 3.1282E-02
2.8184E+01 0.05 2.1733E-02
3.1623E+01 0.05 1.5651E-02
3.5481E+01 0.05 1.1185E-02
3.9811E+01 0.05 8.0257E-03
4.4668E+01 0.05 5.7356E-03
5.0119E+01 0.05 4.0956E-03
5.6234E+01 0.05 2.9376E-03
6.3096E+01 0.05 2.0952E-03
7.0795E+01 0.05 1.4926E-03
7.9433E+01 0.05 1.0650E-03
8.9125E+01 0.05 7.5975E-04
1.0000E+02 0.05 5.3974E-04
1.1220E+02 0.05 3.8409E-04
1.2589E+02 0.05 2.7276E-04
1.4125E+02 0.05 1.9306E-04
1.5849E+02 0.05 1.3701E-04
1.7783E+02 0.05 9.7181E-05
1.9953E+02 0.05 6.8541E-05
2.2387E+02 0.05 4.8373E-05
2.5119E+02 0.05 3.4285E-05
2.8184E+02 0.05 2.3979E-05
3.1623E+02 0.05 1.6917E-05
3.5481E+02 0.05 1.1920E-05
3.9811E+02 0.05 8.3845E-06
4.4668E+02 0.05 5.8729E-06
5.0119E+02 0.05 4.1147E-06
5.6234E+02 0.05 2.8861E-06
6.3096E+02 0.05 2.0244E-06
7.0795E+02 0.05 1.4154E-06
7.9433E+02 0.05 9.9301E-07
8.9125E+02 0.05 6.9342E-07
1.0000E+03 0.05 4.8124E-07
1.1220E+03 0.05 3.3542E-07
1.2589E+03 0.05 2.3387E-07
1.4125E+03 0.05 1.6259E-07
1.5849E+03 0.05 1.1324E-07
1.7783E+03 0.05 7.8827E-08
1.9953E+03 0.05 5.4608E-08
2.2387E+03 0.05 3.7696E-08
2.5119E+03 0.05 2.6125E-08
2.8184E+03 0.05 1.8228E-08
3.1623E+03 0.05 1.2608E-08
3.5481E+03 0.05 8.6112E-09
3.9811E+03 0.05 5.9222E-09
4.4668E+03 0.05 4.0628E-09
5.0119E+03 0.05 2.7722E-09
5.6234E+03 0.05 1.8953E-09
6.3096E+03 0.05 1.2926E-09
7.0795E+03 0.05 8.8021E-10
7.9433E+03 0.05 5.9767E-10
8.9125E+03 0.05 4.0390E-10
1.0000E+04 0.05 2.7417E-10
1.0000E-01 -0.05 1.1503E+04
1.1220E-01 -0.05 9.6176E+03
1.2589E-01 -0.05 7.9796E+03
1.4125E-01 -0.05 6.7248E+03
1.5849E-01 -0.05 5.6255E+03
1.7783E-01 -0.05 4.6363E+03
1.9953E-01 -0.05 3.7627E+03
2.2387E-01 -0.05 2.9823E+03
2.5119E-01 -0.05 2.3558E+03
2.8184E-01 -0.05 1.8610E+03
3.1623E-01 -0.05 1.4666E+03
3.5481E-01 -0.05 1.1624E+03
3.9811E-01 -0.05 9.3416E+02
4.4668E-01 -0.05 7.2537E+02
5.0119E-01 -0.05 5.6362E+02
5.6234E-01 -0.05 4.5088E+02
6.3096E-01 -0.05 3.4853E+02
7.0795E-01 -0.05 2.7047E+02
7.9433E-01 -0.05 2.1719E+02
8.9125E-01 -0.05 1.7061E+02
1.0000E+00 -0.05 1.3414E+02
1.1220E+00 -0.05 1.0314E+02
1.2589E+00 -0.05 7.8832E+01
1.4125E+00 -0.05 6.0916E+01
1.5849E+00 -0.05 4.9075E+01
1.7783E+00 -0.05 3.8427E+01
1.9953E+00 -0.05 2.8185E+01
2.2387E+00 -0.05 2.1975E+01
2.5119E+00 -0.05 1.6687E+01
2.8184E+00 -0.05 1.2232E+01
3.1623E+00 -0.05 9.3605E+00
3.5481E+00 -0.05 7.0012E+00
3.9811E+00 -0.05 5.1445E+00
4.4668E+00 -0.05 3.8212E+00
5.0119E+00 -0.05 2.8534E+00
5.6234E+00 -0.05 2.1431E+00
6.3096E+00 -0.05 1.5784E+00
7.0795E+00 -0.05 1.1303E+00
7.9433E+00 -0.05 8.1815E-01
8.9125E+00 -0.05 5.8410E-01
1.0000E+01 -0.05 4.2547E-01
1.1220E+01 -0.05 3.0703E-01
1.2589E+01 -0.05 2.1943E-01
1.4125E+01 -0.05 1.5948E-01
1.5849E+01 -0.05 1.1692E-01
1.7783E+01 -0.05 8.3571E-02
1.9953E+01 -0.05 5.9274E-02
2.2387E+01 -0.05 4.2351E-02
2.5119E+01 -0.05 3.1501E-02
2.8184E+01 -0.05 2.2569E-02
3.1623E+01 -0.05 1.5715E-02
3.5481E+01 -0.05 1.1258E-02
3.9811E+01 -0.05 8.0861E-03
4.4668E+01 -0.05 5.7836E-03
5.0119E+01 -0.05 4.1271E-03
5.6234E+01 -0.05 2.9533E-03
6.3096E+01 -0.05 2.1123E-03
7.0795E+01 -0.05 1.5062E-03
7.9433E+01 -0.05 1.0756E-03
8.9125E+01 -0.05 7.6720E-04
1.0000E+02 -0.05 5.4191E-04
1.1220E+02 -0.05 3.8508E-04
1.2589E+02 -0.05 2.7303E-04
1.4125E+02 -0.05 1.9334E-04
1.5849E+02 -0.05 1.3715E-04
1.7783E+02 -0.05 9.7157E-05
1.9953E+02 -0.05 6.8610E-05
2.2387E+02 -0.05 4.8614E-05
2.5119E+02 -0.05 3.4279E-05
2.8184E+02 -0.05 2.4178E-05
3.1623E+02 -0.05 1.7001E-05
3.5481E+02 -0.05 1.1954E-05
3.9811E+02 -0.05 8.4046E-06
4.4668E+02 -0.05 5.9166E-06
5.0119E+02 -0.05 4.1409E-06
5.6234E+02 -0.05 2.8979E-06
6.3096E+02 -0.05 2.0260E-06
7.0795E+02 -0.05 1.4173E-06
7.9433E+02 -0.05 9.8813E-07
8.9125E+02 -0.05 6.8967E-07
1.0000E+03 -0.05 4.8093E-07
1.1220E+03 -0.05 3.3578E-07
1.2589E+03 -0.05 2.3410E-07
1.4125E+03 -0.05 1.6238E-07
1.5849E+03 -0.05 1.1265E-07
1.7783E+03 -0.05 7.8227E-08
1.9953E+03 -0.05 5.4578E-08
2.2387E+03 -0.05 3.7732E-08
2.5119E+03 -0.05 2.6259E-08
2.8184E+03 -0.05 1.8072E-08
3.1623E+03 -0.05 1.2529E-08
3.5481E+03 -0.05 8.5650E-09
3.9811E+03 -0.05 5.8937E-09
4.4668E+03 -0.05 4.0579E-09
5.0119E+03 -0.05 2.7881E-09
5.6234E+03 -0.05 1.9086E-09
6.3096E+03 -0.05 1.2990E-09
7.0795E+03 -0.05 8.8020E-10
7.9433E+03 -0.05 6.0025E-10
8.9125E+03 -0.05 4.0892E-10
1.0000E+04 -0.05 2.7541E-10
1.0000E-01 -0.15 5.8666E+03
1.1220E-01 -0.15 4.9890E+03
1.2589E-01 -0.15 4.2569E+03
1.4125E-01 -0.15 3.5921E+03
1.5849E-01 -0.15 2.9943E+03
1.7783E-01 -0.15 2.4950E+03
1.9953E-01 -0.15 2.0697E+03
2.2387E-01 -0.15 1.6834E+03
2.5119E-01 -0.15 1.3632E+03
2.8184E-01 -0.15 1.1149E+03
3.1623E-01 -0.15 8.9172E+02
3.5481E-01 -0.15 7.1272E+02
3.9811E-01 -0.15 5.6199E+02
4.4668E-01 -0.15 4.4760E+02
5.0119E-01 -0.15 3.7055E+02
5.6234E-01 -0.15 2.9738E+02
6.3096E-01 -0.15 2.3576E+02
7.0795E-01 -0.15 1.8701E+02
7.9433E-01 -0.15 1.5341E+02
8.9125E-01 -0.15 1.2372E+02
1.0000E+00 -0.15 9.6716E+01
1.1220E+00 -0.15 7.7345E+01
1.2589E+00 -0.15 6.2136E+01
1.4125E+00 -0.15 4.9175E+01
1.5849E+00 -0.15 3.9051E+01
1.7783E+00 -0.15 3.0965E+01
1.9953E+00 -0.15 2.3493E+01
2.2387E+00 -0.15 1.7893E+01
2.5119E+00 -0.15 1.3991E+01
2.8184E+00 -0.15 1.0704E+01
3.1623E+00 -0.15 8.1776E+00
3.5481E+00 -0.15 6.1573E+00
3.9811E+00 -0.15 4.6548E+00
4.4668E+00 -0.15 3.4629E+00
5.0119E+00 -0.15 2.5349E+00
5.6234E+00 -0.15 1.8950E+00
6.3096E+00 -0.15 1.4015E+00
7.0795E+00 -0.15 1.0030E+00
7.9433E+00 -0.15 7.2328E-01
8.9125E+00 -0.15 5.3176E-01
1.0000E+01 -0.15 3.8428E-01
1.1220E+01 -0.15 2.7820E-01
1.2589E+01 -0.15 1.9815E-01
1.4125E+01 -0.15 1.4145E-01
1.5849E+01 -0.15 1.0276E-01
1.7783E+01 -0.15 7.3746E-02
1.9953E+01 -0.15 5.2435E-02
2.2387E+01 -0.15 3.7659E-02
2.5119E+01 -0.15 2.7059E-02
2.8184E+01 -0.15 1.9535E-02
3.1623E+01 -0.15 1.3584E-02
3.5481E+01 -0.15 9.7188E-03
3.9811E+01 -0.15 6.9275E-03
4.4668E+01 -0.15 4.9409E-03
5.0119E+01 -0.15 3.5319E-03
5.6234E+01 -0.15 2.5100E-03
6.3096E+01 -0.15 1.7889E-03
7.0795E+01 -0.15 1.2794E-03
7.9433E+01 -0.15 9.1155E-04
8.9125E+01 -0.15 6.4487E-04
1.0000E+02 -0.15 4.5689E-04
1.1220E+02 -0.15 3.2437E-04
1.2589E+02 -0.15 2.2988E-04
1.4125E+02 -0.15 1.6261E-04
1.5849E+02 -0.15 1.1476E-04
1.7783E+02 -0.15 8.1505E-05
1.9953E+02 -0.15 5.7468E-05
2.2387E+02 -0.15 4.0469E-05
2.5119E+02 -0.15 2.8482E-05
2.8184E+02 -0.15 1.9838E-05
3.1623E+02 -0.15 1.4051E-05
3.5481E+02 -0.15 9.8334E-06
3.9811E+02 -0.15 6.8774E-06
4.4668E+02 -0.15 4.8366E-06
5.0119E+02 -0.15 3.3889E-06
5.6234E+02 -0.15 2.3744E-06
6.3096E+02 -0.15 1.6541E-06
7.0795E+02 -0.15 1.1547E-06
7.9433E+02 -0.15 8.1062E-07
8.9125E+02 -0.15 5.6912E-07
1.0000E+03 -0.15 3.9455E-07
1.1220E+03 -0.15 2.7372E-07
1.2589E+03 -0.15 1.8995E-07
1.4125E+03 -0.15 1.3172E-07
1.5849E+03 -0.15 9.1776E-08
1.7783E+03 -0.15 6.3569E-08
1.9953E+03 -0.15 4.4103E-08
2.2387E+03 -0.15 3.0425E-08
2.5119E+03 -0.15 2.0794E-08
2.8184E+03 -0.15 1.4220E-08
3.1623E+03 -0.15 9.9168E-09
3.5481E+03 -0.15 6.7069E-09
3.9811E+03 -0.15 4.5735E-09
4.4668E+03 -0.15 3.1060E-09
5.0119E+03 -0.15 2.1155E-09
5.6234E+03 -0.15 1.4412E-09
6.3096E+03 -0.15 9.7737E-10
7.0795E+03 -0.15 6.6096E-10
7.9433E+03 -0.15 4.4310E-10
8.9125E+03 -0.15 2.9939E-10
1.0000E+04 -0.15 1.9934E-10
1.0000E-01 -0.25 3.8464E+03
1.1220E-01 -0.25 3.3133E+03
1.2589E-01 -0.25 2.8753E+03
1.4125E-01 -0.25 2.4634E+03
1.5849E-01 -0.25 2.0945E+03
1.7783E-01 -0.25 1.7583E+03
1.9953E-01 -0.25 1.4588E+03
2.2387E-01 -0.25 1.1963E+03
2.5119E-01 -0.25 9.9384E+02
2.8184E-01 -0.25 8.2547E+02
3.1623E-01 -0.25 6.7589E+02
3.5481E-01 -0.25 5.5839E+02
3.9811E-01 -0.25 4.5904E+02
4.4668E-01 -0.25 3.7297E+02
5.0119E-01 -0.25 3.0530E+02
5.6234E-01 -0.25 2.5032E+02
6.3096E-01 -0.25 2.0323E+02
7.0795E-01 -0.25 1.6266E+02
7.9433E-01 -0.25 1.3327E+02
8.9125E-01 -0.25 1.0817E+02
1.0000E+00 -0.25 8.5717E+01
1.1220E+00 -0.25 6.9043E+01
1.2589E+00 -0.25 5.5197E+01
1.4125E+00 -0.25 4.3708E+01
1.5849E+00 -0.25 3.4401E+01
1.7783E+00 -0.25 2.6893E+01
1.9953E+00 -0.25 2.1183E+01
2.2387E+00 -0.25 1.6421E+01
2.5119E+00 -0.25 1.2570E+01
2.8184E+00 -0.25 9.6723E+00
3.1623E+00 -0.25 7.3736E+00
3.5481E+00 -0.25 5.5035E+00
3.9811E+00 -0.25 4.1124E+00
4.4668E+00 -0.25 3.0935E+00
5.0119E+00 -0.25 2.3200E+00
5.6234E+00 -0.25 1.7146E+00
6.3096E+00 -0.25 1.2614E+00
7.0795E+00 -0.25 9.1932E-01
7.9433E+00 -0.25 6.6327E-01
8.9125E+00 -0.25 4.7617E-01
1.0000E+01 -0.25 3.4683E-01
1.1220E+01 -0.25 2.4783E-01
1.2589E+01 -0.25 1.7772E-01
1.4125E+01 -0.25 1.2698E-01
1.5849E+01 -0.25 9.0296E-02
1.7783E+01 -0.25 6.5043E-02
1.9953E+01 -0.25 4.6585E-02
2.2387E+01 -0.25 3.3212E-02
2.5119E+01 -0.25 2.3835E-02
2.8184E+01 -0.25 1.7060E-02
3.1623E+01 -0.25 1.2110E-02
3.5481E+01 -0.25 8.6361E-03
3.9811E+01 -0.25 6.1585E-03
4.4668E+01 -0.25 4.3770E-03
5.0119E+01 -0.25 3.1139E-03
5.6234E+01 -0.25 2.2177E-03
6.3096E+01 -0.25 1.5757E-03
7.0795E+01 -0.25 1.1206E-03
7.9433E+01 -0.25 7.9864E-04
8.9125E+01 -0.25 5.6629E-04
1.0000E+02 -0.25 3.9824E-04
1.1220E+02 -0.25 2.8076E-04
1.2589E+02 -0.25 1.9878E-04
1.4125E+02 -0.25 1.4028E-04
1.5849E+02 -0.25 9.8846E-05
1.7783E+02 -0.25 6.9932E-05
1.9953E+02 -0.25 4.9083E-05
2.2387E+02 -0.25 3.4329E-05
2.5119E+02 -0.25 2.4098E-05
2.8184E+02 -0.25 1.6946E-05
3.1623E+02 -0.25 1.1889E-05
3.5481E+02 -0.25 8.3112E-06
3.9811E+02 -0.25 5.8413E-06
4.4668E+02 -0.25 4.0826E-06
5.0119E+02 -0.25 2.8440E-06
5.6234E+02 -0.25 1.9840E-06
6.3096E+02 -0.25 1.3793E-06
7.0795E+02 -0.25 9.6010E-07
7.9433E+02 -0.25 6.6808E-07
8.9125E+02 -0.25 4.6612E-07
1.0000E+03 -0.25 3.2549E-07
1.1220E+03 -0.25 2.2494E-07
1.2589E+03 -0.25 1.5613E-07
1.4125E+03 -0.25 1.0768E-07
1.5849E+03 -0.25 7.4196E-08
1.7783E+03 -0.25 5.0991E-08
1.9953E+03 -0.25 3.5020E-08
2.2387E+03 -0.25 2.4031E-08
2.5119E+03 -0.25 1.6522E-08
2.8184E+03 -0.25 1.1188E-08
3.1623E+03 -0.25 7.7533E-09
3.5481E+03 -0.25 5.1821E-09
3.9811E+03 -0.25 3.5047E-09
4.4668E+03 -0.25 2.3748E-09
5.0119E+03 -0.25 1.5892E-09
5.6234E+03 -0.25 1.0695E-09
6.3096E+03 -0.25 7.3021E-10
7.0795E+03 -0.25 4.9366E-10
7.9433E+03 -0.25 3.2857E-10
8.9125E+03 -0.25 2.1794E-10
1.0000E+04 -0.25 1.4478E-10
1.0000E-01 -0.35 3.3231E+03
1.1220E-01 -0.35 2.8829E+03
1.2589E-01 -0.35 2.4939E+03
1.4125E-01 -0.35 2.1563E+03
1.5849E-01 -0.35 1.8581E+03
1.7783E-01 -0.35 1.5881E+03
1.9953E-01 -0.35 1.3471E+03
2.2387E-01 -0.35 1.1312E+03
2.5119E-01 -0.35 9.4459E+02
2.8184E-01 -0.35 7.9551E+02
3.1623E-01 -0.35 6.5788E+02
3.5481E-01 -0.35 5.3851E+02
3.9811E-01 -0.35 4.4523E+02
4.4668E-01 -0.35 3.6585E+02
5.0119E-01 -0.35 3.0136E+02
5.6234E-01 -0.35 2.5048E+02
6.3096E-01 -0.35 2.0507E+02
7.0795E-01 -0.35 1.6776E+02
7.9433E-01 -0.35 1.3488E+02
8.9125E-01 -0.35 1.0576E+02
1.0000E+00 -0.35 8.5745E+01
1.1220E+00 -0.35 6.9338E+01
1.2589E+00 -0.35 5.5246E+01
1.4125E+00 -0.35 4.3836E+01
1.5849E+00 -0.35 3.4688E+01
1.7783E+00 -0.35 2.6939E+01
1.9953E+00 -0.35 2.0773E+01
2.2387E+00 -0.35 1.6058E+01
2.5119E+00 -0.35 1.2350E+01
2.8184E+00 -0.35 9.3683E+00
3.1623E+00 -0.35 7.1258E+00
3.5481E+00 -0.35 5.3464E+00
3.9811E+00 -0.35 4.0259E+00
4.4668E+00 -0.35 3.0113E+00
5.0119E+00 -0.35 2.2309E+00
5.6234E+00 -0.35 1.6373E+00
6.3096E+00 -0.35 1.1838E+00
7.0795E+00 -0.35 8.5860E-01
7.9433E+00 -0.35 6.2356E-01
8.9125E+00 -0.35 4.4454E-01
1.0000E+01 -0.35 3.2019E-01
1.1220E+01 -0.35 2.2936E-01
1.2589E+01 -0.35 1.6450E-01
1.4125E+01 -0.35 1.1839E-01
1.5849E+01 -0.35 8.5136E-02
1.7783E+01 -0.35 6.0476E-02
1.9953E+01 -0.35 4.2789E-02
2.2387E+01 -0.35 3.0261E-02
2.5119E+01 -0.35 2.1497E-02
2.8184E+01 -0.35 1.5361E-02
3.1623E+01 -0.35 1.1073E-02
3.5481E+01 -0.35 7.8942E-03
3.9811E+01 -0.35 5.6269E-03
4.4668E+01 -0.35 3.9970E-03
5.0119E+01 -0.35 2.8404E-03
5.6234E+01 -0.35 2.0180E-03
6.3096E+01 -0.35 1.4230E-03
7.0795E+01 -0.35 1.0068E-03
7.9433E+01 -0.35 7.1723E-04
8.9125E+01 -0.35 5.0693E-04
1.0000E+02 -0.35 3.5567E-04
1.1220E+02 -0.35 2.5095E-04
1.2589E+02 -0.35 1.7717E-04
1.4125E+02 -0.35 1.2471E-04
1.5849E+02 -0.35 8.7656E-05
1.7783E+02 -0.35 6.1673E-05
1.9953E+02 -0.35 4.3322E-05
2.2387E+02 -0.35 3.0319E-05
2.5119E+02 -0.35 2.1272E-05
2.8184E+02 -0.35 1.4883E-05
3.1623E+02 -0.35 1.0371E-05
3.5481E+02 -0.35 7.2408E-06
3.9811E+02 -0.35 5.0933E-06
4.4668E+02 -0.35 3.5482E-06
5.0119E+02 -0.35 2.4599E-06
5.6234E+02 -0.35 1.7157E-06
6.3096E+02 -0.35 1.1910E-06
7.0795E+02 -0.35 8.2798E-07
7.9433E+02 -0.35 5.7299E-07
8.9125E+02 -0.35 3.9661E-07
1.0000E+03 -0.35 2.7654E-07
1.1220E+03 -0.35 1.8999E-07
1.2589E+03 -0.35 1.3117E-07
1.4125E+03 -0.35 9.0465E-08
1.5849E+03 -0.35 6.1935E-08
1.7783E+03 -0.35 4.2612E-08
1.9953E+03 -0.35 2.9222E-08
2.2387E+03 -0.35 1.9807E-08
2.5119E+03 -0.35 1.3532E-08
2.8184E+03 -0.35 9.1719E-09
3.1623E+03 -0.35 6.3359E-09
3.5481E+03 -0.35 4.1676E-09
3.9811E+03 -0.35 2.8191E-09
4.4668E+03 -0.35 1.8992E-09
5.0119E+03 -0.35 1.2691E-09
5.6234E+03 -0.35 8.5469E-10
6.3096E+03 -0.35 5.6796E-10
7.0795E+03 -0.35 3.7821E-10
7.9433E+03 -0.35 2.5231E-10
8.9125E+03 -0.35 1.6779E-10
1.0000E+04 -0.35 1.0961E-10
1.0000E-01 -0.45 4.0296E+03
1.1220E-01 -0.45 3.5842E+03
1.2589E-01 -0.45 3.1558E+03
1.4125E-01 -0.45 2.7477E+03
1.5849E-01 -0.45 2.4023E+03
1.7783E-01 -0.45 2.0669E+03
1.9953E-01 -0.45 1.7653E+03
2.2387E-01 -0.45 1.5083E+03
2.5119E-01 -0.45 1.2759E+03
2.8184E-01 -0.45 1.0583E+03
3.1623E-01 -0.45 8.7702E+02
3.5481E-01 -0.45 7.3209E+02
3.9811E-01 -0.45 6.0383E+02
4.4668E-01 -0.45 5.0030E+02
5.0119E-01 -0.45 4.1006E+02
5.6234E-01 -0.45 3.3148E+02
6.3096E-01 -0.45 2.6756E+02
7.0795E-01 -0.45 2.1503E+02
7.9433E-01 -0.45 1.7461E+02
8.9125E-01 -0.45 1.3919E+02
1.0000E+00 -0.45 1.0928E+02
1.1220E+00 -0.45 8.6325E+01
1.2589E+00 -0.45 6.7415E+01
1.4125E+00 -0.45 5.2441E+01
1.5849E+00 -0.45 4.0633E+01
1.7783E+00 -0.45 3.1132E+01
1.9953E+00 -0.45 2.3846E+01
2.2387E+00 -0.45 1.7981E+01
2.5119E+00 -0.45 1.3315E+01
2.8184E+00 -0.45 9.9888E+00
3.1623E+00 -0.45 7.5352E+00
3.5481E+00 -0.45 5.5732E+00
3.9811E+00 -0.45 4.0789E+00
4.4668E+00 -0.45 2.9915E+00
5.0119E+00 -0.45 2.1941E+00
5.6234E+00 -0.45 1.5824E+00
6.3096E+00 -0.45 1.1421E+00
7.0795E+00 -0.45 8.3000E-01
7.9433E+00 -0.45 5.9179E-01
8.9125E+00 -0.45 4.2547E-01
1.0000E+01 -0.45 3.0415E-01
1.1220E+01 -0.45 2.1823E-01
1.2589E+01 -0.45 1.5568E-01
1.4125E+01 -0.45 1.1144E-01
1.5849E+01 -0.45 8.0342E-02
1.7783E+01 -0.45 5.6999E-02
1.9953E+01 -0.45 4.0369E-02
2.2387E+01 -0.45 2.8887E-02
2.5119E+01 -0.45 2.0566E-02
2.8184E+01 -0.45 1.4646E-02
3.1623E+01 -0.45 1.0411E-02
3.5481E+01 -0.45 7.3871E-03
3.9811E+01 -0.45 5.2393E-03
4.4668E+01 -0.45 3.7170E-03
5.0119E+01 -0.45 2.6277E-03
5.6234E+01 -0.45 1.8615E-03
6.3096E+01 -0.45 1.3204E-03
7.0795E+01 -0.45 9.3451E-04
7.9433E+01 -0.45 6.5968E-04
8.9125E+01 -0.45 4.6658E-04
1.0000E+02 -0.45 3.2746E-04
1.1220E+02 -0.45 2.3049E-04
1.2589E+02 -0.45 1.6179E-04
1.4125E+02 -0.45 1.1356E-04
1.5849E+02 -0.45 7.9634E-05
1.7783E+02 -0.45 5.6040E-05
1.9953E+02 -0.45 3.9397E-05
2.2387E+02 -0.45 2.7526E-05
2.5119E+02 -0.45 1.9309E-05
2.8184E+02 -0.45 1.3573E-05
3.1623E+02 -0.45 9.3589E-06
3.5481E+02 -0.45 6.4906E-06
3.9811E+02 -0.45 4.5255E-06
4.4668E+02 -0.45 3.1652E-06
5.0119E+02 -0.45 2.1941E-06
5.6234E+02 -0.45 1.5332E-06
6.3096E+02 -0.45 1.0613E-06
7.0795E+02 -0.45 7.3572E-07
7.9433E+02 -0.45 5.0738E-07
8.9125E+02 -0.45 3.5341E-07
1.0000E+03 -0.45 2.4420E-07
1.1220E+03 -0.45 1.6659E-07
1.2589E+03 -0.45 1.1429E-07
1.4125E+03 -0.45 7.8085E-08
1.5849E+03 -0.45 5.3344E-08
1.7783E+03 -0.45 3.6204E-08
1.9953E+03 -0.45 2.4814E-08
2.2387E+03 -0.45 1.6947E-08
2.5119E+03 -0.45 1.1554E-08
2.8184E+03 -0.45 7.7896E-09
3.1623E+03 -0.45 5.3502E-09
3.5481E+03 -0.45 3.5094E-09
3.9811E+03 -0.45 2.3415E-09
4.4668E+03 -0.45 1.5484E-09
5.0119E+03 -0.45 1.0514E-09
5.6234E+03 -0.45 6.9959E-10
6.3096E+03 -0.45 4.6545E-10
7.0795E+03 -0.45 3.0662E-10
7.9433E+03 -0.45 2.0564E-10
8.9125E+03 -0.45 1.3594E-10
1.0000E+04 -0.45 8.9861E-11
1.0000E-01 -0.55 7.4676E+03
1.1220E-01 -0.55 6.6311E+03
1.2589E-01 -0.55 5.8714E+03
1.4125E-01 -0.55 5.1441E+03
1.5849E-01 -0.55 4.4457E+03
1.7783E-01 -0.55 3.8410E+03
1.9953E-01 -0.55 3.2911E+03
2.2387E-01 -0.55 2.7783E+03
2.5119E-01 -0.55 2.3247E+03
2.8184E-01 -0.55 1.9283E+03
3.1623E-01 -0.55 1.5815E+03
3.5481E-01 -0.55 1.2904E+03
3.9811E-01 -0.55 1.0467E+03
4.4668E-01 -0.55 8.4159E+02
5.0119E-01 -0.55 6.7412E+02
5.6234E-01 -0.55 5.3448E+02
6.3096E-01 -0.55 4.2141E+02
7.0795E-01 -0.55 3.2904E+02
7.9433E-01 -0.55 2.5419E+02
8.9125E-01 -0.55 1.9532E+02
1.0000E+00 -0.55 1.5050E+02
1.1220E+00 -0.55 1.1430E+02
1.2589E+00 -0.55 8.7190E+01
1.4125E+00 -0.55 6.5901E+01
1.5849E+00 -0.55 4.9354E+01
1.7783E+00 -0.55 3.6950E+01
1.9953E+00 -0.55 2.7261E+01
2.2387E+00 -0.55 2.0057E+01
2.5119E+00 -0.55 1.4724E+01
2.8184E+00 -0.55 1.0818E+01
3.1623E+00 -0.55 7.8702E+00
3.5481E+00 -0.55 5.7291E+00
3.9811E+00 -0.55 4.1309E+00
4.4668E+00 -0.55 2.9994E+00
5.0119E+00 -0.55 2.1666E+00
5.6234E+00 -0.55 1.5597E+00
6.3096E+00 -0.55 1.1129E+00
7.0795E+00 -0.55 7.9233E-01
7.9433E+00 -0.55 5.7508E-01
8.9125E+00 -0.55 4.1607E-01
1.0000E+01 -0.55 2.9381E-01
1.1220E+01 -0.55 2.0889E-01
1.2589E+01 -0.55 1.4860E-01
1.4125E+01 -0.55 1.0552E-01
1.5849E+01 -0.55 7.5522E-02
1.7783E+01 -0.55 5.4123E-02
1.9953E+01 -0.55 3.8411E-02
2.2387E+01 -0.55 2.7378E-02
2.5119E+01 -0.55 1.9317E-02
2.8184E+01 -0.55 1.3636E-02
3.1623E+01 -0.55 9.8372E-03
3.5481E+01 -0.55 6.9787E-03
3.9811E+01 -0.55 4.9420E-03
4.4668E+01 -0.55 3.5092E-03
5.0119E+01 -0.55 2.4887E-03
5.6234E+01 -0.55 1.7532E-03
6.3096E+01 -0.55 1.2396E-03
7.0795E+01 -0.55 8.7699E-04
7.9433E+01 -0.55 6.1550E-04
8.9125E+01 -0.55 4.3208E-04
1.0000E+02 -0.55 3.0473E-04
1.1220E+02 -0.55 2.1457E-04
1.2589E+02 -0.55 1.5079E-04
1.4125E+02 -0.55 1.0581E-04
1.5849E+02 -0.55 7.3683E-05
1.7783E+02 -0.55 5.1498E-05
1.9953E+02 -0.55 3.6250E-05
2.2387E+02 -0.55 2.5368E-05
2.5119E+02 -0.55 1.7704E-05
2.8184E+02 -0.55 1.2321E-05
3.1623E+02 -0.55 8.6034E-06
3.5481E+02 -0.55 5.9760E-06
3.9811E+02 -0.55 4.1670E-06
4.4668E+02 -0.55 2.8974E-06
5.0119E+02 -0.55 2.0002E-06
5.6234E+02 -0.55 1.3993E-06
6.3096E+02 -0.55 9.6198E-07
7.0795E+02 -0.55 6.6706E-07
7.9433E+02 -0.55 4.6223E-07
8.9125E+02 -0.55 3.1599E-07
1.0000E+03 -0.55 2.1943E-07
1.1220E+03 -0.55 1.4998E-07
1.2589E+03 -0.55 1.0260E-07
1.4125E+03 -0.55 6.9531E-08
1.5849E+03 -0.55 4.7485E-08
1.7783E+03 -0.55 3.2287E-08
1.9953E+03 -0.55 2.2074E-08
2.2387E+03 -0.55 1.4917E-08
2.5119E+03 -0.55 9.9628E-09
2.8184E+03 -0.55 6.6318E-09
3.1623E+03 -0.55 4.6381E-09
3.5481E+03 -0.55 3.0216E-09
3.9811E+03 -0.55 2.0232E-09
4.4668E+03 -0.55 1.3407E-09
5.0119E+03 -0.55 8.8906E-10
5.6234E+03 -0.55 5.9697E-10
6.3096E+03 -0.55 4.0152E-10
7.0795E+03 -0.55 2.6527E-10
7.9433E+03 -0.55 1.7428E-10
8.9125E+03 -0.55 1.1493E-10
1.0000E+04 -0.55 7.5746E-11
1.0000E-01 -0.65 1.1832E+04
1.1220E-01 -0.65 1.0497E+04
1.2589E-01 -0.65 9.2375E+03
1.4125E-01 -0.65 8.0580E+03
1.5849E-01 -0.65 6.9503E+03
1.7783E-01 -0.65 5.9376E+03
1.9953E-01 -0.65 4.9949E+03
2.2387E-01 -0.65 4.1335E+03
2.5119E-01 -0.65 3.3805E+03
2.8184E-01 -0.65 2.7516E+03
3.1623E-01 -0.65 2.2244E+03
3.5481E-01 -0.65 1.7720E+03
3.9811E-01 -0.65 1.3980E+03
4.4668E-01 -0.65 1.0917E+03
5.0119E-01 -0.65 8.4613E+02
5.6234E-01 -0.65 6.5083E+02
6.3096E-01 -0.65 5.0101E+02
7.0795E-01 -0.65 3.8091E+02
7.9433E-01 -0.65 2.8497E+02
8.9125E-01 -0.65 2.1464E+02
1.0000E+00 -0.65 1.6190E+02
1.1220E+00 -0.65 1.2143E+02
1.2589E+00 -0.65 9.0173E+01
1.4125E+00 -0.65 6.6843E+01
1.5849E+00 -0.65 4.9595E+01
1.7783E+00 -0.65 3.6594E+01
1.9953E+00 -0.65 2.6917E+01
2.2387E+00 -0.65 1.9599E+01
2.5119E+00 -0.65 1.4428E+01
2.8184E+00 -0.65 1.0609E+01
3.1623E+00 -0.65 7.6622E+00
3.5481E+00 -0.65 5.5302E+00
3.9811E+00 -0.65 3.9973E+00
4.4668E+00 -0.65 2.8853E+00
5.0119E+00 -0.65 2.0750E+00
5.6234E+00 -0.65 1.5007E+00
6.3096E+00 -0.65 1.0735E+00
7.0795E+00 -0.65 7.6451E-01
7.9433E+00 -0.65 5.5233E-01
8.9125E+00 -0.65 3.9744E-01
1.0000E+01 -0.65 2.8012E-01
1.1220E+01 -0.65 2.0018E-01
1.2589E+01 -0.65 1.4267E-01
1.4125E+01 -0.65 1.0189E-01
1.5849E+01 -0.65 7.3216E-02
1.7783E+01 -0.65 5.1501E-02
1.9953E+01 -0.65 3.6642E-02
2.2387E+01 -0.65 2.6303E-02
2.5119E+01 -0.65 1.8666E-02
2.8184E+01 -0.65 1.3112E-02
3.1623E+01 -0.65 9.3915E-03
3.5481E+01 -0.65 6.6652E-03
3.9811E+01 -0.65 4.7278E-03
4.4668E+01 -0.65 3.3440E-03
5.0119E+01 -0.65 2.3652E-03
5.6234E+01 -0.65 1.6692E-03
6.3096E+01 -0.65 1.1776E-03
7.0795E+01 -0.65 8.3232E-04
7.9433E+01 -0.65 5.8371E-04
8.9125E+01 -0.65 4.0943E-04
1.0000E+02 -0.65 2.8893E-04
1.1220E+02 -0.65 2.0277E-04
1.2589E+02 -0.65 1.4210E-04
1.4125E+02 -0.65 9.9579E-05
1.5849E+02 -0.65 6.9430E-05
1.7783E+02 -0.65 4.8697E-05
1.9953E+02 -0.65 3.4203E-05
2.2387E+02 -0.65 2.3910E-05
2.5119E+02 -0.65 1.6689E-05
2.8184E+02 -0.65 1.1538E-05
3.1623E+02 -0.65 8.0285E-06
3.5481E+02 -0.65 5.5728E-06
3.9811E+02 -0.65 3.8788E-06
4.4668E+02 -0.65 2.6925E-06
5.0119E+02 -0.65 1.8629E-06
5.6234E+02 -0.65 1.3035E-06
6.3096E+02 -0.65 8.9522E-07
7.0795E+02 -0.65 6.1502E-07
7.9433E+02 -0.65 4.2664E-07
8.9125E+02 -0.65 2.9474E-07
1.0000E+03 -0.65 2.0246E-07
1.1220E+03 -0.65 1.3763E-07
1.2589E+03 -0.65 9.4352E-08
1.4125E+03 -0.65 6.3550E-08
1.5849E+03 -0.65 4.3101E-08
1.7783E+03 -0.65 2.9417E-08
1.9953E+03 -0.65 1.9799E-08
2.2387E+03 -0.65 1.3246E-08
2.5119E+03 -0.65 8.9307E-09
2.8184E+03 -0.65 6.0398E-09
3.1623E+03 -0.65 4.1046E-09
3.5481E+03 -0.65 2.6994E-09
3.9811E+03 -0.65 1.8106E-09
4.4668E+03 -0.65 1.2010E-09
5.0119E+03 -0.65 7.9752E-10
5.6234E+03 -0.65 5.2887E-10
6.3096E+03 -0.65 3.4498E-10
7.0795E+03 -0.65 2.2749E-10
7.9433E+03 -0.65 1.5109E-10
8.9125E+03 -0.65 1.0084E-10
1.0000E+04 -0.65 6.6291E-11
1.0000E-01 -0.75 1.2883E+04
1.1220E-01 -0.75 1.1433E+04
1.2589E-01 -0.75 1.0063E+04
1.4125E-01 -0.75 8.7811E+03
1.5849E-01 -0.75 7.5583E+03
1.7783E-01 -0.75 6.4084E+03
1.9953E-01 -0.75 5.3734E+03
2.2387E-01 -0.75 4.4465E+03
2.5119E-01 -0.75 3.6278E+03
2.8184E-01 -0.75 2.9255E+03
3.1623E-01 -0.75 2.3262E+03
3.5481E-01 -0.75 1.8298E+03
3.9811E-01 -0.75 1.4358E+03
4.4668E-01 -0.75 1.1143E+03
5.0119E-01 -0.75 8.5467E+02
5.6234E-01 -0.75 6.5134E+02
6.3096E-01 -0.75 4.9416E+02
7.0795E-01 -0.75 3.7470E+02
7.9433E-01 -0.75 2.8176E+02
8.9125E-01 -0.75 2.1057E+02
1.0000E+00 -0.75 1.5808E+02
1.1220E+00 -0.75 1.1804E+02
1.2589E+00 -0.75 8.8023E+01
1.4125E+00 -0.75 6.5204E+01
1.5849E+00 -0.75 4.8206E+01
1.7783E+00 -0.75 3.5607E+01
1.9953E+00 -0.75 2.6063E+01
2.2387E+00 -0.75 1.9094E+01
2.5119E+00 -0.75 1.4001E+01
2.8184E+00 -0.75 1.0104E+01
3.1623E+00 -0.75 7.3445E+00
3.5481E+00 -0.75 5.3296E+00
3.9811E+00 -0.75 3.8574E+00
4.4668E+00 -0.75 2.7875E+00
5.0119E+00 -0.75 2.0172E+00
5.6234E+00 -0.75 1.4505E+00
6.3096E+00 -0.75 1.0343E+00
7.0795E+00 -0.75 7.3505E-01
7.9433E+00 -0.75 5.2999E-01
8.9125E+00 -0.75 3.8175E-01
1.0000E+01 -0.75 2.7152E-01
1.1220E+01 -0.75 1.9359E-01
1.2589E+01 -0.75 1.3791E-01
1.4125E+01 -0.75 9.8456E-02
1.5849E+01 -0.75 6.9817E-02
1.7783E+01 -0.75 4.9955E-02
1.9953E+01 -0.75 3.5690E-02
2.2387E+01 -0.75 2.5100E-02
2.5119E+01 -0.75 1.7835E-02
2.8184E+01 -0.75 1.2701E-02
3.1623E+01 -0.75 9.0165E-03
3.5481E+01 -0.75 6.3843E-03
3.9811E+01 -0.75 4.5073E-03
4.4668E+01 -0.75 3.1862E-03
5.0119E+01 -0.75 2.2439E-03
5.6234E+01 -0.75 1.5823E-03
6.3096E+01 -0.75 1.1184E-03
7.0795E+01 -0.75 7.8213E-04
7.9433E+01 -0.75 5.4708E-04
8.9125E+01 -0.75 3.8506E-04
1.0000E+02 -0.75 2.7356E-04
1.1220E+02 -0.75 1.9114E-04
1.2589E+02 -0.75 1.3402E-04
1.4125E+02 -0.75 9.3486E-05
1.5849E+02 -0.75 6.5411E-05
1.7783E+02 -0.75 4.5801E-05
1.9953E+02 -0.75 3.1949E-05
2.2387E+02 -0.75 2.2317E-05
2.5119E+02 -0.75 1.5574E-05
2.8184E+02 -0.75 1.0794E-05
3.1623E+02 -0.75 7.5084E-06
3.5481E+02 -0.75 5.1979E-06
3.9811E+02 -0.75 3.6191E-06
4.4668E+02 -0.75 2.5208E-06
5.0119E+02 -0.75 1.7296E-06
5.6234E+02 -0.75 1.2054E-06
6.3096E+02 -0.75 8.3056E-07
7.0795E+02 -0.75 5.7079E-07
7.9433E+02 -0.75 3.9081E-07
8.9125E+02 -0.75 2.6855E-07
1.0000E+03 -0.75 1.8464E-07
1.1220E+03 -0.75 1.2451E-07
1.2589E+03 -0.75 8.5239E-08
1.4125E+03 -0.75 5.7780E-08
1.5849E+03 -0.75 3.8969E-08
1.7783E+03 -0.75 2.6496E-08
1.9953E+03 -0.75 1.7775E-08
2.2387E+03 -0.75 1.1900E-08
2.5119E+03 -0.75 7.9962E-09
2.8184E+03 -0.75 5.3463E-09
3.1623E+03 -0.75 3.6725E-09
3.5481E+03 -0.75 2.3629E-09
3.9811E+03 -0.75 1.5790E-09
4.4668E+03 -0.75 1.0608E-09
5.0119E+03 -0.75 6.9904E-10
5.6234E+03 -0.75 4.5525E-10
6.3096E+03 -0.75 3.0454E-10
7.0795E+03 -0.75 1.9805E-10
7.9433E+03 -0.75 1.3220E-10
8.9125E+03 -0.75 8.8080E-11
1.0000E+04 -0.75 5.7798E-11
1.0000E-01 -0.85 1.2511E+04
1.1220E-01 -0.85 1.1153E+04
1.2589E-01 -0.85 9.8597E+03
1.4125E-01 -0.85 8.6045E+03
1.5849E-01 -0.85 7.4262E+03
1.7783E-01 -0.85 6.3222E+03
1.9953E-01 -0.85 5.3134E+03
2.2387E-01 -0.85 4.4002E+03
2.5119E-01 -0.85 3.5827E+03
2.8184E-01 -0.85 2.8724E+03
3.1623E-01 -0.85 2.2904E+03
3.5481E-01 -0.85 1.8094E+03
3.9811E-01 -0.85 1.4116E+03
4.4668E-01 -0.85 1.0892E+03
5.0119E-01 -0.85 8.3495E+02
5.6234E-01 -0.85 6.3954E+02
6.3096E-01 -0.85 4.8400E+02
7.0795E-01 -0.85 3.6373E+02
7.9433E-01 -0.85 2.7344E+02
8.9125E-01 -0.85 2.0357E+02
1.0000E+00 -0.85 1.5252E+02
1.1220E+00 -0.85 1.1364E+02
1.2589E+00 -0.85 8.4755E+01
1.4125E+00 -0.85 6.2900E+01
1.5849E+00 -0.85 4.6313E+01
1.7783E+00 -0.85 3.4144E+01
1.9953E+00 -0.85 2.5027E+01
2.2387E+00 -0.85 1.8441E+01
2.5119E+00 -0.85 1.3401E+01
2.8184E+00 -0.85 9.7936E+00
3.1623E+00 -0.85 7.1156E+00
3.5481E+00 -0.85 5.1582E+00
3.9811E+00 -0.85 3.7129E+00
4.4668E+00 -0.85 2.6648E+00
5.0119E+00 -0.85 1.9216E+00
5.6234E+00 -0.85 1.3943E+00
6.3096E+00 -0.85 1.0080E+00
7.0795E+00 -0.85 7.1948E-01
7.9433E+00 -0.85 5.0874E-01
8.9125E+00 -0.85 3.6219E-01
1.0000E+01 -0.85 2.6235E-01
1.1220E+01 -0.85 1.8706E-01
1.2589E+01 -0.85 1.3264E-01
1.4125E+01 -0.85 9.4420E-02
1.5849E+01 -0.85 6.8192E-02
1.7783E+01 -0.85 4.8589E-02
1.9953E+01 -0.85 3.4032E-02
2.2387E+01 -0.85 2.4106E-02
2.5119E+01 -0.85 1.7344E-02
2.8184E+01 -0.85 1.2370E-02
3.1623E+01 -0.85 8.5809E-03
3.5481E+01 -0.85 6.0774E-03
3.9811E+01 -0.85 4.3039E-03
4.4668E+01 -0.85 3.0209E-03
5.0119E+01 -0.85 2.1372E-03
5.6234E+01 -0.85 1.5098E-03
6.3096E+01 -0.85 1.0638E-03
7.0795E+01 -0.85 7.4561E-04
7.9433E+01 -0.85 5.1912E-04
8.9125E+01 -0.85 3.6367E-04
1.0000E+02 -0.85 2.5702E-04
1.1220E+02 -0.85 1.7993E-04
1.2589E+02 -0.85 1.2625E-04
1.4125E+02 -0.85 8.8461E-05
1.5849E+02 -0.85 6.1866E-05
1.7783E+02 -0.85 4.2770E-05
1.9953E+02 -0.85 2.9608E-05
2.2387E+02 -0.85 2.0854E-05
2.5119E+02 -0.85 1.4598E-05
2.8184E+02 -0.85 1.0075E-05
3.1623E+02 -0.85 7.0316E-06
3.5481E+02 -0.85 4.8502E-06
3.9811E+02 -0.85 3.3653E-06
4.4668E+02 -0.85 2.3168E-06
5.0119E+02 -0.85 1.5999E-06
5.6234E+02 -0.85 1.1173E-06
6.3096E+02 -0.85 7.6300E-07
7.0795E+02 -0.85 5.2360E-07
7.9433E+02 -0.85 3.5926E-07
8.9125E+02 -0.85 2.4659E-07
1.0000E+03 -0.85 1.6940E-07
1.1220E+03 -0.85 1.1442E-07
1.2589E+03 -0.85 7.7187E-08
1.4125E+03 -0.85 5.1935E-08
1.5849E+03 -0.85 3.5193E-08
1.7783E+03 -0.85 2.3789E-08
1.9953E+03 -0.85 1.6130E-08
2.2387E+03 -0.85 1.0797E-08
2.5119E+03 -0.85 7.2324E-09
2.8184E+03 -0.85 4.8142E-09
3.1623E+03 -0.85 3.2724E-09
3.5481E+03 -0.85 2.1057E-09
3.9811E+03 -0.85 1.4150E-09
4.4668E+03 -0.85 9.5225E-10
5.0119E+03 -0.85 6.3267E-10
5.6234E+03 -0.85 4.1878E-10
6.3096E+03 -0.85 2.7108E-10
7.0795E+03 -0.85 1.7755E-10
7.9433E+03 -0.85 1.1810E-10
8.9125E+03 -0.85 7.7399E-11
1.0000E+04 -0.85 5.0857E-11
1.0000E-01 -0.95 1.0995E+04
1.1220E-01 -0.95 9.9021E+03
1.2589E-01 -0.95 8.8293E+03
1.4125E-01 -0.95 7.7838E+03
1.5849E-01 -0.95 6.7797E+03
1.7783E-01 -0.95 5.8123E+03
1.9953E-01 -0.95 4.9011E+03
2.2387E-01 -0.95 4.0746E+03
2.5119E-01 -0.95 3.3479E+03
2.8184E-01 -0.95 2.7063E+03
3.1623E-01 -0.95 2.1677E+03
3.5481E-01 -0.95 1.7251E+03
3.9811E-01 -0.95 1.3490E+03
4.4668E-01 -0.95 1.0457E+03
5.0119E-01 -0.95 8.0850E+02
5.6234E-01 -0.95 6.1846E+02
6.3096E-01 -0.95 4.7025E+02
7.0795E-01 -0.95 3.5580E+02
7.9433E-01 -0.95 2.6612E+02
8.9125E-01 -0.95 1.9914E+02
1.0000E+00 -0.95 1.4875E+02
1.1220E+00 -0.95 1.1074E+02
1.2589E+00 -0.95 8.2756E+01
1.4125E+00 -0.95 6.1570E+01
1.5849E+00 -0.95 4.5415E+01
1.7783E+00 -0.95 3.3570E+01
1.9953E+00 -0.95 2.4687E+01
2.2387E+00 -0.95 1.7933E+01
2.5119E+00 -0.95 1.3033E+01
2.8184E+00 -0.95 9.5160E+00
3.1623E+00 -0.95 6.9516E+00
3.5481E+00 -0.95 5.0504E+00
3.9811E+00 -0.95 3.6474E+00
4.4668E+00 -0.95 2.6339E+00
5.0119E+00 -0.95 1.8932E+00
5.6234E+00 -0.95 1.3591E+00
6.3096E+00 -0.95 9.7455E-01
7.0795E+00 -0.95 7.0051E-01
7.9433E+00 -0.95 5.0217E-01
8.9125E+00 -0.95 3.5598E-01
1.0000E+01 -0.95 2.5584E-01
1.1220E+01 -0.95 1.8246E-01
1.2589E+01 -0.95 1.3002E-01
1.4125E+01 -0.95 9.2304E-02
1.5849E+01 -0.95 6.5436E-02
1.7783E+01 -0.95 4.6713E-02
1.9953E+01 -0.95 3.3166E-02
2.2387E+01 -0.95 2.3440E-02
2.5119E+01 -0.95 1.6592E-02
2.8184E+01 -0.95 1.1828E-02
3.1623E+01 -0.95 8.3230E-03
3.5481E+01 -0.95 5.8792E-03
3.9811E+01 -0.95 4.1523E-03
4.4668E+01 -0.95 2.9197E-03
5.0119E+01 -0.95 2.0558E-03
5.6234E+01 -0.95 1.4506E-03
6.3096E+01 -0.95 1.0178E-03
7.0795E+01 -0.95 7.1488E-04
7.9433E+01 -0.95 5.0260E-04
8.9125E+01 -0.95 3.5057E-04
1.0000E+02 -0.95 2.4717E-04
1.1220E+02 -0.95 1.7230E-04
1.2589E+02 -0.95 1.2017E-04
1.4125E+02 -0.95 8.4301E-05
1.5849E+02 -0.95 5.8803E-05
1.7783E+02 -0.95 4.1000E-05
1.9953E+02 -0.95 2.8485E-05
2.2387E+02 -0.95 1.9948E-05
2.5119E+02 -0.95 1.3875E-05
2.8184E+02 -0.95 9.5329E-06
3.1623E+02 -0.95 6.6773E-06
3.5481E+02 -0.95 4.6006E-06
3.9811E+02 -0.95 3.1680E-06
4.4668E+02 -0.95 2.1902E-06
5.0119E+02 -0.95 1.5140E-06
5.6234E+02 -0.95 1.0578E-06
6.3096E+02 -0.95 7.1914E-07
7.0795E+02 -0.95 4.9307E-07
7.9433E+02 -0.95 3.3777E-07
8.9125E+02 -0.95 2.2897E-07
1.0000E+03 -0.95 1.5717E-07
1.1220E+03 -0.95 1.0616E-07
1.2589E+03 -0.95 7.1583E-08
1.4125E+03 -0.95 4.8152E-08
1.5849E+03 -0.95 3.2559E-08
1.7783E+03 -0.95 2.1828E-08
1.9953E+03 -0.95 1.4699E-08
2.2387E+03 -0.95 9.7615E-09
2.5119E+03 -0.95 6.5193E-09
2.8184E+03 -0.95 4.4032E-09
3.1623E+03 -0.95 3.0141E-09
3.5481E+03 -0.95 1.9388E-09
3.9811E+03 -0.95 1.2763E-09
4.4668E+03 -0.95 8.3207E-10
5.0119E+03 -0.95 5.5825E-10
5.6234E+03 -0.95 3.7466E-10
6.3096E+03 -0.95 2.4455E-10
7.0795E+03 -0.95 1.6037E-10
7.9433E+03 -0.95 1.0497E-10
8.9125E+03 -0.95 6.8373E-11
1.0000E+04 -0.95 4.4474E-11
