1.0000E-01 0.95 4.8465E+03
1.1220E-01 0.95 4.3450E+03
1.2589E-01 0.95 3.8488E+03
1.4125E-01 0.95 3.3665E+03
1.5849E-01 0.95 2.9145E+03
1.7783E-01 0.95 2.4964E+03
1.9953E-01 0.95 2.1123E+03
2.2387E-01 0.95 1.7641E+03
2.5119E-01 0.95 1.4557E+03
2.8184E-01 0.95 1.1833E+03
3.1623E-01 0.95 9.5084E+02
3.5481E-01 0.95 7.5620E+02
3.9811E-01 0.95 5.9295E+02
4.4668E-01 0.95 4.5935E+02
5.0119E-01 0.95 3.5209E+02
5.6234E-01 0.95 2.6748E+02
6.3096E-01 0.95 2.0125E+02
7.0795E-01 0.95 1.5021E+02
7.9433E-01 0.95 1.1134E+02
8.9125E-01 0.95 8.1912E+01
1.0000E+00 0.95 5.9753E+01
1.1220E+00 0.95 4.3438E+01
1.2589E+00 0.95 3.1334E+01
1.4125E+00 0.95 2.2502E+01
1.5849E+00 0.95 1.6082E+01
1.7783E+00 0.95 1.1444E+01
1.9953E+00 0.95 8.1045E+00
2.2387E+00 0.95 5.6997E+00
2.5119E+00 0.95 3.9810E+00
2.8184E+00 0.95 2.7682E+00
3.1623E+00 0.95 1.9111E+00
3.5481E+00 0.95 1.3122E+00
3.9811E+00 0.95 8.9711E-01
4.4668E+00 0.95 6.1115E-01
5.0119E+00 0.95 4.1590E-01
5.6234E+00 0.95 2.8186E-01
6.3096E+00 0.95 1.8978E-01
7.0795E+00 0.95 1.2756E-01
7.9433E+00 0.95 8.5328E-02
8.9125E+00 0.95 5.6836E-02
1.0000E+01 0.95 3.8269E-02
1.1220E+01 0.95 2.5576E-02
1.2589E+01 0.95 1.6987E-02
1.4125E+01 0.95 1.1251E-02
1.5849E+01 0.95 7.4967E-03
1.7783E+01 0.95 4.9738E-03
1.9953E+01 0.95 3.3007E-03
2.2387E+01 0.95 2.2034E-03
2.5119E+01 0.95 1.4659E-03
2.8184E+01 0.95 9.7890E-04
3.1623E+01 0.95 6.6537E-04
3.5481E+01 0.95 4.4711E-04
3.9811E+01 0.95 3.0027E-04
4.4668E+01 0.95 2.0126E-04
5.0119E+01 0.95 1.3576E-04
5.6234E+01 0.95 9.1674E-05
6.3096E+01 0.95 6.1946E-05
7.0795E+01 0.95 4.1981E-05
7.9433E+01 0.95 2.8619E-05
8.9125E+01 0.95 1.9550E-05
1.0000E+02 0.95 1.3177E-05
1.1220E+02 0.95 8.9255E-06
1.2589E+02 0.95 6.0575E-06
1.4125E+02 0.95 4.1100E-06
1.5849E+02 0.95 2.8018E-06
1.7783E+02 0.95 1.9161E-06
1.9953E+02 0.95 1.3065E-06
2.2387E+02 0.95 8.9173E-07
2.5119E+02 0.95 6.0568E-07
2.8184E+02 0.95 4.0808E-07
3.1623E+02 0.95 2.7665E-07
3.5481E+02 0.95 1.8721E-07
3.9811E+02 0.95 1.2626E-07
4.4668E+02 0.95 8.5795E-08
5.0119E+02 0.95 5.7850E-08
5.6234E+02 0.95 3.8670E-08
6.3096E+02 0.95 2.6049E-08
7.0795E+02 0.95 1.7484E-08
7.9433E+02 0.95 1.1787E-08
8.9125E+02 0.95 7.8606E-09
1.0000E+03 0.95 5.2478E-09
1.1220E+03 0.95 3.4822E-09
1.2589E+03 0.95 2.3057E-09
1.4125E+03 0.95 1.5558E-09
1.5849E+03 0.95 1.0435E-09
1.7783E+03 0.95 6.8047E-10
1.9953E+03 0.95 4.5401E-10
2.2387E+03 0.95 3.0198E-10
2.5119E+03 0.95 2.0228E-10
2.8184E+03 0.95 1.3407E-10
3.1623E+03 0.95 8.5752E-11
3.5481E+03 0.95 5.5724E-11
3.9811E+03 0.95 3.7172E-11
4.4668E+03 0.95 2.4498E-11
5.0119E+03 0.95 1.6019E-11
5.6234E+03 0.95 1.0290E-11
6.3096E+03 0.95 6.9013E-12
7.0795E+03 0.95 4.4149E-12
7.9433E+03 0.95 2.8406E-12
8.9125E+03 0.95 1.8922E-12
1.0000E+04 0.95 1.2741E-12
1.0000E-01 0.85 5.0028E+03
1.1220E-01 0.85 4.4771E+03
1.2589E-01 0.85 3.9558E+03
1.4125E-01 0.85 3.4584E+03
1.5849E-01 0.85 2.9928E+03
1.7783E-01 0.85 2.5644E+03
1.9953E-01 0.85 2.1738E+03
2.2387E-01 0.85 1.8186E+03
2.5119E-01 0.85 1.5024E+03
2.8184E-01 0.85 1.2256E+03
3.1623E-01 0.85 9.8773E+02
3.5481E-01 0.85 7.8723E+02
3.9811E-01 0.85 6.1924E+02
4.4668E-01 0.85 4.8112E+02
5.0119E-01 0.85 3.7089E+02
5.6234E-01 0.85 2.8291E+02
6.3096E-01 0.85 2.1371E+02
7.0795E-01 0.85 1.6000E+02
7.9433E-01 0.85 1.1890E+02
8.9125E-01 0.85 8.7827E+01
1.0000E+00 0.85 6.4419E+01
1.1220E+00 0.85 4.6932E+01
1.2589E+00 0.85 3.3963E+01
1.4125E+00 0.85 2.4463E+01
1.5849E+00 0.85 1.7564E+01
1.7783E+00 0.85 1.2514E+01
1.9953E+00 0.85 8.8827E+00
2.2387E+00 0.85 6.2705E+00
2.5119E+00 0.85 4.3862E+00
2.8184E+00 0.85 3.0602E+00
3.1623E+00 0.85 2.1197E+00
3.5481E+00 0.85 1.4642E+00
3.9811E+00 0.85 1.0062E+00
4.4668E+00 0.85 6.8557E-01
5.0119E+00 0.85 4.6435E-01
5.6234E+00 0.85 3.1486E-01
6.3096E+00 0.85 2.1251E-01
7.0795E+00 0.85 1.4301E-01
7.9433E+00 0.85 9.6407E-02
8.9125E+00 0.85 6.4795E-02
1.0000E+01 0.85 4.3180E-02
1.1220E+01 0.85 2.8839E-02
1.2589E+01 0.85 1.9246E-02
1.4125E+01 0.85 1.2860E-02
1.5849E+01 0.85 8.5075E-03
1.7783E+01 0.85 5.6326E-03
1.9953E+01 0.85 3.7772E-03
2.2387E+01 0.85 2.5113E-03
2.5119E+01 0.85 1.6648E-03
2.8184E+01 0.85 1.1171E-03
3.1623E+01 0.85 7.4592E-04
3.5481E+01 0.85 5.0019E-04
3.9811E+01 0.85 3.3506E-04
4.4668E+01 0.85 2.2473E-04
5.0119E+01 0.85 1.5093E-04
5.6234E+01 0.85 1.0153E-04
6.3096E+01 0.85 6.8447E-05
7.0795E+01 0.85 4.5758E-05
7.9433E+01 0.85 3.0999E-05
8.9125E+01 0.85 2.1256E-05
1.0000E+02 0.85 1.4329E-05
1.1220E+02 0.85 9.7326E-06
1.2589E+02 0.85 6.6324E-06
1.4125E+02 0.85 4.5024E-06
1.5849E+02 0.85 3.0632E-06
1.7783E+02 0.85 2.0708E-06
1.9953E+02 0.85 1.3987E-06
2.2387E+02 0.85 9.5257E-07
2.5119E+02 0.85 6.4738E-07
2.8184E+02 0.85 4.4045E-07
3.1623E+02 0.85 3.0212E-07
3.5481E+02 0.85 2.0483E-07
3.9811E+02 0.85 1.3822E-07
4.4668E+02 0.85 9.2965E-08
5.0119E+02 0.85 6.2631E-08
5.6234E+02 0.85 4.2163E-08
6.3096E+02 0.85 2.8562E-08
7.0795E+02 0.85 1.9334E-08
7.9433E+02 0.85 1.2876E-08
8.9125E+02 0.85 8.4671E-09
1.0000E+03 0.85 5.7504E-09
1.1220E+03 0.85 3.8838E-09
1.2589E+03 0.85 2.5825E-09
1.4125E+03 0.85 1.7129E-09
1.5849E+03 0.85 1.1329E-09
1.7783E+03 0.85 7.3740E-10
1.9953E+03 0.85 4.9885E-10
2.2387E+03 0.85 3.3598E-10
2.5119E+03 0.85 2.2197E-10
2.8184E+03 0.85 1.4365E-10
3.1623E+03 0.85 9.5253E-11
3.5481E+03 0.85 6.3204E-11
3.9811E+03 0.85 4.1682E-11
4.4668E+03 0.85 2.7446E-11
5.0119E+03 0.85 1.8080E-11
5.6234E+03 0.85 1.1823E-11
6.3096E+03 0.85 7.5908E-12
7.0795E+03 0.85 4.9310E-12
7.9433E+03 0.85 3.1973E-12
8.9125E+03 0.85 2.1168E-12
1.0000E+04 0.85 1.4040E-12
1.0000E-01 0.75 5.1928E+03
1.1220E-01 0.75 4.6283E+03
1.2589E-01 0.75 4.0863E+03
1.4125E-01 0.75 3.5686E+03
1.5849E-01 0.75 3.0825E+03
1.7783E-01 0.75 2.6390E+03
1.9953E-01 0.75 2.2396E+03
2.2387E-01 0.75 1.8776E+03
2.5119E-01 0.75 1.5510E+03
2.8184E-01 0.75 1.2670E+03
3.1623E-01 0.75 1.0233E+03
3.5481E-01 0.75 8.1614E+02
3.9811E-01 0.75 6.4455E+02
4.4668E-01 0.75 5.0402E+02
5.0119E-01 0.75 3.8952E+02
5.6234E-01 0.75 2.9847E+02
6.3096E-01 0.75 2.2655E+02
7.0795E-01 0.75 1.7015E+02
7.9433E-01 0.75 1.2687E+02
8.9125E-01 0.75 9.3980E+01
1.0000E+00 0.75 6.9412E+01
1.1220E+00 0.75 5.0656E+01
1.2589E+00 0.75 3.6806E+01
1.4125E+00 0.75 2.6638E+01
1.5849E+00 0.75 1.9210E+01
1.7783E+00 0.75 1.3779E+01
1.9953E+00 0.75 9.8184E+00
2.2387E+00 0.75 6.9625E+00
2.5119E+00 0.75 4.9084E+00
2.8184E+00 0.75 3.4386E+00
3.1623E+00 0.75 2.3766E+00
3.5481E+00 0.75 1.6409E+00
3.9811E+00 0.75 1.1306E+00
4.4668E+00 0.75 7.7399E-01
5.0119E+00 0.75 5.2691E-01
5.6234E+00 0.75 3.5780E-01
6.3096E+00 0.75 2.4279E-01
7.0795E+00 0.75 1.6340E-01
7.9433E+00 0.75 1.0983E-01
8.9125E+00 0.75 7.3689E-02
1.0000E+01 0.75 4.9334E-02
1.1220E+01 0.75 3.2856E-02
1.2589E+01 0.75 2.1883E-02
1.4125E+01 0.75 1.4628E-02
1.5849E+01 0.75 9.7315E-03
1.7783E+01 0.75 6.4713E-03
1.9953E+01 0.75 4.3072E-03
2.2387E+01 0.75 2.8931E-03
2.5119E+01 0.75 1.9414E-03
2.8184E+01 0.75 1.2851E-03
3.1623E+01 0.75 8.4889E-04
3.5481E+01 0.75 5.6708E-04
3.9811E+01 0.75 3.7843E-04
4.4668E+01 0.75 2.5302E-04
5.0119E+01 0.75 1.6960E-04
5.6234E+01 0.75 1.1437E-04
6.3096E+01 0.75 7.7024E-05
7.0795E+01 0.75 5.1554E-05
7.9433E+01 0.75 3.4988E-05
8.9125E+01 0.75 2.3460E-05
1.0000E+02 0.75 1.5891E-05
1.1220E+02 0.75 1.0791E-05
1.2589E+02 0.75 7.3258E-06
1.4125E+02 0.75 4.9533E-06
1.5849E+02 0.75 3.3495E-06
1.7783E+02 0.75 2.2712E-06
1.9953E+02 0.75 1.5391E-06
2.2387E+02 0.75 1.0352E-06
2.5119E+02 0.75 7.0247E-07
2.8184E+02 0.75 4.8583E-07
3.1623E+02 0.75 3.3043E-07
3.5481E+02 0.75 2.2336E-07
3.9811E+02 0.75 1.5066E-07
4.4668E+02 0.75 1.0211E-07
5.0119E+02 0.75 6.8468E-08
5.6234E+02 0.75 4.6454E-08
6.3096E+02 0.75 3.1372E-08
7.0795E+02 0.75 2.1046E-08
7.9433E+02 0.75 1.4225E-08
8.9125E+02 0.75 9.5909E-09
1.0000E+03 0.75 6.3719E-09
1.1220E+03 0.75 4.2564E-09
1.2589E+03 0.75 2.8455E-09
1.4125E+03 0.75 1.8866E-09
1.5849E+03 0.75 1.2530E-09
1.7783E+03 0.75 8.3809E-10
1.9953E+03 0.75 5.6380E-10
2.2387E+03 0.75 3.7389E-10
2.5119E+03 0.75 2.4237E-10
2.8184E+03 0.75 1.5883E-10
3.1623E+03 0.75 1.0658E-10
3.5481E+03 0.75 7.1004E-11
3.9811E+03 0.75 4.5770E-11
4.4668E+03 0.75 2.9719E-11
5.0119E+03 0.75 2.0341E-11
5.6234E+03 0.75 1.3393E-11
6.3096E+03 0.75 8.6608E-12
7.0795E+03 0.75 5.6623E-12
7.9433E+03 0.75 3.7823E-12
8.9125E+03 0.75 2.4578E-12
1.0000E+04 0.75 1.5915E-12
1.0000E-01 0.65 5.4600E+03
1.1220E-01 0.65 4.8496E+03
1.2589E-01 0.65 4.2588E+03
1.4125E-01 0.65 3.7055E+03
1.5849E-01 0.65 3.1951E+03
1.7783E-01 0.65 2.7308E+03
1.9953E-01 0.65 2.3093E+03
2.2387E-01 0.65 1.9342E+03
2.5119E-01 0.65 1.6018E+03
2.8184E-01 0.65 1.3084E+03
3.1623E-01 0.65 1.0594E+03
3.5481E-01 0.65 8.4764E+02
3.9811E-01 0.65 6.6980E+02
4.4668E-01 0.65 5.2489E+02
5.0119E-01 0.65 4.0738E+02
5.6234E-01 0.65 3.1383E+02
6.3096E-01 0.65 2.3906E+02
7.0795E-01 0.65 1.8073E+02
7.9433E-01 0.65 1.3556E+02
8.9125E-01 0.65 1.0082E+02
1.0000E+00 0.65 7.4623E+01
1.1220E+00 0.65 5.4958E+01
1.2589E+00 0.65 4.0267E+01
1.4125E+00 0.65 2.9242E+01
1.5849E+00 0.65 2.1078E+01
1.7783E+00 0.65 1.5147E+01
1.9953E+00 0.65 1.0862E+01
2.2387E+00 0.65 7.7421E+00
2.5119E+00 0.65 5.4624E+00
2.8184E+00 0.65 3.8185E+00
3.1623E+00 0.65 2.6840E+00
3.5481E+00 0.65 1.8647E+00
3.9811E+00 0.65 1.2845E+00
4.4668E+00 0.65 8.8333E-01
5.0119E+00 0.65 6.0372E-01
5.6234E+00 0.65 4.1004E-01
6.3096E+00 0.65 2.7859E-01
7.0795E+00 0.65 1.8884E-01
7.9433E+00 0.65 1.2676E-01
8.9125E+00 0.65 8.4405E-02
1.0000E+01 0.65 5.7289E-02
1.1220E+01 0.65 3.8252E-02
1.2589E+01 0.65 2.5581E-02
1.4125E+01 0.65 1.7040E-02
1.5849E+01 0.65 1.1326E-02
1.7783E+01 0.65 7.5391E-03
1.9953E+01 0.65 4.9886E-03
2.2387E+01 0.65 3.3289E-03
2.5119E+01 0.65 2.2319E-03
2.8184E+01 0.65 1.4823E-03
3.1623E+01 0.65 9.8690E-04
3.5481E+01 0.65 6.5575E-04
3.9811E+01 0.65 4.3801E-04
4.4668E+01 0.65 2.9378E-04
5.0119E+01 0.65 1.9651E-04
5.6234E+01 0.65 1.3086E-04
6.3096E+01 0.65 8.7890E-05
7.0795E+01 0.65 5.8981E-05
7.9433E+01 0.65 3.9208E-05
8.9125E+01 0.65 2.6339E-05
1.0000E+02 0.65 1.7955E-05
1.1220E+02 0.65 1.2111E-05
1.2589E+02 0.65 8.1570E-06
1.4125E+02 0.65 5.5279E-06
1.5849E+02 0.65 3.7528E-06
1.7783E+02 0.65 2.5328E-06
1.9953E+02 0.65 1.7049E-06
2.2387E+02 0.65 1.1604E-06
2.5119E+02 0.65 7.8870E-07
2.8184E+02 0.65 5.3416E-07
3.1623E+02 0.65 3.6459E-07
3.5481E+02 0.65 2.4635E-07
3.9811E+02 0.65 1.6736E-07
4.4668E+02 0.65 1.1340E-07
5.0119E+02 0.65 7.6276E-08
5.6234E+02 0.65 5.1452E-08
6.3096E+02 0.65 3.4591E-08
7.0795E+02 0.65 2.3333E-08
7.9433E+02 0.65 1.5901E-08
8.9125E+02 0.65 1.0736E-08
1.0000E+03 0.65 7.0790E-09
1.1220E+03 0.65 4.7850E-09
1.2589E+03 0.65 3.2107E-09
1.4125E+03 0.65 2.1284E-09
1.5849E+03 0.65 1.4176E-09
1.7783E+03 0.65 9.5649E-10
1.9953E+03 0.65 6.2562E-10
2.2387E+03 0.65 4.1484E-10
2.5119E+03 0.65 2.7173E-10
2.8184E+03 0.65 1.8153E-10
3.1623E+03 0.65 1.2032E-10
3.5481E+03 0.65 8.0527E-11
3.9811E+03 0.65 5.3801E-11
4.4668E+03 0.65 3.4611E-11
5.0119E+03 0.65 2.2619E-11
5.6234E+03 0.65 1.4837E-11
6.3096E+03 0.65 9.8425E-12
7.0795E+03 0.65 6.4229E-12
7.9433E+03 0.65 4.2701E-12
8.9125E+03 0.65 2.7745E-12
1.0000E+04 0.65 1.8037E-12
1.0000E-01 0.55 5.8168E+03
1.1220E-01 0.55 5.1456E+03
1.2589E-01 0.55 4.4946E+03
1.4125E-01 0.55 3.8896E+03
1.5849E-01 0.55 3.3446E+03
1.7783E-01 0.55 2.8465E+03
1.9953E-01 0.55 2.3995E+03
2.2387E-01 0.55 2.0073E+03
2.5119E-01 0.55 1.6603E+03
2.8184E-01 0.55 1.3573E+03
3.1623E-01 0.55 1.0985E+03
3.5481E-01 0.55 8.8000E+02
3.9811E-01 0.55 6.9636E+02
4.4668E-01 0.55 5.4704E+02
5.0119E-01 0.55 4.2625E+02
5.6234E-01 0.55 3.2858E+02
6.3096E-01 0.55 2.5232E+02
7.0795E-01 0.55 1.9203E+02
7.9433E-01 0.55 1.4451E+02
8.9125E-01 0.55 1.0816E+02
1.0000E+00 0.55 8.0611E+01
1.1220E+00 0.55 5.9372E+01
1.2589E+00 0.55 4.3652E+01
1.4125E+00 0.55 3.1988E+01
1.5849E+00 0.55 2.3300E+01
1.7783E+00 0.55 1.6863E+01
1.9953E+00 0.55 1.2157E+01
2.2387E+00 0.55 8.7053E+00
2.5119E+00 0.55 6.1668E+00
2.8184E+00 0.55 4.3241E+00
3.1623E+00 0.55 3.0426E+00
3.5481E+00 0.55 2.1240E+00
3.9811E+00 0.55 1.4743E+00
4.4668E+00 0.55 1.0190E+00
5.0119E+00 0.55 6.9755E-01
5.6234E+00 0.55 4.7776E-01
6.3096E+00 0.55 3.2740E-01
7.0795E+00 0.55 2.2157E-01
7.9433E+00 0.55 1.4977E-01
8.9125E+00 0.55 1.0116E-01
1.0000E+01 0.55 6.8054E-02
1.1220E+01 0.55 4.5464E-02
1.2589E+01 0.55 3.0379E-02
1.4125E+01 0.55 2.0299E-02
1.5849E+01 0.55 1.3515E-02
1.7783E+01 0.55 9.0710E-03
1.9953E+01 0.55 6.0421E-03
2.2387E+01 0.55 3.9993E-03
2.5119E+01 0.55 2.6622E-03
2.8184E+01 0.55 1.7521E-03
3.1623E+01 0.55 1.1783E-03
3.5481E+01 0.55 7.8323E-04
3.9811E+01 0.55 5.2083E-04
4.4668E+01 0.55 3.4640E-04
5.0119E+01 0.55 2.3148E-04
5.6234E+01 0.55 1.5474E-04
6.3096E+01 0.55 1.0321E-04
7.0795E+01 0.55 6.9276E-05
7.9433E+01 0.55 4.6522E-05
8.9125E+01 0.55 3.1058E-05
1.0000E+02 0.55 2.0842E-05
1.1220E+02 0.55 1.4014E-05
1.2589E+02 0.55 9.4155E-06
1.4125E+02 0.55 6.3485E-06
1.5849E+02 0.55 4.2874E-06
1.7783E+02 0.55 2.8971E-06
1.9953E+02 0.55 1.9593E-06
2.2387E+02 0.55 1.3351E-06
2.5119E+02 0.55 9.0337E-07
2.8184E+02 0.55 6.0567E-07
3.1623E+02 0.55 4.1165E-07
3.5481E+02 0.55 2.7900E-07
3.9811E+02 0.55 1.8919E-07
4.4668E+02 0.55 1.2739E-07
5.0119E+02 0.55 8.5956E-08
5.6234E+02 0.55 5.8662E-08
6.3096E+02 0.55 3.9639E-08
7.0795E+02 0.55 2.6608E-08
7.9433E+02 0.55 1.7859E-08
8.9125E+02 0.55 1.2057E-08
1.0000E+03 0.55 8.0623E-09
1.1220E+03 0.55 5.4595E-09
1.2589E+03 0.55 3.6742E-09
1.4125E+03 0.55 2.4699E-09
1.5849E+03 0.55 1.6482E-09
1.7783E+03 0.55 1.0773E-09
1.9953E+03 0.55 7.1761E-10
2.2387E+03 0.55 4.7926E-10
2.5119E+03 0.55 3.1630E-10
2.8184E+03 0.55 2.0980E-10
3.1623E+03 0.55 1.3924E-10
3.5481E+03 0.55 9.2468E-11
3.9811E+03 0.55 6.1370E-11
4.4668E+03 0.55 3.9613E-11
5.0119E+03 0.55 2.6237E-11
5.6234E+03 0.55 1.7341E-11
6.3096E+03 0.55 1.1497E-11
7.0795E+03 0.55 7.5286E-12
7.9433E+03 0.55 4.9071E-12
8.9125E+03 0.55 3.2181E-12
1.0000E+04 0.55 2.0983E-12
1.0000E-01 0.45 6.3693E+03
1.1220E-01 0.45 5.5894E+03
1.2589E-01 0.45 4.8485E+03
1.4125E-01 0.45 4.1661E+03
1.5849E-01 0.45 3.5600E+03
1.7783E-01 0.45 3.0154E+03
1.9953E-01 0.45 2.5278E+03
2.2387E-01 0.45 2.1042E+03
2.5119E-01 0.45 1.7367E+03
2.8184E-01 0.45 1.4200E+03
3.1623E-01 0.45 1.1469E+03
3.5481E-01 0.45 9.1642E+02
3.9811E-01 0.45 7.2633E+02
4.4668E-01 0.45 5.7107E+02
5.0119E-01 0.45 4.4556E+02
5.6234E-01 0.45 3.4558E+02
6.3096E-01 0.45 2.6585E+02
7.0795E-01 0.45 2.0325E+02
7.9433E-01 0.45 1.5393E+02
8.9125E-01 0.45 1.1548E+02
1.0000E+00 0.45 8.6606E+01
1.1220E+00 0.45 6.4388E+01
1.2589E+00 0.45 4.7618E+01
1.4125E+00 0.45 3.5077E+01
1.5849E+00 0.45 2.5712E+01
1.7783E+00 0.45 1.8716E+01
1.9953E+00 0.45 1.3572E+01
2.2387E+00 0.45 9.7942E+00
2.5119E+00 0.45 6.9875E+00
2.8184E+00 0.45 4.9820E+00
3.1623E+00 0.45 3.5051E+00
3.5481E+00 0.45 2.4624E+00
3.9811E+00 0.45 1.7199E+00
4.4668E+00 0.45 1.1902E+00
5.0119E+00 0.45 8.2384E-01
5.6234E+00 0.45 5.6692E-01
6.3096E+00 0.45 3.8785E-01
7.0795E+00 0.45 2.6455E-01
7.9433E+00 0.45 1.7974E-01
8.9125E+00 0.45 1.2153E-01
1.0000E+01 0.45 8.2241E-02
1.1220E+01 0.45 5.5433E-02
1.2589E+01 0.45 3.7365E-02
1.4125E+01 0.45 2.5062E-02
1.5849E+01 0.45 1.6672E-02
1.7783E+01 0.45 1.1126E-02
1.9953E+01 0.45 7.4454E-03
2.2387E+01 0.45 4.9719E-03
2.5119E+01 0.45 3.2827E-03
2.8184E+01 0.45 2.1813E-03
3.1623E+01 0.45 1.4590E-03
3.5481E+01 0.45 9.7045E-04
3.9811E+01 0.45 6.4610E-04
4.4668E+01 0.45 4.2996E-04
5.0119E+01 0.45 2.8596E-04
5.6234E+01 0.45 1.9019E-04
6.3096E+01 0.45 1.2662E-04
7.0795E+01 0.45 8.4226E-05
7.9433E+01 0.45 5.6008E-05
8.9125E+01 0.45 3.7651E-05
1.0000E+02 0.45 2.5116E-05
1.1220E+02 0.45 1.6797E-05
1.2589E+02 0.45 1.1245E-05
1.4125E+02 0.45 7.5387E-06
1.5849E+02 0.45 5.0669E-06
1.7783E+02 0.45 3.4124E-06
1.9953E+02 0.45 2.2906E-06
2.2387E+02 0.45 1.5510E-06
2.5119E+02 0.45 1.0489E-06
2.8184E+02 0.45 7.1166E-07
3.1623E+02 0.45 4.8148E-07
3.5481E+02 0.45 3.2321E-07
3.9811E+02 0.45 2.1791E-07
4.4668E+02 0.45 1.4818E-07
5.0119E+02 0.45 1.0059E-07
5.6234E+02 0.45 6.7999E-08
6.3096E+02 0.45 4.5816E-08
7.0795E+02 0.45 3.0778E-08
7.9433E+02 0.45 2.0772E-08
8.9125E+02 0.45 1.3968E-08
1.0000E+03 0.45 9.4340E-09
1.1220E+03 0.45 6.3747E-09
1.2589E+03 0.45 4.2837E-09
1.4125E+03 0.45 2.8387E-09
1.5849E+03 0.45 1.8915E-09
1.7783E+03 0.45 1.2722E-09
1.9953E+03 0.45 8.4313E-10
2.2387E+03 0.45 5.6333E-10
2.5119E+03 0.45 3.8318E-10
2.8184E+03 0.45 2.5158E-10
3.1623E+03 0.45 1.6587E-10
3.5481E+03 0.45 1.0927E-10
3.9811E+03 0.45 7.1976E-11
4.4668E+03 0.45 4.8237E-11
5.0119E+03 0.45 3.2089E-11
5.6234E+03 0.45 2.0932E-11
6.3096E+03 0.45 1.3730E-11
7.0795E+03 0.45 9.0772E-12
7.9433E+03 0.45 5.9291E-12
8.9125E+03 0.45 3.8972E-12
1.0000E+04 0.45 2.5053E-12
1.0000E-01 0.35 7.2471E+03
1.1220E-01 0.35 6.3100E+03
1.2589E-01 0.35 5.4348E+03
1.4125E-01 0.35 4.6434E+03
1.5849E-01 0.35 3.9259E+03
1.7783E-01 0.35 3.2935E+03
1.9953E-01 0.35 2.7449E+03
2.2387E-01 0.35 2.2722E+03
2.5119E-01 0.35 1.8648E+03
2.8184E-01 0.35 1.5103E+03
3.1623E-01 0.35 1.2139E+03
3.5481E-01 0.35 9.6861E+02
3.9811E-01 0.35 7.6314E+02
4.4668E-01 0.35 5.9893E+02
5.0119E-01 0.35 4.6834E+02
5.6234E-01 0.35 3.6284E+02
6.3096E-01 0.35 2.7922E+02
7.0795E-01 0.35 2.1368E+02
7.9433E-01 0.35 1.6317E+02
8.9125E-01 0.35 1.2346E+02
1.0000E+00 0.35 9.2493E+01
1.1220E+00 0.35 6.9260E+01
1.2589E+00 0.35 5.1637E+01
1.4125E+00 0.35 3.8254E+01
1.5849E+00 0.35 2.8248E+01
1.7783E+00 0.35 2.0776E+01
1.9953E+00 0.35 1.5181E+01
2.2387E+00 0.35 1.1033E+01
2.5119E+00 0.35 7.9782E+00
2.8184E+00 0.35 5.7285E+00
3.1623E+00 0.35 4.0567E+00
3.5481E+00 0.35 2.8698E+00
3.9811E+00 0.35 2.0170E+00
4.4668E+00 0.35 1.4151E+00
5.0119E+00 0.35 9.8693E-01
5.6234E+00 0.35 6.8211E-01
6.3096E+00 0.35 4.7103E-01
7.0795E+00 0.35 3.2534E-01
7.9433E+00 0.35 2.2239E-01
8.9125E+00 0.35 1.5072E-01
1.0000E+01 0.35 1.0280E-01
1.1220E+01 0.35 6.9593E-02
1.2589E+01 0.35 4.7155E-02
1.4125E+01 0.35 3.1941E-02
1.5849E+01 0.35 2.1423E-02
1.7783E+01 0.35 1.4303E-02
1.9953E+01 0.35 9.6069E-03
2.2387E+01 0.35 6.3961E-03
2.5119E+01 0.35 4.2655E-03
2.8184E+01 0.35 2.8730E-03
3.1623E+01 0.35 1.8955E-03
3.5481E+01 0.35 1.2628E-03
3.9811E+01 0.35 8.3849E-04
4.4668E+01 0.35 5.5801E-04
5.0119E+01 0.35 3.7114E-04
5.6234E+01 0.35 2.4671E-04
6.3096E+01 0.35 1.6420E-04
7.0795E+01 0.35 1.0901E-04
7.9433E+01 0.35 7.2323E-05
8.9125E+01 0.35 4.8049E-05
1.0000E+02 0.35 3.2018E-05
1.1220E+02 0.35 2.1340E-05
1.2589E+02 0.35 1.4282E-05
1.4125E+02 0.35 9.5202E-06
1.5849E+02 0.35 6.3597E-06
1.7783E+02 0.35 4.2652E-06
1.9953E+02 0.35 2.8509E-06
2.2387E+02 0.35 1.8986E-06
2.5119E+02 0.35 1.2888E-06
2.8184E+02 0.35 8.6471E-07
3.1623E+02 0.35 5.8091E-07
3.5481E+02 0.35 3.9106E-07
3.9811E+02 0.35 2.6527E-07
4.4668E+02 0.35 1.8017E-07
5.0119E+02 0.35 1.2084E-07
5.6234E+02 0.35 8.1653E-08
6.3096E+02 0.35 5.5155E-08
7.0795E+02 0.35 3.7121E-08
7.9433E+02 0.35 2.5129E-08
8.9125E+02 0.35 1.6993E-08
1.0000E+03 0.35 1.1351E-08
1.1220E+03 0.35 7.5980E-09
1.2589E+03 0.35 5.0853E-09
1.4125E+03 0.35 3.4642E-09
1.5849E+03 0.35 2.3434E-09
1.7783E+03 0.35 1.5498E-09
1.9953E+03 0.35 1.0403E-09
2.2387E+03 0.35 6.9357E-10
2.5119E+03 0.35 4.6318E-10
2.8184E+03 0.35 3.0375E-10
3.1623E+03 0.35 2.0292E-10
3.5481E+03 0.35 1.3651E-10
3.9811E+03 0.35 9.0769E-11
4.4668E+03 0.35 6.0494E-11
5.0119E+03 0.35 4.0113E-11
5.6234E+03 0.35 2.6208E-11
6.3096E+03 0.35 1.7282E-11
7.0795E+03 0.35 1.1354E-11
7.9433E+03 0.35 7.5472E-12
8.9125E+03 0.35 4.9580E-12
1.0000E+04 0.35 3.2142E-12
1.0000E-01 0.25 8.8683E+03
1.1220E-01 0.25 7.6553E+03
1.2589E-01 0.25 6.5192E+03
1.4125E-01 0.25 5.4950E+03
1.5849E-01 0.25 4.5994E+03
1.7783E-01 0.25 3.8177E+03
1.9953E-01 0.25 3.1491E+03
2.2387E-01 0.25 2.5784E+03
2.5119E-01 0.25 2.0916E+03
2.8184E-01 0.25 1.6809E+03
3.1623E-01 0.25 1.3383E+03
3.5481E-01 0.25 1.0589E+03
3.9811E-01 0.25 8.3131E+02
4.4668E-01 0.25 6.4764E+02
5.0119E-01 0.25 5.0189E+02
5.6234E-01 0.25 3.8769E+02
6.3096E-01 0.25 2.9703E+02
7.0795E-01 0.25 2.2662E+02
7.9433E-01 0.25 1.7239E+02
8.9125E-01 0.25 1.3020E+02
1.0000E+00 0.25 9.8784E+01
1.1220E+00 0.25 7.4338E+01
1.2589E+00 0.25 5.5658E+01
1.4125E+00 0.25 4.1657E+01
1.5849E+00 0.25 3.1071E+01
1.7783E+00 0.25 2.3021E+01
1.9953E+00 0.25 1.6975E+01
2.2387E+00 0.25 1.2398E+01
2.5119E+00 0.25 9.0390E+00
2.8184E+00 0.25 6.5698E+00
3.1623E+00 0.25 4.7348E+00
3.5481E+00 0.25 3.3794E+00
3.9811E+00 0.25 2.3984E+00
4.4668E+00 0.25 1.6975E+00
5.0119E+00 0.25 1.2023E+00
5.6234E+00 0.25 8.4025E-01
6.3096E+00 0.25 5.8689E-01
7.0795E+00 0.25 4.0766E-01
7.9433E+00 0.25 2.8160E-01
8.9125E+00 0.25 1.9437E-01
1.0000E+01 0.25 1.3311E-01
1.1220E+01 0.25 9.1181E-02
1.2589E+01 0.25 6.2217E-02
1.4125E+01 0.25 4.2452E-02
1.5849E+01 0.25 2.8841E-02
1.7783E+01 0.25 1.9307E-02
1.9953E+01 0.25 1.3038E-02
2.2387E+01 0.25 8.8389E-03
2.5119E+01 0.25 5.9375E-03
2.8184E+01 0.25 3.9719E-03
3.1623E+01 0.25 2.6468E-03
3.5481E+01 0.25 1.7662E-03
3.9811E+01 0.25 1.1779E-03
4.4668E+01 0.25 7.8470E-04
5.0119E+01 0.25 5.2252E-04
5.6234E+01 0.25 3.4711E-04
6.3096E+01 0.25 2.3052E-04
7.0795E+01 0.25 1.5346E-04
7.9433E+01 0.25 1.0238E-04
8.9125E+01 0.25 6.7590E-05
1.0000E+02 0.25 4.4804E-05
1.1220E+02 0.25 2.9753E-05
1.2589E+02 0.25 1.9732E-05
1.4125E+02 0.25 1.3081E-05
1.5849E+02 0.25 8.7213E-06
1.7783E+02 0.25 5.8153E-06
1.9953E+02 0.25 3.8767E-06
2.2387E+02 0.25 2.5801E-06
2.5119E+02 0.25 1.7243E-06
2.8184E+02 0.25 1.1463E-06
3.1623E+02 0.25 7.7018E-07
3.5481E+02 0.25 5.1620E-07
3.9811E+02 0.25 3.4551E-07
4.4668E+02 0.25 2.3177E-07
5.0119E+02 0.25 1.5568E-07
5.6234E+02 0.25 1.0511E-07
6.3096E+02 0.25 7.0789E-08
7.0795E+02 0.25 4.7537E-08
7.9433E+02 0.25 3.1901E-08
8.9125E+02 0.25 2.1501E-08
1.0000E+03 0.25 1.4601E-08
1.1220E+03 0.25 9.7995E-09
1.2589E+03 0.25 6.5914E-09
1.4125E+03 0.25 4.4314E-09
1.5849E+03 0.25 2.9872E-09
1.7783E+03 0.25 1.9911E-09
1.9953E+03 0.25 1.3378E-09
2.2387E+03 0.25 9.0409E-10
2.5119E+03 0.25 6.0195E-10
2.8184E+03 0.25 4.0192E-10
3.1623E+03 0.25 2.6445E-10
3.5481E+03 0.25 1.7627E-10
3.9811E+03 0.25 1.1664E-10
4.4668E+03 0.25 7.7586E-11
5.0119E+03 0.25 5.2275E-11
5.6234E+03 0.25 3.5168E-11
6.3096E+03 0.25 2.2893E-11
7.0795E+03 0.25 1.5138E-11
7.9433E+03 0.25 9.9660E-12
8.9125E+03 0.25 6.4996E-12
1.0000E+04 0.25 4.2883E-12
1.0000E-01 0.15 1.2357E+04
1.1220E-01 0.15 1.0539E+04
1.2589E-01 0.15 8.8666E+03
1.4125E-01 0.15 7.3744E+03
1.5849E-01 0.15 6.0821E+03
1.7783E-01 0.15 4.9869E+03
1.9953E-01 0.15 4.0637E+03
2.2387E-01 0.15 3.2745E+03
2.5119E-01 0.15 2.6176E+03
2.8184E-01 0.15 2.0754E+03
3.1623E-01 0.15 1.6285E+03
3.5481E-01 0.15 1.2681E+03
3.9811E-01 0.15 9.7980E+02
4.4668E-01 0.15 7.5284E+02
5.0119E-01 0.15 5.7315E+02
5.6234E-01 0.15 4.3801E+02
6.3096E-01 0.15 3.3275E+02
7.0795E-01 0.15 2.5123E+02
7.9433E-01 0.15 1.8993E+02
8.9125E-01 0.15 1.4234E+02
1.0000E+00 0.15 1.0742E+02
1.1220E+00 0.15 8.0543E+01
1.2589E+00 0.15 6.0467E+01
1.4125E+00 0.15 4.5191E+01
1.5849E+00 0.15 3.3579E+01
1.7783E+00 0.15 2.5034E+01
1.9953E+00 0.15 1.8606E+01
2.2387E+00 0.15 1.3690E+01
2.5119E+00 0.15 1.0081E+01
2.8184E+00 0.15 7.4173E+00
3.1623E+00 0.15 5.4230E+00
3.5481E+00 0.15 3.9433E+00
3.9811E+00 0.15 2.8429E+00
4.4668E+00 0.15 2.0384E+00
5.0119E+00 0.15 1.4605E+00
5.6234E+00 0.15 1.0431E+00
6.3096E+00 0.15 7.3928E-01
7.0795E+00 0.15 5.1873E-01
7.9433E+00 0.15 3.6410E-01
8.9125E+00 0.15 2.5529E-01
1.0000E+01 0.15 1.7923E-01
1.1220E+01 0.15 1.2376E-01
1.2589E+01 0.15 8.5409E-02
1.4125E+01 0.15 5.9207E-02
1.5849E+01 0.15 4.0630E-02
1.7783E+01 0.15 2.7730E-02
1.9953E+01 0.15 1.8939E-02
2.2387E+01 0.15 1.3015E-02
2.5119E+01 0.15 8.9307E-03
2.8184E+01 0.15 5.9631E-03
3.1623E+01 0.15 4.0582E-03
3.5481E+01 0.15 2.7355E-03
3.9811E+01 0.15 1.8414E-03
4.4668E+01 0.15 1.2338E-03
5.0119E+01 0.15 8.2713E-04
5.6234E+01 0.15 5.5428E-04
6.3096E+01 0.15 3.6877E-04
7.0795E+01 0.15 2.4571E-04
7.9433E+01 0.15 1.6385E-04
8.9125E+01 0.15 1.0872E-04
1.0000E+02 0.15 7.2443E-05
1.1220E+02 0.15 4.8085E-05
1.2589E+02 0.15 3.1813E-05
1.4125E+02 0.15 2.1032E-05
1.5849E+02 0.15 1.3931E-05
1.7783E+02 0.15 9.1973E-06
1.9953E+02 0.15 6.0867E-06
2.2387E+02 0.15 4.0401E-06
2.5119E+02 0.15 2.6839E-06
2.8184E+02 0.15 1.7825E-06
3.1623E+02 0.15 1.1785E-06
3.5481E+02 0.15 7.8135E-07
3.9811E+02 0.15 5.1980E-07
4.4668E+02 0.15 3.4642E-07
5.0119E+02 0.15 2.2969E-07
5.6234E+02 0.15 1.5344E-07
6.3096E+02 0.15 1.0271E-07
7.0795E+02 0.15 6.8874E-08
7.9433E+02 0.15 4.5997E-08
8.9125E+02 0.15 3.0691E-08
1.0000E+03 0.15 2.0515E-08
1.1220E+03 0.15 1.3699E-08
1.2589E+03 0.15 9.2023E-09
1.4125E+03 0.15 6.2085E-09
1.5849E+03 0.15 4.1468E-09
1.7783E+03 0.15 2.7808E-09
1.9953E+03 0.15 1.8840E-09
2.2387E+03 0.15 1.2437E-09
2.5119E+03 0.15 8.2979E-10
2.8184E+03 0.15 5.5416E-10
3.1623E+03 0.15 3.7626E-10
3.5481E+03 0.15 2.5322E-10
3.9811E+03 0.15 1.6782E-10
4.4668E+03 0.15 1.1072E-10
5.0119E+03 0.15 7.3790E-11
5.6234E+03 0.15 4.9078E-11
6.3096E+03 0.15 3.2799E-11
7.0795E+03 0.15 2.1780E-11
7.9433E+03 0.15 1.4184E-11
8.9125E+03 0.15 9.3202E-12
1.0000E+04 0.15 6.2317E-12
1.0000E-01 0.05 2.0746E+04
1.1220E-01 0.05 1.7380E+04
1.2589E-01 0.05 1.4440E+04
1.4125E-01 0.05 1.1888E+04
1.5849E-01 0.05 9.6352E+03
1.7783E-01 0.05 7.7554E+03
1.9953E-01 0.05 6.2130E+03
2.2387E-01 0.05 4.9258E+03
2.5119E-01 0.05 3.8625E+03
2.8184E-01 0.05 3.0042E+03
3.1623E-01 0.05 2.3074E+03
3.5481E-01 0.05 1.7586E+03
3.9811E-01 0.05 1.3320E+03
4.4668E-01 0.05 1.0042E+03
5.0119E-01 0.05 7.5307E+02
5.6234E-01 0.05 5.5718E+02
6.3096E-01 0.05 4.1656E+02
7.0795E-01 0.05 3.0998E+02
7.9433E-01 0.05 2.2910E+02
8.9125E-01 0.05 1.7008E+02
1.0000E+00 0.05 1.2536E+02
1.1220E+00 0.05 9.3192E+01
1.2589E+00 0.05 6.8967E+01
1.4125E+00 0.05 5.0778E+01
1.5849E+00 0.05 3.7532E+01
1.7783E+00 0.05 2.7725E+01
1.9953E+00 0.05 2.0505E+01
2.2387E+00 0.05 1.5111E+01
2.5119E+00 0.05 1.1164E+01
2.8184E+00 0.05 8.1890E+00
3.1623E+00 0.05 6.0749E+00
3.5481E+00 0.05 4.4415E+00
3.9811E+00 0.05 3.2159E+00
4.4668E+00 0.05 2.3516E+00
5.0119E+00 0.05 1.7035E+00
5.6234E+00 0.05 1.2254E+00
6.3096E+00 0.05 8.9868E-01
7.0795E+00 0.05 6.4590E-01
7.9433E+00 0.05 4.6098E-01
8.9125E+00 0.05 3.2637E-01
1.0000E+01 0.05 2.2957E-01
1.1220E+01 0.05 1.6359E-01
1.2589E+01 0.05 1.1569E-01
1.4125E+01 0.05 8.0895E-02
1.5849E+01 0.05 5.6894E-02
1.7783E+01 0.05 4.0039E-02
1.9953E+01 0.05 2.7498E-02
2.2387E+01 0.05 1.9335E-02
2.5119E+01 0.05 1.3411E-02
2.8184E+01 0.05 9.1859E-03
3.1623E+01 0.05 6.6037E-03
3.5481E+01 0.05 4.5460E-03
3.9811E+01 0.05 3.1218E-03
4.4668E+01 0.05 2.1359E-03
5.0119E+01 0.05 1.4543E-03
5.6234E+01 0.05 9.8913E-04
6.3096E+01 0.05 6.7088E-04
7.0795E+01 0.05 4.5391E-04
7.9433E+01 0.05 3.0613E-04
8.9125E+01 0.05 2.0569E-04
1.0000E+02 0.05 1.3827E-04
1.1220E+02 0.05 9.2462E-05
1.2589E+02 0.05 6.1722E-05
1.4125E+02 0.05 4.1178E-05
1.5849E+02 0.05 2.7373E-05
1.7783E+02 0.05 1.8129E-05
1.9953E+02 0.05 1.2016E-05
2.2387E+02 0.05 7.9391E-06
2.5119E+02 0.05 5.2202E-06
2.8184E+02 0.05 3.4460E-06
3.1623E+02 0.05 2.2716E-06
3.5481E+02 0.05 1.4926E-06
3.9811E+02 0.05 9.8099E-07
4.4668E+02 0.05 6.4431E-07
5.0119E+02 0.05 4.2339E-07
5.6234E+02 0.05 2.7920E-07
6.3096E+02 0.05 1.8358E-07
7.0795E+02 0.05 1.2062E-07
7.9433E+02 0.05 7.9226E-08
8.9125E+02 0.05 5.2353E-08
1.0000E+03 0.05 3.4565E-08
1.1220E+03 0.05 2.2916E-08
1.2589E+03 0.05 1.5155E-08
1.4125E+03 0.05 9.9553E-09
1.5849E+03 0.05 6.5734E-09
1.7783E+03 0.05 4.3981E-09
1.9953E+03 0.05 2.9348E-09
2.2387E+03 0.05 1.9353E-09
2.5119E+03 0.05 1.2826E-09
2.8184E+03 0.05 8.5781E-10
3.1623E+03 0.05 5.7313E-10
3.5481E+03 0.05 3.8055E-10
3.9811E+03 0.05 2.5259E-10
4.4668E+03 0.05 1.6665E-10
5.0119E+03 0.05 1.1157E-10
5.6234E+03 0.05 7.4202E-11
6.3096E+03 0.05 4.9070E-11
7.0795E+03 0.05 3.2554E-11
7.9433E+03 0.05 2.1188E-11
8.9125E+03 0.05 1.4098E-11
1.0000E+04 0.05 9.4475E-12
1.0000E-01 -0.05 2.0931E+04
1.1220E-01 -0.05 1.7604E+04
1.2589E-01 -0.05 1.4568E+04
1.4125E-01 -0.05 1.1980E+04
1.5849E-01 -0.05 9.7420E+03
1.7783E-01 -0.05 7.8316E+03
1.9953E-01 -0.05 6.2586E+03
2.2387E-01 -0.05 4.9632E+03
2.5119E-01 -0.05 3.9204E+03
2.8184E-01 -0.05 3.0528E+03
3.1623E-01 -0.05 2.3400E+03
3.5481E-01 -0.05 1.7885E+03
3.9811E-01 -0.05 1.3578E+03
4.4668E-01 -0.05 1.0224E+03
5.0119E-01 -0.05 7.6513E+02
5.6234E-01 -0.05 5.6536E+02
6.3096E-01 -0.05 4.1908E+02
7.0795E-01 -0.05 3.1394E+02
7.9433E-01 -0.05 2.3326E+02
8.9125E-01 -0.05 1.7411E+02
1.0000E+00 -0.05 1.2702E+02
1.1220E+00 -0.05 9.3591E+01
1.2589E+00 -0.05 6.9643E+01
1.4125E+00 -0.05 5.1329E+01
1.5849E+00 -0.05 3.8009E+01
1.7783E+00 -0.05 2.8199E+01
1.9953E+00 -0.05 2.0751E+01
2.2387E+00 -0.05 1.5162E+01
2.5119E+00 -0.05 1.1166E+01
2.8184E+00 -0.05 8.2864E+00
3.1623E+00 -0.05 6.0975E+00
3.5481E+00 -0.05 4.4492E+00
3.9811E+00 -0.05 3.2327E+00
4.4668E+00 -0.05 2.3616E+00
5.0119E+00 -0.05 1.7139E+00
5.6234E+00 -0.05 1.2265E+00
6.3096E+00 -0.05 8.8924E-01
7.0795E+00 -0.05 6.4393E-01
7.9433E+00 -0.05 4.5888E-01
8.9125E+00 -0.05 3.2811E-01
1.0000E+01 -0.05 2.3321E-01
1.1220E+01 -0.05 1.6618E-01
1.2589E+01 -0.05 1.1743E-01
1.4125E+01 -0.05 8.2680E-02
1.5849E+01 -0.05 5.8930E-02
1.7783E+01 -0.05 4.1240E-02
1.9953E+01 -0.05 2.8152E-02
2.2387E+01 -0.05 1.9904E-02
2.5119E+01 -0.05 1.3742E-02
2.8184E+01 -0.05 9.5009E-03
3.1623E+01 -0.05 6.8280E-03
3.5481E+01 -0.05 4.7134E-03
3.9811E+01 -0.05 3.2493E-03
4.4668E+01 -0.05 2.2298E-03
5.0119E+01 -0.05 1.5242E-03
5.6234E+01 -0.05 1.0405E-03
6.3096E+01 -0.05 7.0951E-04
7.0795E+01 -0.05 4.8281E-04
7.9433E+01 -0.05 3.2661E-04
8.9125E+01 -0.05 2.2044E-04
1.0000E+02 -0.05 1.4813E-04
1.1220E+02 -0.05 9.9454E-05
1.2589E+02 -0.05 6.6600E-05
1.4125E+02 -0.05 4.4449E-05
1.5849E+02 -0.05 2.9605E-05
1.7783E+02 -0.05 1.9688E-05
1.9953E+02 -0.05 1.3059E-05
2.2387E+02 -0.05 8.6382E-06
2.5119E+02 -0.05 5.7012E-06
2.8184E+02 -0.05 3.7690E-06
3.1623E+02 -0.05 2.4768E-06
3.5481E+02 -0.05 1.6275E-06
3.9811E+02 -0.05 1.0710E-06
4.4668E+02 -0.05 7.0371E-07
5.0119E+02 -0.05 4.6116E-07
5.6234E+02 -0.05 3.0271E-07
6.3096E+02 -0.05 1.9800E-07
7.0795E+02 -0.05 1.2962E-07
7.9433E+02 -0.05 8.5469E-08
8.9125E+02 -0.05 5.6016E-08
1.0000E+03 -0.05 3.6718E-08
1.1220E+03 -0.05 2.4200E-08
1.2589E+03 -0.05 1.5855E-08
1.4125E+03 -0.05 1.0430E-08
1.5849E+03 -0.05 6.8988E-09
1.7783E+03 -0.05 4.5648E-09
1.9953E+03 -0.05 3.0280E-09
2.2387E+03 -0.05 2.0159E-09
2.5119E+03 -0.05 1.3433E-09
2.8184E+03 -0.05 8.8899E-10
3.1623E+03 -0.05 5.8492E-10
3.5481E+03 -0.05 3.9025E-10
3.9811E+03 -0.05 2.5866E-10
4.4668E+03 -0.05 1.7019E-10
5.0119E+03 -0.05 1.1221E-10
5.6234E+03 -0.05 7.4200E-11
6.3096E+03 -0.05 4.9922E-11
7.0795E+03 -0.05 3.2742E-11
7.9433E+03 -0.05 2.1677E-11
8.9125E+03 -0.05 1.4355E-11
1.0000E+04 -0.05 9.4203E-12
1.0000E-01 -0.15 1.2475E+04
1.1220E-01 -0.15 1.0666E+04
1.2589E-01 -0.15 9.0138E+03
1.4125E-01 -0.15 7.5024E+03
1.5849E-01 -0.15 6.2040E+03
1.7783E-01 -0.15 5.0939E+03
1.9953E-01 -0.15 4.1474E+03
2.2387E-01 -0.15 3.3509E+03
2.5119E-01 -0.15 2.6759E+03
2.8184E-01 -0.15 2.1228E+03
3.1623E-01 -0.15 1.6678E+03
3.5481E-01 -0.15 1.2958E+03
3.9811E-01 -0.15 1.0017E+03
4.4668E-01 -0.15 7.7202E+02
5.0119E-01 -0.15 5.9125E+02
5.6234E-01 -0.15 4.5081E+02
6.3096E-01 -0.15 3.4193E+02
7.0795E-01 -0.15 2.5807E+02
7.9433E-01 -0.15 1.9427E+02
8.9125E-01 -0.15 1.4665E+02
1.0000E+00 -0.15 1.0976E+02
1.1220E+00 -0.15 8.2329E+01
1.2589E+00 -0.15 6.1583E+01
1.4125E+00 -0.15 4.6023E+01
1.5849E+00 -0.15 3.4375E+01
1.7783E+00 -0.15 2.5620E+01
1.9953E+00 -0.15 1.9007E+01
2.2387E+00 -0.15 1.4043E+01
2.5119E+00 -0.15 1.0325E+01
2.8184E+00 -0.15 7.5310E+00
3.1623E+00 -0.15 5.4939E+00
3.5481E+00 -0.15 3.9966E+00
3.9811E+00 -0.15 2.8883E+00
4.4668E+00 -0.15 2.0803E+00
5.0119E+00 -0.15 1.4943E+00
5.6234E+00 -0.15 1.0629E+00
6.3096E+00 -0.15 7.4812E-01
7.0795E+00 -0.15 5.2968E-01
7.9433E+00 -0.15 3.7656E-01
8.9125E+00 -0.15 2.6365E-01
1.0000E+01 -0.15 1.8470E-01
1.1220E+01 -0.15 1.2844E-01
1.2589E+01 -0.15 8.8973E-02
1.4125E+01 -0.15 6.1614E-02
1.5849E+01 -0.15 4.2593E-02
1.7783E+01 -0.15 2.9192E-02
1.9953E+01 -0.15 1.9997E-02
2.2387E+01 -0.15 1.3715E-02
2.5119E+01 -0.15 9.2952E-03
2.8184E+01 -0.15 6.2644E-03
3.1623E+01 -0.15 4.3113E-03
3.5481E+01 -0.15 2.9156E-03
3.9811E+01 -0.15 1.9672E-03
4.4668E+01 -0.15 1.3244E-03
5.0119E+01 -0.15 8.8925E-04
5.6234E+01 -0.15 5.9542E-04
6.3096E+01 -0.15 3.9826E-04
7.0795E+01 -0.15 2.6630E-04
7.9433E+01 -0.15 1.7763E-04
8.9125E+01 -0.15 1.1840E-04
1.0000E+02 -0.15 7.8524E-05
1.1220E+02 -0.15 5.2070E-05
1.2589E+02 -0.15 3.4507E-05
1.4125E+02 -0.15 2.2861E-05
1.5849E+02 -0.15 1.5083E-05
1.7783E+02 -0.15 9.9484E-06
1.9953E+02 -0.15 6.5675E-06
2.2387E+02 -0.15 4.3491E-06
2.5119E+02 -0.15 2.8809E-06
2.8184E+02 -0.15 1.9139E-06
3.1623E+02 -0.15 1.2625E-06
3.5481E+02 -0.15 8.3371E-07
3.9811E+02 -0.15 5.5093E-07
4.4668E+02 -0.15 3.6491E-07
5.0119E+02 -0.15 2.4236E-07
5.6234E+02 -0.15 1.6201E-07
6.3096E+02 -0.15 1.0816E-07
7.0795E+02 -0.15 7.2000E-08
7.9433E+02 -0.15 4.7988E-08
8.9125E+02 -0.15 3.1921E-08
1.0000E+03 -0.15 2.1241E-08
1.1220E+03 -0.15 1.4160E-08
1.2589E+03 -0.15 9.4672E-09
1.4125E+03 -0.15 6.3504E-09
1.5849E+03 -0.15 4.2518E-09
1.7783E+03 -0.15 2.8478E-09
1.9953E+03 -0.15 1.9130E-09
2.2387E+03 -0.15 1.2744E-09
2.5119E+03 -0.15 8.5319E-10
2.8184E+03 -0.15 5.7775E-10
3.1623E+03 -0.15 3.8459E-10
3.5481E+03 -0.15 2.5422E-10
3.9811E+03 -0.15 1.6882E-10
4.4668E+03 -0.15 1.1281E-10
5.0119E+03 -0.15 7.5507E-11
5.6234E+03 -0.15 4.9337E-11
6.3096E+03 -0.15 3.2863E-11
7.0795E+03 -0.15 2.1599E-11
7.9433E+03 -0.15 1.4439E-11
8.9125E+03 -0.15 9.5545E-12
1.0000E+04 -0.15 6.1633E-12
1.0000E-01 -0.25 8.7008E+03
1.1220E-01 -0.25 7.5230E+03
1.2589E-01 -0.25 6.4314E+03
1.4125E-01 -0.25 5.4421E+03
1.5849E-01 -0.25 4.5726E+03
1.7783E-01 -0.25 3.8158E+03
1.9953E-01 -0.25 3.1543E+03
2.2387E-01 -0.25 2.5903E+03
2.5119E-01 -0.25 2.1097E+03
2.8184E-01 -0.25 1.7014E+03
3.1623E-01 -0.25 1.3568E+03
3.5481E-01 -0.25 1.0732E+03
3.9811E-01 -0.25 8.4533E+02
4.4668E-01 -0.25 6.5994E+02
5.0119E-01 -0.25 5.1198E+02
5.6234E-01 -0.25 3.9559E+02
6.3096E-01 -0.25 3.0410E+02
7.0795E-01 -0.25 2.3122E+02
7.9433E-01 -0.25 1.7606E+02
8.9125E-01 -0.25 1.3403E+02
1.0000E+00 -0.25 1.0111E+02
1.1220E+00 -0.25 7.6221E+01
1.2589E+00 -0.25 5.7189E+01
1.4125E+00 -0.25 4.2653E+01
1.5849E+00 -0.25 3.1811E+01
1.7783E+00 -0.25 2.3699E+01
1.9953E+00 -0.25 1.7438E+01
2.2387E+00 -0.25 1.2684E+01
2.5119E+00 -0.25 9.2403E+00
2.8184E+00 -0.25 6.7127E+00
3.1623E+00 -0.25 4.8557E+00
3.5481E+00 -0.25 3.4736E+00
3.9811E+00 -0.25 2.4769E+00
4.4668E+00 -0.25 1.7611E+00
5.0119E+00 -0.25 1.2418E+00
5.6234E+00 -0.25 8.7016E-01
6.3096E+00 -0.25 6.1424E-01
7.0795E+00 -0.25 4.3033E-01
7.9433E+00 -0.25 2.9782E-01
8.9125E+00 -0.25 2.0456E-01
1.0000E+01 -0.25 1.4112E-01
1.1220E+01 -0.25 9.7164E-02
1.2589E+01 -0.25 6.6391E-02
1.4125E+01 -0.25 4.5445E-02
1.5849E+01 -0.25 3.1013E-02
1.7783E+01 -0.25 2.0868E-02
1.9953E+01 -0.25 1.4133E-02
2.2387E+01 -0.25 9.5658E-03
2.5119E+01 -0.25 6.4099E-03
2.8184E+01 -0.25 4.3483E-03
3.1623E+01 -0.25 2.8937E-03
3.5481E+01 -0.25 1.9361E-03
3.9811E+01 -0.25 1.2924E-03
4.4668E+01 -0.25 8.6249E-04
5.0119E+01 -0.25 5.7622E-04
5.6234E+01 -0.25 3.8420E-04
6.3096E+01 -0.25 2.5512E-04
7.0795E+01 -0.25 1.6927E-04
7.9433E+01 -0.25 1.1253E-04
8.9125E+01 -0.25 7.4680E-05
1.0000E+02 -0.25 4.9400E-05
1.1220E+02 -0.25 3.2772E-05
1.2589E+02 -0.25 2.1656E-05
1.4125E+02 -0.25 1.4371E-05
1.5849E+02 -0.25 9.5171E-06
1.7783E+02 -0.25 6.2977E-06
1.9953E+02 -0.25 4.1796E-06
2.2387E+02 -0.25 2.7803E-06
2.5119E+02 -0.25 1.8512E-06
2.8184E+02 -0.25 1.2355E-06
3.1623E+02 -0.25 8.2637E-07
3.5481E+02 -0.25 5.5221E-07
3.9811E+02 -0.25 3.6806E-07
4.4668E+02 -0.25 2.4574E-07
5.0119E+02 -0.25 1.6464E-07
5.6234E+02 -0.25 1.1094E-07
6.3096E+02 -0.25 7.4598E-08
7.0795E+02 -0.25 5.0098E-08
7.9433E+02 -0.25 3.3536E-08
8.9125E+02 -0.25 2.2255E-08
1.0000E+03 -0.25 1.5042E-08
1.1220E+03 -0.25 1.0169E-08
1.2589E+03 -0.25 6.8403E-09
1.4125E+03 -0.25 4.5847E-09
1.5849E+03 -0.25 3.0569E-09
1.7783E+03 -0.25 2.0399E-09
1.9953E+03 -0.25 1.3806E-09
2.2387E+03 -0.25 9.1143E-10
2.5119E+03 -0.25 6.0796E-10
2.8184E+03 -0.25 4.1202E-10
3.1623E+03 -0.25 2.7445E-10
3.5481E+03 -0.25 1.8196E-10
3.9811E+03 -0.25 1.2050E-10
4.4668E+03 -0.25 7.9918E-11
5.0119E+03 -0.25 5.3266E-11
5.6234E+03 -0.25 3.5692E-11
6.3096E+03 -0.25 2.3131E-11
7.0795E+03 -0.25 1.5288E-11
7.9433E+03 -0.25 1.0168E-11
8.9125E+03 -0.25 6.6510E-12
1.0000E+04 -0.25 4.4085E-12
1.0000E-01 -0.35 6.4441E+03
1.1220E-01 -0.35 5.6415E+03
1.2589E-01 -0.35 4.8777E+03
1.4125E-01 -0.35 4.1819E+03
1.5849E-01 -0.35 3.5680E+03
1.7783E-01 -0.35 3.0219E+03
1.9953E-01 -0.35 2.5372E+03
2.2387E-01 -0.35 2.1165E+03
2.5119E-01 -0.35 1.7441E+03
2.8184E-01 -0.35 1.4240E+03
3.1623E-01 -0.35 1.1547E+03
3.5481E-01 -0.35 9.2735E+02
3.9811E-01 -0.35 7.3931E+02
4.4668E-01 -0.35 5.8404E+02
5.0119E-01 -0.35 4.5885E+02
5.6234E-01 -0.35 3.5827E+02
6.3096E-01 -0.35 2.7737E+02
7.0795E-01 -0.35 2.1319E+02
7.9433E-01 -0.35 1.6288E+02
8.9125E-01 -0.35 1.2401E+02
1.0000E+00 -0.35 9.3922E+01
1.1220E+00 -0.35 7.0475E+01
1.2589E+00 -0.35 5.2678E+01
1.4125E+00 -0.35 3.9164E+01
1.5849E+00 -0.35 2.8967E+01
1.7783E+00 -0.35 2.1400E+01
1.9953E+00 -0.35 1.5713E+01
2.2387E+00 -0.35 1.1434E+01
2.5119E+00 -0.35 8.2818E+00
2.8184E+00 -0.35 5.9478E+00
3.1623E+00 -0.35 4.2332E+00
3.5481E+00 -0.35 3.0001E+00
3.9811E+00 -0.35 2.1217E+00
4.4668E+00 -0.35 1.4941E+00
5.0119E+00 -0.35 1.0417E+00
5.6234E+00 -0.35 7.2616E-01
6.3096E+00 -0.35 5.0525E-01
7.0795E+00 -0.35 3.4750E-01
7.9433E+00 -0.35 2.3955E-01
8.9125E+00 -0.35 1.6460E-01
1.0000E+01 -0.35 1.1177E-01
1.1220E+01 -0.35 7.6171E-02
1.2589E+01 -0.35 5.1661E-02
1.4125E+01 -0.35 3.4850E-02
1.5849E+01 -0.35 2.3447E-02
1.7783E+01 -0.35 1.5742E-02
1.9953E+01 -0.35 1.0616E-02
2.2387E+01 -0.35 7.1571E-03
2.5119E+01 -0.35 4.7954E-03
2.8184E+01 -0.35 3.2040E-03
3.1623E+01 -0.35 2.1227E-03
3.5481E+01 -0.35 1.4173E-03
3.9811E+01 -0.35 9.4458E-04
4.4668E+01 -0.35 6.2773E-04
5.0119E+01 -0.35 4.1597E-04
5.6234E+01 -0.35 2.7611E-04
6.3096E+01 -0.35 1.8402E-04
7.0795E+01 -0.35 1.2178E-04
7.9433E+01 -0.35 8.0598E-05
8.9125E+01 -0.35 5.3733E-05
1.0000E+02 -0.35 3.5611E-05
1.1220E+02 -0.35 2.3668E-05
1.2589E+02 -0.35 1.5706E-05
1.4125E+02 -0.35 1.0462E-05
1.5849E+02 -0.35 6.9787E-06
1.7783E+02 -0.35 4.6563E-06
1.9953E+02 -0.35 3.1167E-06
2.2387E+02 -0.35 2.0764E-06
2.5119E+02 -0.35 1.3966E-06
2.8184E+02 -0.35 9.4991E-07
3.1623E+02 -0.35 6.2419E-07
3.5481E+02 -0.35 4.1956E-07
3.9811E+02 -0.35 2.8168E-07
4.4668E+02 -0.35 1.8896E-07
5.0119E+02 -0.35 1.2704E-07
5.6234E+02 -0.35 8.5746E-08
6.3096E+02 -0.35 5.7503E-08
7.0795E+02 -0.35 3.8800E-08
7.9433E+02 -0.35 2.6119E-08
8.9125E+02 -0.35 1.7465E-08
1.0000E+03 -0.35 1.1849E-08
1.1220E+03 -0.35 8.0281E-09
1.2589E+03 -0.35 5.4107E-09
1.4125E+03 -0.35 3.5757E-09
1.5849E+03 -0.35 2.3645E-09
1.7783E+03 -0.35 1.5831E-09
1.9953E+03 -0.35 1.0701E-09
2.2387E+03 -0.35 7.1641E-10
2.5119E+03 -0.35 4.7703E-10
2.8184E+03 -0.35 3.1870E-10
3.1623E+03 -0.35 2.1182E-10
3.5481E+03 -0.35 1.4065E-10
3.9811E+03 -0.35 9.3318E-11
4.4668E+03 -0.35 6.1915E-11
5.0119E+03 -0.35 4.1547E-11
5.6234E+03 -0.35 2.7355E-11
6.3096E+03 -0.35 1.7526E-11
7.0795E+03 -0.35 1.1432E-11
7.9433E+03 -0.35 7.5970E-12
8.9125E+03 -0.35 4.9847E-12
1.0000E+04 -0.35 3.2847E-12
1.0000E-01 -0.45 4.4598E+03
1.1220E-01 -0.45 3.9637E+03
1.2589E-01 -0.45 3.4849E+03
1.4125E-01 -0.45 3.0345E+03
1.5849E-01 -0.45 2.6199E+03
1.7783E-01 -0.45 2.2490E+03
1.9953E-01 -0.45 1.9211E+03
2.2387E-01 -0.45 1.6244E+03
2.5119E-01 -0.45 1.3600E+03
2.8184E-01 -0.45 1.1298E+03
3.1623E-01 -0.45 9.3008E+02
3.5481E-01 -0.45 7.5806E+02
3.9811E-01 -0.45 6.1289E+02
4.4668E-01 -0.45 4.9079E+02
5.0119E-01 -0.45 3.9044E+02
5.6234E-01 -0.45 3.0823E+02
6.3096E-01 -0.45 2.4137E+02
7.0795E-01 -0.45 1.8791E+02
7.9433E-01 -0.45 1.4457E+02
8.9125E-01 -0.45 1.1046E+02
1.0000E+00 -0.45 8.3976E+01
1.1220E+00 -0.45 6.3272E+01
1.2589E+00 -0.45 4.7293E+01
1.4125E+00 -0.45 3.5180E+01
1.5849E+00 -0.45 2.6044E+01
1.7783E+00 -0.45 1.9119E+01
1.9953E+00 -0.45 1.3966E+01
2.2387E+00 -0.45 1.0148E+01
2.5119E+00 -0.45 7.3122E+00
2.8184E+00 -0.45 5.2347E+00
3.1623E+00 -0.45 3.6937E+00
3.5481E+00 -0.45 2.6037E+00
3.9811E+00 -0.45 1.8271E+00
4.4668E+00 -0.45 1.2770E+00
5.0119E+00 -0.45 8.8864E-01
5.6234E+00 -0.45 6.1533E-01
6.3096E+00 -0.45 4.2312E-01
7.0795E+00 -0.45 2.9030E-01
7.9433E+00 -0.45 1.9869E-01
8.9125E+00 -0.45 1.3537E-01
1.0000E+01 -0.45 9.1348E-02
1.1220E+01 -0.45 6.1767E-02
1.2589E+01 -0.45 4.1728E-02
1.4125E+01 -0.45 2.7993E-02
1.5849E+01 -0.45 1.8816E-02
1.7783E+01 -0.45 1.2507E-02
1.9953E+01 -0.45 8.2995E-03
2.2387E+01 -0.45 5.5651E-03
2.5119E+01 -0.45 3.7262E-03
2.8184E+01 -0.45 2.4636E-03
3.1623E+01 -0.45 1.6557E-03
3.5481E+01 -0.45 1.1017E-03
3.9811E+01 -0.45 7.3284E-04
4.4668E+01 -0.45 4.8656E-04
5.0119E+01 -0.45 3.2346E-04
5.6234E+01 -0.45 2.1439E-04
6.3096E+01 -0.45 1.4213E-04
7.0795E+01 -0.45 9.4391E-05
7.9433E+01 -0.45 6.2736E-05
8.9125E+01 -0.45 4.1871E-05
1.0000E+02 -0.45 2.7815E-05
1.1220E+02 -0.45 1.8497E-05
1.2589E+02 -0.45 1.2413E-05
1.4125E+02 -0.45 8.2633E-06
1.5849E+02 -0.45 5.5250E-06
1.7783E+02 -0.45 3.7219E-06
1.9953E+02 -0.45 2.4976E-06
2.2387E+02 -0.45 1.6723E-06
2.5119E+02 -0.45 1.1251E-06
2.8184E+02 -0.45 7.6180E-07
3.1623E+02 -0.45 5.0869E-07
3.5481E+02 -0.45 3.4139E-07
3.9811E+02 -0.45 2.3062E-07
4.4668E+02 -0.45 1.5584E-07
5.0119E+02 -0.45 1.0522E-07
5.6234E+02 -0.45 7.0888E-08
6.3096E+02 -0.45 4.7777E-08
7.0795E+02 -0.45 3.2253E-08
7.9433E+02 -0.45 2.1707E-08
8.9125E+02 -0.45 1.4586E-08
1.0000E+03 -0.45 9.8332E-09
1.1220E+03 -0.45 6.5435E-09
1.2589E+03 -0.45 4.4327E-09
1.4125E+03 -0.45 2.9565E-09
1.5849E+03 -0.45 1.9667E-09
1.7783E+03 -0.45 1.3257E-09
1.9953E+03 -0.45 8.8257E-10
2.2387E+03 -0.45 5.9711E-10
2.5119E+03 -0.45 3.9775E-10
2.8184E+03 -0.45 2.5927E-10
3.1623E+03 -0.45 1.7115E-10
3.5481E+03 -0.45 1.1144E-10
3.9811E+03 -0.45 7.3344E-11
4.4668E+03 -0.45 4.9044E-11
5.0119E+03 -0.45 3.2435E-11
5.6234E+03 -0.45 2.0916E-11
6.3096E+03 -0.45 1.4133E-11
7.0795E+03 -0.45 9.4137E-12
7.9433E+03 -0.45 6.1523E-12
8.9125E+03 -0.45 3.9651E-12
1.0000E+04 -0.45 2.5849E-12
1.0000E-01 -0.55 2.6614E+03
1.1220E-01 -0.55 2.3964E+03
1.2589E-01 -0.55 2.1358E+03
1.4125E-01 -0.55 1.8890E+03
1.5849E-01 -0.55 1.6597E+03
1.7783E-01 -0.55 1.4485E+03
1.9953E-01 -0.55 1.2557E+03
2.2387E-01 -0.55 1.0764E+03
2.5119E-01 -0.55 9.1554E+02
2.8184E-01 -0.55 7.7442E+02
3.1623E-01 -0.55 6.4745E+02
3.5481E-01 -0.55 5.3670E+02
3.9811E-01 -0.55 4.4145E+02
4.4668E-01 -0.55 3.6006E+02
5.0119E-01 -0.55 2.9160E+02
5.6234E-01 -0.55 2.3386E+02
6.3096E-01 -0.55 1.8598E+02
7.0795E-01 -0.55 1.4622E+02
7.9433E-01 -0.55 1.1400E+02
8.9125E-01 -0.55 8.8939E+01
1.0000E+00 -0.55 6.8614E+01
1.1220E+00 -0.55 5.2545E+01
1.2589E+00 -0.55 3.9729E+01
1.4125E+00 -0.55 2.9753E+01
1.5849E+00 -0.55 2.2184E+01
1.7783E+00 -0.55 1.6416E+01
1.9953E+00 -0.55 1.2067E+01
2.2387E+00 -0.55 8.7697E+00
2.5119E+00 -0.55 6.3259E+00
2.8184E+00 -0.55 4.5321E+00
3.1623E+00 -0.55 3.2084E+00
3.5481E+00 -0.55 2.2608E+00
3.9811E+00 -0.55 1.5817E+00
4.4668E+00 -0.55 1.1023E+00
5.0119E+00 -0.55 7.6248E-01
5.6234E+00 -0.55 5.2462E-01
6.3096E+00 -0.55 3.6063E-01
7.0795E+00 -0.55 2.4714E-01
7.9433E+00 -0.55 1.6811E-01
8.9125E+00 -0.55 1.1353E-01
1.0000E+01 -0.55 7.6633E-02
1.1220E+01 -0.55 5.1528E-02
1.2589E+01 -0.55 3.4467E-02
1.4125E+01 -0.55 2.3109E-02
1.5849E+01 -0.55 1.5486E-02
1.7783E+01 -0.55 1.0336E-02
1.9953E+01 -0.55 6.8600E-03
2.2387E+01 -0.55 4.5486E-03
2.5119E+01 -0.55 3.0467E-03
2.8184E+01 -0.55 2.0160E-03
3.1623E+01 -0.55 1.3404E-03
3.5481E+01 -0.55 8.8909E-04
3.9811E+01 -0.55 5.9208E-04
4.4668E+01 -0.55 3.9530E-04
5.0119E+01 -0.55 2.6273E-04
5.6234E+01 -0.55 1.7354E-04
6.3096E+01 -0.55 1.1551E-04
7.0795E+01 -0.55 7.7293E-05
7.9433E+01 -0.55 5.1632E-05
8.9125E+01 -0.55 3.4652E-05
1.0000E+02 -0.55 2.3002E-05
1.1220E+02 -0.55 1.5316E-05
1.2589E+02 -0.55 1.0259E-05
1.4125E+02 -0.55 6.8804E-06
1.5849E+02 -0.55 4.6256E-06
1.7783E+02 -0.55 3.1091E-06
1.9953E+02 -0.55 2.0928E-06
2.2387E+02 -0.55 1.4117E-06
2.5119E+02 -0.55 9.4624E-07
2.8184E+02 -0.55 6.3650E-07
3.1623E+02 -0.55 4.3000E-07
3.5481E+02 -0.55 2.9021E-07
3.9811E+02 -0.55 1.9705E-07
4.4668E+02 -0.55 1.3412E-07
5.0119E+02 -0.55 9.0141E-08
5.6234E+02 -0.55 6.0524E-08
6.3096E+02 -0.55 4.0743E-08
7.0795E+02 -0.55 2.7168E-08
7.9433E+02 -0.55 1.8172E-08
8.9125E+02 -0.55 1.2311E-08
1.0000E+03 -0.55 8.2779E-09
1.1220E+03 -0.55 5.5362E-09
1.2589E+03 -0.55 3.7338E-09
1.4125E+03 -0.55 2.4927E-09
1.5849E+03 -0.55 1.6548E-09
1.7783E+03 -0.55 1.0972E-09
1.9953E+03 -0.55 7.3537E-10
2.2387E+03 -0.55 4.8793E-10
2.5119E+03 -0.55 3.2450E-10
2.8184E+03 -0.55 2.1424E-10
3.1623E+03 -0.55 1.4250E-10
3.5481E+03 -0.55 9.4654E-11
3.9811E+03 -0.55 6.2663E-11
4.4668E+03 -0.55 4.1458E-11
5.0119E+03 -0.55 2.7229E-11
5.6234E+03 -0.55 1.7789E-11
6.3096E+03 -0.55 1.1766E-11
7.0795E+03 -0.55 7.6393E-12
7.9433E+03 -0.55 5.0329E-12
8.9125E+03 -0.55 3.2767E-12
1.0000E+04 -0.55 2.1136E-12
1.0000E-01 -0.65 1.7213E+03
1.1220E-01 -0.65 1.5590E+03
1.2589E-01 -0.65 1.4004E+03
1.4125E-01 -0.65 1.2487E+03
1.5849E-01 -0.65 1.1073E+03
1.7783E-01 -0.65 9.7451E+02
1.9953E-01 -0.65 8.4834E+02
2.2387E-01 -0.65 7.3113E+02
2.5119E-01 -0.65 6.2700E+02
2.8184E-01 -0.65 5.3296E+02
3.1623E-01 -0.65 4.4912E+02
3.5481E-01 -0.65 3.7640E+02
3.9811E-01 -0.65 3.1253E+02
4.4668E-01 -0.65 2.5685E+02
5.0119E-01 -0.65 2.0939E+02
5.6234E-01 -0.65 1.6944E+02
6.3096E-01 -0.65 1.3645E+02
7.0795E-01 -0.65 1.0916E+02
7.9433E-01 -0.65 8.6249E+01
8.9125E-01 -0.65 6.7422E+01
1.0000E+00 -0.65 5.2649E+01
1.1220E+00 -0.65 4.0721E+01
1.2589E+00 -0.65 3.1244E+01
1.4125E+00 -0.65 2.3773E+01
1.5849E+00 -0.65 1.7915E+01
1.7783E+00 -0.65 1.3342E+01
1.9953E+00 -0.65 9.8659E+00
2.2387E+00 -0.65 7.2628E+00
2.5119E+00 -0.65 5.3078E+00
2.8184E+00 -0.65 3.8319E+00
3.1623E+00 -0.65 2.7266E+00
3.5481E+00 -0.65 1.9306E+00
3.9811E+00 -0.65 1.3603E+00
4.4668E+00 -0.65 9.5211E-01
5.0119E+00 -0.65 6.5924E-01
5.6234E+00 -0.65 4.5497E-01
6.3096E+00 -0.65 3.1177E-01
7.0795E+00 -0.65 2.1228E-01
7.9433E+00 -0.65 1.4326E-01
8.9125E+00 -0.65 9.6263E-02
1.0000E+01 -0.65 6.5328E-02
1.1220E+01 -0.65 4.3937E-02
1.2589E+01 -0.65 2.9308E-02
1.4125E+01 -0.65 1.9525E-02
1.5849E+01 -0.65 1.3011E-02
1.7783E+01 -0.65 8.6222E-03
1.9953E+01 -0.65 5.7244E-03
2.2387E+01 -0.65 3.8595E-03
2.5119E+01 -0.65 2.5553E-03
2.8184E+01 -0.65 1.6756E-03
3.1623E+01 -0.65 1.1268E-03
3.5481E+01 -0.65 7.4919E-04
3.9811E+01 -0.65 4.9833E-04
4.4668E+01 -0.65 3.3116E-04
5.0119E+01 -0.65 2.2045E-04
5.6234E+01 -0.65 1.4688E-04
6.3096E+01 -0.65 9.8228E-05
7.0795E+01 -0.65 6.5480E-05
7.9433E+01 -0.65 4.3849E-05
8.9125E+01 -0.65 2.9463E-05
1.0000E+02 -0.65 1.9562E-05
1.1220E+02 -0.65 1.3124E-05
1.2589E+02 -0.65 8.8493E-06
1.4125E+02 -0.65 5.9605E-06
1.5849E+02 -0.65 3.9993E-06
1.7783E+02 -0.65 2.6996E-06
1.9953E+02 -0.65 1.8271E-06
2.2387E+02 -0.65 1.2367E-06
2.5119E+02 -0.65 8.3332E-07
2.8184E+02 -0.65 5.5788E-07
3.1623E+02 -0.65 3.7971E-07
3.5481E+02 -0.65 2.5613E-07
3.9811E+02 -0.65 1.7271E-07
4.4668E+02 -0.65 1.1638E-07
5.0119E+02 -0.65 7.8326E-08
5.6234E+02 -0.65 5.3022E-08
6.3096E+02 -0.65 3.5494E-08
7.0795E+02 -0.65 2.3856E-08
7.9433E+02 -0.65 1.6053E-08
8.9125E+02 -0.65 1.0816E-08
1.0000E+03 -0.65 7.2425E-09
1.1220E+03 -0.65 4.8500E-09
1.2589E+03 -0.65 3.2302E-09
1.4125E+03 -0.65 2.1425E-09
1.5849E+03 -0.65 1.4508E-09
1.7783E+03 -0.65 9.6605E-10
1.9953E+03 -0.65 6.3611E-10
2.2387E+03 -0.65 4.2976E-10
2.5119E+03 -0.65 2.8548E-10
2.8184E+03 -0.65 1.8734E-10
3.1623E+03 -0.65 1.2209E-10
3.5481E+03 -0.65 8.0998E-11
3.9811E+03 -0.65 5.3642E-11
4.4668E+03 -0.65 3.5107E-11
5.0119E+03 -0.65 2.3215E-11
5.6234E+03 -0.65 1.5355E-11
6.3096E+03 -0.65 1.0022E-11
7.0795E+03 -0.65 6.4083E-12
7.9433E+03 -0.65 4.1666E-12
8.9125E+03 -0.65 2.8023E-12
1.0000E+04 -0.65 1.8575E-12
1.0000E-01 -0.75 1.4773E+03
1.1220E-01 -0.75 1.3449E+03
1.2589E-01 -0.75 1.2133E+03
1.4125E-01 -0.75 1.0825E+03
1.5849E-01 -0.75 9.5686E+02
1.7783E-01 -0.75 8.3994E+02
1.9953E-01 -0.75 7.3196E+02
2.2387E-01 -0.75 6.3464E+02
2.5119E-01 -0.75 5.4532E+02
2.8184E-01 -0.75 4.6239E+02
3.1623E-01 -0.75 3.8909E+02
3.5481E-01 -0.75 3.2541E+02
3.9811E-01 -0.75 2.7053E+02
4.4668E-01 -0.75 2.2252E+02
5.0119E-01 -0.75 1.8126E+02
5.6234E-01 -0.75 1.4679E+02
6.3096E-01 -0.75 1.1788E+02
7.0795E-01 -0.75 9.4314E+01
7.9433E-01 -0.75 7.4559E+01
8.9125E-01 -0.75 5.8466E+01
1.0000E+00 -0.75 4.5600E+01
1.1220E+00 -0.75 3.5208E+01
1.2589E+00 -0.75 2.7095E+01
1.4125E+00 -0.75 2.0609E+01
1.5849E+00 -0.75 1.5511E+01
1.7783E+00 -0.75 1.1605E+01
1.9953E+00 -0.75 8.6176E+00
2.2387E+00 -0.75 6.3448E+00
2.5119E+00 -0.75 4.6188E+00
2.8184E+00 -0.75 3.3216E+00
3.1623E+00 -0.75 2.3779E+00
3.5481E+00 -0.75 1.6879E+00
3.9811E+00 -0.75 1.1909E+00
4.4668E+00 -0.75 8.3349E-01
5.0119E+00 -0.75 5.7656E-01
5.6234E+00 -0.75 3.9669E-01
6.3096E+00 -0.75 2.7100E-01
7.0795E+00 -0.75 1.8463E-01
7.9433E+00 -0.75 1.2531E-01
8.9125E+00 -0.75 8.4320E-02
1.0000E+01 -0.75 5.6622E-02
1.1220E+01 -0.75 3.7949E-02
1.2589E+01 -0.75 2.5450E-02
1.4125E+01 -0.75 1.6963E-02
1.5849E+01 -0.75 1.1254E-02
1.7783E+01 -0.75 7.5202E-03
1.9953E+01 -0.75 4.9810E-03
2.2387E+01 -0.75 3.2771E-03
2.5119E+01 -0.75 2.1678E-03
2.8184E+01 -0.75 1.4519E-03
3.1623E+01 -0.75 9.7185E-04
3.5481E+01 -0.75 6.4694E-04
3.9811E+01 -0.75 4.3037E-04
4.4668E+01 -0.75 2.8685E-04
5.0119E+01 -0.75 1.9115E-04
5.6234E+01 -0.75 1.2735E-04
6.3096E+01 -0.75 8.5419E-05
7.0795E+01 -0.75 5.7336E-05
7.9433E+01 -0.75 3.8641E-05
8.9125E+01 -0.75 2.5853E-05
1.0000E+02 -0.75 1.7298E-05
1.1220E+02 -0.75 1.1638E-05
1.2589E+02 -0.75 7.8489E-06
1.4125E+02 -0.75 5.3006E-06
1.5849E+02 -0.75 3.5752E-06
1.7783E+02 -0.75 2.4102E-06
1.9953E+02 -0.75 1.6455E-06
2.2387E+02 -0.75 1.1081E-06
2.5119E+02 -0.75 7.4021E-07
2.8184E+02 -0.75 5.0334E-07
3.1623E+02 -0.75 3.4221E-07
3.5481E+02 -0.75 2.3065E-07
3.9811E+02 -0.75 1.5512E-07
4.4668E+02 -0.75 1.0428E-07
5.0119E+02 -0.75 7.0493E-08
5.6234E+02 -0.75 4.7844E-08
6.3096E+02 -0.75 3.2105E-08
7.0795E+02 -0.75 2.1604E-08
7.9433E+02 -0.75 1.4449E-08
8.9125E+02 -0.75 9.6251E-09
1.0000E+03 -0.75 6.4297E-09
1.1220E+03 -0.75 4.2824E-09
1.2589E+03 -0.75 2.9022E-09
1.4125E+03 -0.75 1.9436E-09
1.5849E+03 -0.75 1.2810E-09
1.7783E+03 -0.75 8.4295E-10
1.9953E+03 -0.75 5.6977E-10
2.2387E+03 -0.75 3.7335E-10
2.5119E+03 -0.75 2.4553E-10
2.8184E+03 -0.75 1.6507E-10
3.1623E+03 -0.75 1.0784E-10
3.5481E+03 -0.75 7.0709E-11
3.9811E+03 -0.75 4.6418E-11
4.4668E+03 -0.75 3.0479E-11
5.0119E+03 -0.75 1.9997E-11
5.6234E+03 -0.75 1.3221E-11
6.3096E+03 -0.75 8.6375E-12
7.0795E+03 -0.75 5.6793E-12
7.9433E+03 -0.75 3.7233E-12
8.9125E+03 -0.75 2.3879E-12
1.0000E+04 -0.75 1.5033E-12
1.0000E-01 -0.85 2.0617E+03
1.1220E-01 -0.85 1.8693E+03
1.2589E-01 -0.85 1.6808E+03
1.4125E-01 -0.85 1.4991E+03
1.5849E-01 -0.85 1.3258E+03
1.7783E-01 -0.85 1.1608E+03
1.9953E-01 -0.85 1.0054E+03
2.2387E-01 -0.85 8.6491E+02
2.5119E-01 -0.85 7.3429E+02
2.8184E-01 -0.85 6.1794E+02
3.1623E-01 -0.85 5.1677E+02
3.5481E-01 -0.85 4.2588E+02
3.9811E-01 -0.85 3.4807E+02
4.4668E-01 -0.85 2.8274E+02
5.0119E-01 -0.85 2.2696E+02
5.6234E-01 -0.85 1.8062E+02
6.3096E-01 -0.85 1.4264E+02
7.0795E-01 -0.85 1.1197E+02
7.9433E-01 -0.85 8.7177E+01
8.9125E-01 -0.85 6.7116E+01
1.0000E+00 -0.85 5.1160E+01
1.1220E+00 -0.85 3.8836E+01
1.2589E+00 -0.85 2.9259E+01
1.4125E+00 -0.85 2.1832E+01
1.5849E+00 -0.85 1.6178E+01
1.7783E+00 -0.85 1.1896E+01
1.9953E+00 -0.85 8.6796E+00
2.2387E+00 -0.85 6.2717E+00
2.5119E+00 -0.85 4.4948E+00
2.8184E+00 -0.85 3.1978E+00
3.1623E+00 -0.85 2.2647E+00
3.5481E+00 -0.85 1.5908E+00
3.9811E+00 -0.85 1.1073E+00
4.4668E+00 -0.85 7.6318E-01
5.0119E+00 -0.85 5.2331E-01
5.6234E+00 -0.85 3.5763E-01
6.3096E+00 -0.85 2.4498E-01
7.0795E+00 -0.85 1.6694E-01
7.9433E+00 -0.85 1.1238E-01
8.9125E+00 -0.85 7.5070E-02
1.0000E+01 -0.85 5.0194E-02
1.1220E+01 -0.85 3.3613E-02
1.2589E+01 -0.85 2.2419E-02
1.4125E+01 -0.85 1.4942E-02
1.5849E+01 -0.85 9.8690E-03
1.7783E+01 -0.85 6.5380E-03
1.9953E+01 -0.85 4.3708E-03
2.2387E+01 -0.85 2.8997E-03
2.5119E+01 -0.85 1.9304E-03
2.8184E+01 -0.85 1.2673E-03
3.1623E+01 -0.85 8.5500E-04
3.5481E+01 -0.85 5.6935E-04
3.9811E+01 -0.85 3.8045E-04
4.4668E+01 -0.85 2.5426E-04
5.0119E+01 -0.85 1.6992E-04
5.6234E+01 -0.85 1.1416E-04
6.3096E+01 -0.85 7.6526E-05
7.0795E+01 -0.85 5.1157E-05
7.9433E+01 -0.85 3.4465E-05
8.9125E+01 -0.85 2.3155E-05
1.0000E+02 -0.85 1.5674E-05
1.1220E+02 -0.85 1.0544E-05
1.2589E+02 -0.85 7.0874E-06
1.4125E+02 -0.85 4.7770E-06
1.5849E+02 -0.85 3.2316E-06
1.7783E+02 -0.85 2.2048E-06
1.9953E+02 -0.85 1.4885E-06
2.2387E+02 -0.85 1.0003E-06
2.5119E+02 -0.85 6.8309E-07
2.8184E+02 -0.85 4.6503E-07
3.1623E+02 -0.85 3.1247E-07
3.5481E+02 -0.85 2.1161E-07
3.9811E+02 -0.85 1.4325E-07
4.4668E+02 -0.85 9.6912E-08
5.0119E+02 -0.85 6.5295E-08
5.6234E+02 -0.85 4.4092E-08
6.3096E+02 -0.85 2.9635E-08
7.0795E+02 -0.85 1.9747E-08
7.9433E+02 -0.85 1.3208E-08
8.9125E+02 -0.85 8.8199E-09
1.0000E+03 -0.85 5.9670E-09
1.1220E+03 -0.85 3.9901E-09
1.2589E+03 -0.85 2.6448E-09
1.4125E+03 -0.85 1.7696E-09
1.5849E+03 -0.85 1.1671E-09
1.7783E+03 -0.85 7.5372E-10
1.9953E+03 -0.85 5.0470E-10
2.2387E+03 -0.85 3.3764E-10
2.5119E+03 -0.85 2.2431E-10
2.8184E+03 -0.85 1.4688E-10
3.1623E+03 -0.85 9.8272E-11
3.5481E+03 -0.85 6.4936E-11
3.9811E+03 -0.85 4.1952E-11
4.4668E+03 -0.85 2.7469E-11
5.0119E+03 -0.85 1.8047E-11
5.6234E+03 -0.85 1.1837E-11
6.3096E+03 -0.85 7.7535E-12
7.0795E+03 -0.85 5.1453E-12
7.9433E+03 -0.85 3.4221E-12
8.9125E+03 -0.85 2.1355E-12
1.0000E+04 -0.85 1.3740E-12
1.0000E-01 -0.95 4.4170E+03
1.1220E-01 -0.95 3.9740E+03
1.2589E-01 -0.95 3.5352E+03
1.4125E-01 -0.95 3.1096E+03
1.5849E-01 -0.95 2.7067E+03
1.7783E-01 -0.95 2.3354E+03
1.9953E-01 -0.95 1.9899E+03
2.2387E-01 -0.95 1.6716E+03
2.5119E-01 -0.95 1.3883E+03
2.8184E-01 -0.95 1.1398E+03
3.1623E-01 -0.95 9.2370E+02
3.5481E-01 -0.95 7.3947E+02
3.9811E-01 -0.95 5.8534E+02
4.4668E-01 -0.95 4.5788E+02
5.0119E-01 -0.95 3.5502E+02
5.6234E-01 -0.95 2.7222E+02
6.3096E-01 -0.95 2.0704E+02
7.0795E-01 -0.95 1.5600E+02
7.9433E-01 -0.95 1.1631E+02
8.9125E-01 -0.95 8.6120E+01
1.0000E+00 -0.95 6.3574E+01
1.1220E+00 -0.95 4.6529E+01
1.2589E+00 -0.95 3.3932E+01
1.4125E+00 -0.95 2.4538E+01
1.5849E+00 -0.95 1.7602E+01
1.7783E+00 -0.95 1.2560E+01
1.9953E+00 -0.95 8.9182E+00
2.2387E+00 -0.95 6.3183E+00
2.5119E+00 -0.95 4.4370E+00
2.8184E+00 -0.95 3.0910E+00
3.1623E+00 -0.95 2.1537E+00
3.5481E+00 -0.95 1.4858E+00
3.9811E+00 -0.95 1.0175E+00
4.4668E+00 -0.95 6.9695E-01
5.0119E+00 -0.95 4.7451E-01
5.6234E+00 -0.95 3.2100E-01
6.3096E+00 -0.95 2.1743E-01
7.0795E+00 -0.95 1.4674E-01
7.9433E+00 -0.95 9.8888E-02
8.9125E+00 -0.95 6.6106E-02
1.0000E+01 -0.95 4.4316E-02
1.1220E+01 -0.95 2.9542E-02
1.2589E+01 -0.95 1.9664E-02
1.4125E+01 -0.95 1.3121E-02
1.5849E+01 -0.95 8.7572E-03
1.7783E+01 -0.95 5.8000E-03
1.9953E+01 -0.95 3.8664E-03
2.2387E+01 -0.95 2.5916E-03
2.5119E+01 -0.95 1.7159E-03
2.8184E+01 -0.95 1.1436E-03
3.1623E+01 -0.95 7.6013E-04
3.5481E+01 -0.95 5.0907E-04
3.9811E+01 -0.95 3.4002E-04
4.4668E+01 -0.95 2.2677E-04
5.0119E+01 -0.95 1.5099E-04
5.6234E+01 -0.95 1.0191E-04
6.3096E+01 -0.95 6.9015E-05
7.0795E+01 -0.95 4.6373E-05
7.9433E+01 -0.95 3.1015E-05
8.9125E+01 -0.95 2.0899E-05
1.0000E+02 -0.95 1.4267E-05
1.1220E+02 -0.95 9.6344E-06
1.2589E+02 -0.95 6.5132E-06
1.4125E+02 -0.95 4.4246E-06
1.5849E+02 -0.95 2.9982E-06
1.7783E+02 -0.95 2.0248E-06
1.9953E+02 -0.95 1.3756E-06
2.2387E+02 -0.95 9.2708E-07
2.5119E+02 -0.95 6.2088E-07
2.8184E+02 -0.95 4.2334E-07
3.1623E+02 -0.95 2.8960E-07
3.5481E+02 -0.95 1.9642E-07
3.9811E+02 -0.95 1.3161E-07
4.4668E+02 -0.95 8.9272E-08
5.0119E+02 -0.95 6.1165E-08
5.6234E+02 -0.95 4.0854E-08
6.3096E+02 -0.95 2.7360E-08
7.0795E+02 -0.95 1.8481E-08
7.9433E+02 -0.95 1.2339E-08
8.9125E+02 -0.95 8.2513E-09
1.0000E+03 -0.95 5.4427E-09
1.1220E+03 -0.95 3.6458E-09
1.2589E+03 -0.95 2.4135E-09
1.4125E+03 -0.95 1.5814E-09
1.5849E+03 -0.95 1.0621E-09
1.7783E+03 -0.95 6.9977E-10
1.9953E+03 -0.95 4.6913E-10
2.2387E+03 -0.95 3.1154E-10
2.5119E+03 -0.95 2.0630E-10
2.8184E+03 -0.95 1.3703E-10
3.1623E+03 -0.95 8.9538E-11
3.5481E+03 -0.95 5.9037E-11
3.9811E+03 -0.95 3.8173E-11
4.4668E+03 -0.95 2.5550E-11
5.0119E+03 -0.95 1.6447E-11
5.6234E+03 -0.95 1.0627E-11
6.3096E+03 -0.95 7.0519E-12
7.0795E+03 -0.95 4.7331E-12
7.9433E+03 -0.95 3.1108E-12
8.9125E+03 -0.95 2.0177E-12
1.0000E+04 -0.95 1.3068E-12
