1.0000E-01 0.95 3.7777E+03
1.1220E-01 0.95 3.4072E+03
1.2589E-01 0.95 3.0411E+03
1.4125E-01 0.95 2.6868E+03
1.5849E-01 0.95 2.3510E+03
1.7783E-01 0.95 2.0358E+03
1.9953E-01 0.95 1.7415E+03
2.2387E-01 0.95 1.4727E+03
2.5119E-01 0.95 1.2294E+03
2.8184E-01 0.95 1.0105E+03
3.1623E-01 0.95 8.1882E+02
3.5481E-01 0.95 6.5428E+02
3.9811E-01 0.95 5.1581E+02
4.4668E-01 0.95 4.0209E+02
5.0119E-01 0.95 3.0974E+02
5.6234E-01 0.95 2.3619E+02
6.3096E-01 0.95 1.7853E+02
7.0795E-01 0.95 1.3380E+02
7.9433E-01 0.95 9.9532E+01
8.9125E-01 0.95 7.3430E+01
1.0000E+00 0.95 5.3708E+01
1.1220E+00 0.95 3.9078E+01
1.2589E+00 0.95 2.8323E+01
1.4125E+00 0.95 2.0340E+01
1.5849E+00 0.95 1.4473E+01
1.7783E+00 0.95 1.0242E+01
1.9953E+00 0.95 7.2093E+00
2.2387E+00 0.95 5.0446E+00
2.5119E+00 0.95 3.5095E+00
2.8184E+00 0.95 2.4287E+00
3.1623E+00 0.95 1.6736E+00
3.5481E+00 0.95 1.1481E+00
3.9811E+00 0.95 7.8431E-01
4.4668E+00 0.95 5.3170E-01
5.0119E+00 0.95 3.5918E-01
5.6234E+00 0.95 2.4314E-01
6.3096E+00 0.95 1.6453E-01
7.0795E+00 0.95 1.0990E-01
7.9433E+00 0.95 7.3184E-02
8.9125E+00 0.95 4.8774E-02
1.0000E+01 0.95 3.2544E-02
1.1220E+01 0.95 2.1780E-02
1.2589E+01 0.95 1.4564E-02
1.4125E+01 0.95 9.7331E-03
1.5849E+01 0.95 6.5354E-03
1.7783E+01 0.95 4.3640E-03
1.9953E+01 0.95 2.9178E-03
2.2387E+01 0.95 1.9526E-03
2.5119E+01 0.95 1.3217E-03
2.8184E+01 0.95 8.8382E-04
3.1623E+01 0.95 5.9197E-04
3.5481E+01 0.95 3.9851E-04
3.9811E+01 0.95 2.6853E-04
4.4668E+01 0.95 1.8008E-04
5.0119E+01 0.95 1.2097E-04
5.6234E+01 0.95 8.1396E-05
6.3096E+01 0.95 5.5264E-05
7.0795E+01 0.95 3.7291E-05
7.9433E+01 0.95 2.5146E-05
8.9125E+01 0.95 1.7057E-05
1.0000E+02 0.95 1.1531E-05
1.1220E+02 0.95 7.8206E-06
1.2589E+02 0.95 5.3143E-06
1.4125E+02 0.95 3.5769E-06
1.5849E+02 0.95 2.4133E-06
1.7783E+02 0.95 1.6298E-06
1.9953E+02 0.95 1.1048E-06
2.2387E+02 0.95 7.5451E-07
2.5119E+02 0.95 5.0435E-07
2.8184E+02 0.95 3.3716E-07
3.1623E+02 0.95 2.2860E-07
3.5481E+02 0.95 1.5438E-07
3.9811E+02 0.95 1.0389E-07
4.4668E+02 0.95 6.9643E-08
5.0119E+02 0.95 4.6897E-08
5.6234E+02 0.95 3.1727E-08
6.3096E+02 0.95 2.1181E-08
7.0795E+02 0.95 1.4083E-08
7.9433E+02 0.95 9.2281E-09
8.9125E+02 0.95 6.1254E-09
1.0000E+03 0.95 4.0980E-09
1.1220E+03 0.95 2.7128E-09
1.2589E+03 0.95 1.7989E-09
1.4125E+03 0.95 1.1902E-09
1.5849E+03 0.95 8.0359E-10
1.7783E+03 0.95 5.2766E-10
1.9953E+03 0.95 3.4524E-10
2.2387E+03 0.95 2.2824E-10
2.5119E+03 0.95 1.5045E-10
2.8184E+03 0.95 9.8083E-11
3.1623E+03 0.95 6.4403E-11
3.5481E+03 0.95 4.2335E-11
3.9811E+03 0.95 2.7489E-11
4.4668E+03 0.95 1.7711E-11
5.0119E+03 0.95 1.2322E-11
5.6234E+03 0.95 8.2017E-12
6.3096E+03 0.95 4.9656E-12
7.0795E+03 0.95 3.0230E-12
7.9433E+03 0.95 2.1033E-12
8.9125E+03 0.95 1.5450E-12
1.0000E+04 0.95 9.8713E-13
1.0000E-01 0.85 3.8982E+03
1.1220E-01 0.85 3.5104E+03
1.2589E-01 0.85 3.1283E+03
1.4125E-01 0.85 2.7603E+03
1.5849E-01 0.85 2.4135E+03
1.7783E-01 0.85 2.0888E+03
1.9953E-01 0.85 1.7876E+03
2.2387E-01 0.85 1.5123E+03
2.5119E-01 0.85 1.2624E+03
2.8184E-01 0.85 1.0401E+03
3.1623E-01 0.85 8.4503E+02
3.5481E-01 0.85 6.7682E+02
3.9811E-01 0.85 5.3464E+02
4.4668E-01 0.85 4.1784E+02
5.0119E-01 0.85 3.2332E+02
5.6234E-01 0.85 2.4717E+02
6.3096E-01 0.85 1.8742E+02
7.0795E-01 0.85 1.4088E+02
7.9433E-01 0.85 1.0490E+02
8.9125E-01 0.85 7.7713E+01
1.0000E+00 0.85 5.7166E+01
1.1220E+00 0.85 4.1739E+01
1.2589E+00 0.85 3.0240E+01
1.4125E+00 0.85 2.1799E+01
1.5849E+00 0.85 1.5604E+01
1.7783E+00 0.85 1.1094E+01
1.9953E+00 0.85 7.8288E+00
2.2387E+00 0.85 5.4885E+00
2.5119E+00 0.85 3.8284E+00
2.8184E+00 0.85 2.6625E+00
3.1623E+00 0.85 1.8400E+00
3.5481E+00 0.85 1.2645E+00
3.9811E+00 0.85 8.6435E-01
4.4668E+00 0.85 5.8882E-01
5.0119E+00 0.85 3.9955E-01
5.6234E+00 0.85 2.7001E-01
6.3096E+00 0.85 1.8259E-01
7.0795E+00 0.85 1.2230E-01
7.9433E+00 0.85 8.1961E-02
8.9125E+00 0.85 5.4791E-02
1.0000E+01 0.85 3.6473E-02
1.1220E+01 0.85 2.4416E-02
1.2589E+01 0.85 1.6367E-02
1.4125E+01 0.85 1.0951E-02
1.5849E+01 0.85 7.3590E-03
1.7783E+01 0.85 4.9098E-03
1.9953E+01 0.85 3.2745E-03
2.2387E+01 0.85 2.1827E-03
2.5119E+01 0.85 1.4722E-03
2.8184E+01 0.85 9.8592E-04
3.1623E+01 0.85 6.6030E-04
3.5481E+01 0.85 4.4049E-04
3.9811E+01 0.85 2.9594E-04
4.4668E+01 0.85 1.9910E-04
5.0119E+01 0.85 1.3341E-04
5.6234E+01 0.85 8.9448E-05
6.3096E+01 0.85 6.0549E-05
7.0795E+01 0.85 4.0736E-05
7.9433E+01 0.85 2.7509E-05
8.9125E+01 0.85 1.8572E-05
1.0000E+02 0.85 1.2524E-05
1.1220E+02 0.85 8.4814E-06
1.2589E+02 0.85 5.7049E-06
1.4125E+02 0.85 3.8486E-06
1.5849E+02 0.85 2.6196E-06
1.7783E+02 0.85 1.7808E-06
1.9953E+02 0.85 1.1959E-06
2.2387E+02 0.85 8.0551E-07
2.5119E+02 0.85 5.5266E-07
2.8184E+02 0.85 3.7407E-07
3.1623E+02 0.85 2.5015E-07
3.5481E+02 0.85 1.6716E-07
3.9811E+02 0.85 1.1299E-07
4.4668E+02 0.85 7.6282E-08
5.0119E+02 0.85 5.0836E-08
5.6234E+02 0.85 3.4241E-08
6.3096E+02 0.85 2.2962E-08
7.0795E+02 0.85 1.5248E-08
7.9433E+02 0.85 9.9764E-09
8.9125E+02 0.85 6.7635E-09
1.0000E+03 0.85 4.5321E-09
1.1220E+03 0.85 2.9693E-09
1.2589E+03 0.85 2.0074E-09
1.4125E+03 0.85 1.3146E-09
1.5849E+03 0.85 8.6558E-10
1.7783E+03 0.85 5.7535E-10
1.9953E+03 0.85 3.7597E-10
2.2387E+03 0.85 2.5333E-10
2.5119E+03 0.85 1.6659E-10
2.8184E+03 0.85 1.0916E-10
3.1623E+03 0.85 7.1755E-11
3.5481E+03 0.85 4.6352E-11
3.9811E+03 0.85 3.0895E-11
4.4668E+03 0.85 2.0354E-11
5.0119E+03 0.85 1.2964E-11
5.6234E+03 0.85 8.4784E-12
6.3096E+03 0.85 5.6416E-12
7.0795E+03 0.85 3.7230E-12
7.9433E+03 0.85 2.2783E-12
8.9125E+03 0.85 1.3898E-12
1.0000E+04 0.85 9.6326E-13
1.0000E-01 0.75 4.0468E+03
1.1220E-01 0.75 3.6367E+03
1.2589E-01 0.75 3.2342E+03
1.4125E-01 0.75 2.8488E+03
1.5849E-01 0.75 2.4879E+03
1.7783E-01 0.75 2.1488E+03
1.9953E-01 0.75 1.8356E+03
2.2387E-01 0.75 1.5528E+03
2.5119E-01 0.75 1.2980E+03
2.8184E-01 0.75 1.0709E+03
3.1623E-01 0.75 8.7122E+02
3.5481E-01 0.75 6.9886E+02
3.9811E-01 0.75 5.5422E+02
4.4668E-01 0.75 4.3453E+02
5.0119E-01 0.75 3.3659E+02
5.6234E-01 0.75 2.5840E+02
6.3096E-01 0.75 1.9682E+02
7.0795E-01 0.75 1.4863E+02
7.9433E-01 0.75 1.1135E+02
8.9125E-01 0.75 8.2664E+01
1.0000E+00 0.75 6.0928E+01
1.1220E+00 0.75 4.4645E+01
1.2589E+00 0.75 3.2498E+01
1.4125E+00 0.75 2.3500E+01
1.5849E+00 0.75 1.6878E+01
1.7783E+00 0.75 1.2037E+01
1.9953E+00 0.75 8.5205E+00
2.2387E+00 0.75 6.0007E+00
2.5119E+00 0.75 4.2034E+00
2.8184E+00 0.75 2.9302E+00
3.1623E+00 0.75 2.0329E+00
3.5481E+00 0.75 1.4026E+00
3.9811E+00 0.75 9.6124E-01
4.4668E+00 0.75 6.5633E-01
5.0119E+00 0.75 4.4615E-01
5.6234E+00 0.75 3.0269E-01
6.3096E+00 0.75 2.0578E-01
7.0795E+00 0.75 1.3800E-01
7.9433E+00 0.75 9.2307E-02
8.9125E+00 0.75 6.2194E-02
1.0000E+01 0.75 4.1688E-02
1.1220E+01 0.75 2.7703E-02
1.2589E+01 0.75 1.8569E-02
1.4125E+01 0.75 1.2433E-02
1.5849E+01 0.75 8.2856E-03
1.7783E+01 0.75 5.5423E-03
1.9953E+01 0.75 3.7153E-03
2.2387E+01 0.75 2.4796E-03
2.5119E+01 0.75 1.6734E-03
2.8184E+01 0.75 1.1168E-03
3.1623E+01 0.75 7.4600E-04
3.5481E+01 0.75 5.0035E-04
3.9811E+01 0.75 3.3461E-04
4.4668E+01 0.75 2.2455E-04
5.0119E+01 0.75 1.5103E-04
5.6234E+01 0.75 1.0109E-04
6.3096E+01 0.75 6.7786E-05
7.0795E+01 0.75 4.5606E-05
7.9433E+01 0.75 3.0581E-05
8.9125E+01 0.75 2.0672E-05
1.0000E+02 0.75 1.3992E-05
1.1220E+02 0.75 9.4179E-06
1.2589E+02 0.75 6.3607E-06
1.4125E+02 0.75 4.3011E-06
1.5849E+02 0.75 2.8964E-06
1.7783E+02 0.75 1.9532E-06
1.9953E+02 0.75 1.3178E-06
2.2387E+02 0.75 8.9078E-07
2.5119E+02 0.75 5.9764E-07
2.8184E+02 0.75 4.0464E-07
3.1623E+02 0.75 2.7572E-07
3.5481E+02 0.75 1.8535E-07
3.9811E+02 0.75 1.2398E-07
4.4668E+02 0.75 8.3735E-08
5.0119E+02 0.75 5.6269E-08
5.6234E+02 0.75 3.7204E-08
6.3096E+02 0.75 2.4921E-08
7.0795E+02 0.75 1.6846E-08
7.9433E+02 0.75 1.1420E-08
8.9125E+02 0.75 7.6140E-09
1.0000E+03 0.75 5.0204E-09
1.1220E+03 0.75 3.3293E-09
1.2589E+03 0.75 2.1936E-09
1.4125E+03 0.75 1.4647E-09
1.5849E+03 0.75 9.7606E-10
1.7783E+03 0.75 6.3550E-10
1.9953E+03 0.75 4.2382E-10
2.2387E+03 0.75 2.8163E-10
2.5119E+03 0.75 1.8063E-10
2.8184E+03 0.75 1.1662E-10
3.1623E+03 0.75 7.7979E-11
3.5481E+03 0.75 5.1494E-11
3.9811E+03 0.75 3.3776E-11
4.4668E+03 0.75 2.1237E-11
5.0119E+03 0.75 1.3735E-11
5.6234E+03 0.75 9.4239E-12
6.3096E+03 0.75 6.2745E-12
7.0795E+03 0.75 4.3181E-12
7.9433E+03 0.75 2.5973E-12
8.9125E+03 0.75 1.6069E-12
1.0000E+04 0.75 1.1125E-12
1.0000E-01 0.65 4.2631E+03
1.1220E-01 0.65 3.8126E+03
1.2589E-01 0.65 3.3786E+03
1.4125E-01 0.65 2.9682E+03
1.5849E-01 0.65 2.5822E+03
1.7783E-01 0.65 2.2253E+03
1.9953E-01 0.65 1.8993E+03
2.2387E-01 0.65 1.6030E+03
2.5119E-01 0.65 1.3373E+03
2.8184E-01 0.65 1.1032E+03
3.1623E-01 0.65 8.9792E+02
3.5481E-01 0.65 7.2161E+02
3.9811E-01 0.65 5.7368E+02
4.4668E-01 0.65 4.5066E+02
5.0119E-01 0.65 3.5075E+02
5.6234E-01 0.65 2.7055E+02
6.3096E-01 0.65 2.0679E+02
7.0795E-01 0.65 1.5652E+02
7.9433E-01 0.65 1.1770E+02
8.9125E-01 0.65 8.7967E+01
1.0000E+00 0.65 6.5027E+01
1.1220E+00 0.65 4.7758E+01
1.2589E+00 0.65 3.4919E+01
1.4125E+00 0.65 2.5400E+01
1.5849E+00 0.65 1.8305E+01
1.7783E+00 0.65 1.3105E+01
1.9953E+00 0.65 9.3313E+00
2.2387E+00 0.65 6.6007E+00
2.5119E+00 0.65 4.6371E+00
2.8184E+00 0.65 3.2432E+00
3.1623E+00 0.65 2.2624E+00
3.5481E+00 0.65 1.5736E+00
3.9811E+00 0.65 1.0845E+00
4.4668E+00 0.65 7.4154E-01
5.0119E+00 0.65 5.0579E-01
5.6234E+00 0.65 3.4289E-01
6.3096E+00 0.65 2.3371E-01
7.0795E+00 0.65 1.5741E-01
7.9433E+00 0.65 1.0594E-01
8.9125E+00 0.65 7.1142E-02
1.0000E+01 0.65 4.7779E-02
1.1220E+01 0.65 3.2088E-02
1.2589E+01 0.65 2.1542E-02
1.4125E+01 0.65 1.4334E-02
1.5849E+01 0.65 9.6087E-03
1.7783E+01 0.65 6.4526E-03
1.9953E+01 0.65 4.2846E-03
2.2387E+01 0.65 2.8875E-03
2.5119E+01 0.65 1.9369E-03
2.8184E+01 0.65 1.3012E-03
3.1623E+01 0.65 8.6775E-04
3.5481E+01 0.65 5.7773E-04
3.9811E+01 0.65 3.8616E-04
4.4668E+01 0.65 2.5875E-04
5.0119E+01 0.65 1.7301E-04
5.6234E+01 0.65 1.1573E-04
6.3096E+01 0.65 7.7425E-05
7.0795E+01 0.65 5.1699E-05
7.9433E+01 0.65 3.4649E-05
8.9125E+01 0.65 2.3353E-05
1.0000E+02 0.65 1.5736E-05
1.1220E+02 0.65 1.0595E-05
1.2589E+02 0.65 7.1251E-06
1.4125E+02 0.65 4.8110E-06
1.5849E+02 0.65 3.2447E-06
1.7783E+02 0.65 2.1797E-06
1.9953E+02 0.65 1.4647E-06
2.2387E+02 0.65 9.8852E-07
2.5119E+02 0.65 6.6813E-07
2.8184E+02 0.65 4.4783E-07
3.1623E+02 0.65 3.0284E-07
3.5481E+02 0.65 2.0482E-07
3.9811E+02 0.65 1.3751E-07
4.4668E+02 0.65 9.3410E-08
5.0119E+02 0.65 6.2992E-08
5.6234E+02 0.65 4.1995E-08
6.3096E+02 0.65 2.7947E-08
7.0795E+02 0.65 1.8620E-08
7.9433E+02 0.65 1.2577E-08
8.9125E+02 0.65 8.3753E-09
1.0000E+03 0.65 5.5384E-09
1.1220E+03 0.65 3.6920E-09
1.2589E+03 0.65 2.4658E-09
1.4125E+03 0.65 1.6476E-09
1.5849E+03 0.65 1.1050E-09
1.7783E+03 0.65 7.4481E-10
1.9953E+03 0.65 4.7807E-10
2.2387E+03 0.65 3.1434E-10
2.5119E+03 0.65 2.1370E-10
2.8184E+03 0.65 1.3890E-10
3.1623E+03 0.65 8.8209E-11
3.5481E+03 0.65 5.9094E-11
3.9811E+03 0.65 3.8800E-11
4.4668E+03 0.65 2.5639E-11
5.0119E+03 0.65 1.7485E-11
5.6234E+03 0.65 1.1398E-11
6.3096E+03 0.65 7.2180E-12
7.0795E+03 0.65 4.5957E-12
7.9433E+03 0.65 2.9922E-12
8.9125E+03 0.65 2.1250E-12
1.0000E+04 0.65 1.3853E-12
1.0000E-01 0.55 4.5512E+03
1.1220E-01 0.55 4.0510E+03
1.2589E-01 0.55 3.5740E+03
1.4125E-01 0.55 3.1219E+03
1.5849E-01 0.55 2.7026E+03
1.7783E-01 0.55 2.3194E+03
1.9953E-01 0.55 1.9728E+03
2.2387E-01 0.55 1.6607E+03
2.5119E-01 0.55 1.3828E+03
2.8184E-01 0.55 1.1378E+03
3.1623E-01 0.55 9.2526E+02
3.5481E-01 0.55 7.4495E+02
3.9811E-01 0.55 5.9374E+02
4.4668E-01 0.55 4.6789E+02
5.0119E-01 0.55 3.6496E+02
5.6234E-01 0.55 2.8233E+02
6.3096E-01 0.55 2.1666E+02
7.0795E-01 0.55 1.6473E+02
7.9433E-01 0.55 1.2427E+02
8.9125E-01 0.55 9.3190E+01
1.0000E+00 0.55 6.9431E+01
1.1220E+00 0.55 5.1326E+01
1.2589E+00 0.55 3.7641E+01
1.4125E+00 0.55 2.7515E+01
1.5849E+00 0.55 1.9963E+01
1.7783E+00 0.55 1.4359E+01
1.9953E+00 0.55 1.0264E+01
2.2387E+00 0.55 7.3113E+00
2.5119E+00 0.55 5.1662E+00
2.8184E+00 0.55 3.6244E+00
3.1623E+00 0.55 2.5356E+00
3.5481E+00 0.55 1.7645E+00
3.9811E+00 0.55 1.2235E+00
4.4668E+00 0.55 8.4372E-01
5.0119E+00 0.55 5.7755E-01
5.6234E+00 0.55 3.9323E-01
6.3096E+00 0.55 2.6951E-01
7.0795E+00 0.55 1.8207E-01
7.9433E+00 0.55 1.2271E-01
8.9125E+00 0.55 8.2757E-02
1.0000E+01 0.55 5.5804E-02
1.1220E+01 0.55 3.7538E-02
1.2589E+01 0.55 2.5214E-02
1.4125E+01 0.55 1.6973E-02
1.5849E+01 0.55 1.1330E-02
1.7783E+01 0.55 7.5821E-03
1.9953E+01 0.55 5.0915E-03
2.2387E+01 0.55 3.3968E-03
2.5119E+01 0.55 2.2976E-03
2.8184E+01 0.55 1.5270E-03
3.1623E+01 0.55 1.0189E-03
3.5481E+01 0.55 6.8351E-04
3.9811E+01 0.55 4.5723E-04
4.4668E+01 0.55 3.0570E-04
5.0119E+01 0.55 2.0438E-04
5.6234E+01 0.55 1.3663E-04
6.3096E+01 0.55 9.1036E-05
7.0795E+01 0.55 6.0636E-05
7.9433E+01 0.55 4.0492E-05
8.9125E+01 0.55 2.7117E-05
1.0000E+02 0.55 1.8228E-05
1.1220E+02 0.55 1.2288E-05
1.2589E+02 0.55 8.2344E-06
1.4125E+02 0.55 5.5217E-06
1.5849E+02 0.55 3.7265E-06
1.7783E+02 0.55 2.4965E-06
1.9953E+02 0.55 1.6801E-06
2.2387E+02 0.55 1.1289E-06
2.5119E+02 0.55 7.5628E-07
2.8184E+02 0.55 5.1156E-07
3.1623E+02 0.55 3.4708E-07
3.5481E+02 0.55 2.3461E-07
3.9811E+02 0.55 1.5830E-07
4.4668E+02 0.55 1.0701E-07
5.0119E+02 0.55 7.1402E-08
5.6234E+02 0.55 4.8149E-08
6.3096E+02 0.55 3.2116E-08
7.0795E+02 0.55 2.1346E-08
7.9433E+02 0.55 1.4505E-08
8.9125E+02 0.55 9.6656E-09
1.0000E+03 0.55 6.4079E-09
1.1220E+03 0.55 4.2763E-09
1.2589E+03 0.55 2.8388E-09
1.4125E+03 0.55 1.9064E-09
1.5849E+03 0.55 1.2844E-09
1.7783E+03 0.55 8.4981E-10
1.9953E+03 0.55 5.6581E-10
2.2387E+03 0.55 3.7703E-10
2.5119E+03 0.55 2.4883E-10
2.8184E+03 0.55 1.6684E-10
3.1623E+03 0.55 1.1027E-10
3.5481E+03 0.55 6.9617E-11
3.9811E+03 0.55 4.5510E-11
4.4668E+03 0.55 2.9490E-11
5.0119E+03 0.55 1.9419E-11
5.6234E+03 0.55 1.2995E-11
6.3096E+03 0.55 8.4020E-12
7.0795E+03 0.55 5.6826E-12
7.9433E+03 0.55 3.9375E-12
8.9125E+03 0.55 2.4205E-12
1.0000E+04 0.55 1.4612E-12
1.0000E-01 0.45 4.9779E+03
1.1220E-01 0.45 4.4035E+03
1.2589E-01 0.45 3.8606E+03
1.4125E-01 0.45 3.3535E+03
1.5849E-01 0.45 2.8877E+03
1.7783E-01 0.45 2.4659E+03
1.9953E-01 0.45 2.0835E+03
2.2387E-01 0.45 1.7449E+03
2.5119E-01 0.45 1.4471E+03
2.8184E-01 0.45 1.1864E+03
3.1623E-01 0.45 9.6196E+02
3.5481E-01 0.45 7.7294E+02
3.9811E-01 0.45 6.1543E+02
4.4668E-01 0.45 4.8531E+02
5.0119E-01 0.45 3.7941E+02
5.6234E-01 0.45 2.9438E+02
6.3096E-01 0.45 2.2660E+02
7.0795E-01 0.45 1.7327E+02
7.9433E-01 0.45 1.3152E+02
8.9125E-01 0.45 9.9077E+01
1.0000E+00 0.45 7.4285E+01
1.1220E+00 0.45 5.5203E+01
1.2589E+00 0.45 4.0610E+01
1.4125E+00 0.45 2.9854E+01
1.5849E+00 0.45 2.1769E+01
1.7783E+00 0.45 1.5748E+01
1.9953E+00 0.45 1.1328E+01
2.2387E+00 0.45 8.1132E+00
2.5119E+00 0.45 5.7721E+00
2.8184E+00 0.45 4.0821E+00
3.1623E+00 0.45 2.8710E+00
3.5481E+00 0.45 2.0081E+00
3.9811E+00 0.45 1.3994E+00
4.4668E+00 0.45 9.7071E-01
5.0119E+00 0.45 6.6770E-01
5.6234E+00 0.45 4.5748E-01
6.3096E+00 0.45 3.1619E-01
7.0795E+00 0.45 2.1473E-01
7.9433E+00 0.45 1.4563E-01
8.9125E+00 0.45 9.9398E-02
1.0000E+01 0.45 6.7191E-02
1.1220E+01 0.45 4.5250E-02
1.2589E+01 0.45 3.0469E-02
1.4125E+01 0.45 2.0405E-02
1.5849E+01 0.45 1.3799E-02
1.7783E+01 0.45 9.2913E-03
1.9953E+01 0.45 6.2493E-03
2.2387E+01 0.45 4.1939E-03
2.5119E+01 0.45 2.7998E-03
2.8184E+01 0.45 1.8764E-03
3.1623E+01 0.45 1.2564E-03
3.5481E+01 0.45 8.3699E-04
3.9811E+01 0.45 5.5997E-04
4.4668E+01 0.45 3.7523E-04
5.0119E+01 0.45 2.4909E-04
5.6234E+01 0.45 1.6559E-04
6.3096E+01 0.45 1.1067E-04
7.0795E+01 0.45 7.4023E-05
7.9433E+01 0.45 4.9354E-05
8.9125E+01 0.45 3.3024E-05
1.0000E+02 0.45 2.2073E-05
1.1220E+02 0.45 1.4689E-05
1.2589E+02 0.45 9.8632E-06
1.4125E+02 0.45 6.5864E-06
1.5849E+02 0.45 4.4177E-06
1.7783E+02 0.45 2.9661E-06
1.9953E+02 0.45 1.9754E-06
2.2387E+02 0.45 1.3286E-06
2.5119E+02 0.45 9.0022E-07
2.8184E+02 0.45 5.9895E-07
3.1623E+02 0.45 4.0235E-07
3.5481E+02 0.45 2.7259E-07
3.9811E+02 0.45 1.8302E-07
4.4668E+02 0.45 1.2431E-07
5.0119E+02 0.45 8.3221E-08
5.6234E+02 0.45 5.6057E-08
6.3096E+02 0.45 3.7539E-08
7.0795E+02 0.45 2.5207E-08
7.9433E+02 0.45 1.6824E-08
8.9125E+02 0.45 1.0984E-08
1.0000E+03 0.45 7.3851E-09
1.1220E+03 0.45 5.0366E-09
1.2589E+03 0.45 3.3991E-09
1.4125E+03 0.45 2.2622E-09
1.5849E+03 0.45 1.4903E-09
1.7783E+03 0.45 9.8787E-10
1.9953E+03 0.45 6.6670E-10
2.2387E+03 0.45 4.3624E-10
2.5119E+03 0.45 2.8504E-10
2.8184E+03 0.45 1.8758E-10
3.1623E+03 0.45 1.2430E-10
3.5481E+03 0.45 8.5708E-11
3.9811E+03 0.45 5.5861E-11
4.4668E+03 0.45 3.5505E-11
5.0119E+03 0.45 2.3661E-11
5.6234E+03 0.45 1.5224E-11
6.3096E+03 0.45 9.8780E-12
7.0795E+03 0.45 6.8171E-12
7.9433E+03 0.45 4.5339E-12
8.9125E+03 0.45 2.9111E-12
1.0000E+04 0.45 1.8654E-12
1.0000E-01 0.35 5.6926E+03
1.1220E-01 0.35 5.0015E+03
1.2589E-01 0.35 4.3489E+03
1.4125E-01 0.35 3.7417E+03
1.5849E-01 0.35 3.1942E+03
1.7783E-01 0.35 2.7022E+03
1.9953E-01 0.35 2.2640E+03
2.2387E-01 0.35 1.8774E+03
2.5119E-01 0.35 1.5423E+03
2.8184E-01 0.35 1.2568E+03
3.1623E-01 0.35 1.0148E+03
3.5481E-01 0.35 8.1116E+02
3.9811E-01 0.35 6.4306E+02
4.4668E-01 0.35 5.0659E+02
5.0119E-01 0.35 3.9634E+02
5.6234E-01 0.35 3.0757E+02
6.3096E-01 0.35 2.3716E+02
7.0795E-01 0.35 1.8167E+02
7.9433E-01 0.35 1.3832E+02
8.9125E-01 0.35 1.0465E+02
1.0000E+00 0.35 7.8876E+01
1.1220E+00 0.35 5.9150E+01
1.2589E+00 0.35 4.3647E+01
1.4125E+00 0.35 3.2336E+01
1.5849E+00 0.35 2.3781E+01
1.7783E+00 0.35 1.7347E+01
1.9953E+00 0.35 1.2596E+01
2.2387E+00 0.35 9.0711E+00
2.5119E+00 0.35 6.4982E+00
2.8184E+00 0.35 4.6319E+00
3.1623E+00 0.35 3.2807E+00
3.5481E+00 0.35 2.3055E+00
3.9811E+00 0.35 1.6213E+00
4.4668E+00 0.35 1.1364E+00
5.0119E+00 0.35 7.8850E-01
5.6234E+00 0.35 5.4416E-01
6.3096E+00 0.35 3.7702E-01
7.0795E+00 0.35 2.5865E-01
7.9433E+00 0.35 1.7646E-01
8.9125E+00 0.35 1.2016E-01
1.0000E+01 0.35 8.2206E-02
1.1220E+01 0.35 5.5794E-02
1.2589E+01 0.35 3.7744E-02
1.4125E+01 0.35 2.5607E-02
1.5849E+01 0.35 1.7243E-02
1.7783E+01 0.35 1.1628E-02
1.9953E+01 0.35 7.8998E-03
2.2387E+01 0.35 5.2595E-03
2.5119E+01 0.35 3.5755E-03
2.8184E+01 0.35 2.3995E-03
3.1623E+01 0.35 1.6057E-03
3.5481E+01 0.35 1.0742E-03
3.9811E+01 0.35 7.1867E-04
4.4668E+01 0.35 4.8139E-04
5.0119E+01 0.35 3.2253E-04
5.6234E+01 0.35 2.1397E-04
6.3096E+01 0.35 1.4261E-04
7.0795E+01 0.35 9.5096E-05
7.9433E+01 0.35 6.3387E-05
8.9125E+01 0.35 4.2226E-05
1.0000E+02 0.35 2.7999E-05
1.1220E+02 0.35 1.8636E-05
1.2589E+02 0.35 1.2425E-05
1.4125E+02 0.35 8.2936E-06
1.5849E+02 0.35 5.5150E-06
1.7783E+02 0.35 3.6658E-06
1.9953E+02 0.35 2.4689E-06
2.2387E+02 0.35 1.6548E-06
2.5119E+02 0.35 1.0981E-06
2.8184E+02 0.35 7.3704E-07
3.1623E+02 0.35 4.9669E-07
3.5481E+02 0.35 3.3431E-07
3.9811E+02 0.35 2.2526E-07
4.4668E+02 0.35 1.5155E-07
5.0119E+02 0.35 1.0096E-07
5.6234E+02 0.35 6.7519E-08
6.3096E+02 0.35 4.5622E-08
7.0795E+02 0.35 3.0569E-08
7.9433E+02 0.35 2.0441E-08
8.9125E+02 0.35 1.3605E-08
1.0000E+03 0.35 9.0666E-09
1.1220E+03 0.35 6.1193E-09
1.2589E+03 0.35 4.1255E-09
1.4125E+03 0.35 2.7821E-09
1.5849E+03 0.35 1.8468E-09
1.7783E+03 0.35 1.2136E-09
1.9953E+03 0.35 8.0768E-10
2.2387E+03 0.35 5.3782E-10
2.5119E+03 0.35 3.5243E-10
2.8184E+03 0.35 2.3349E-10
3.1623E+03 0.35 1.5396E-10
3.5481E+03 0.35 9.9994E-11
3.9811E+03 0.35 6.7865E-11
4.4668E+03 0.35 4.4366E-11
5.0119E+03 0.35 2.8310E-11
5.6234E+03 0.35 1.9385E-11
6.3096E+03 0.35 1.3151E-11
7.0795E+03 0.35 8.7778E-12
7.9433E+03 0.35 5.7684E-12
8.9125E+03 0.35 3.3505E-12
1.0000E+04 0.35 2.2116E-12
1.0000E-01 0.25 6.9735E+03
1.1220E-01 0.25 6.0714E+03
1.2589E-01 0.25 5.2339E+03
1.4125E-01 0.25 4.4574E+03
1.5849E-01 0.25 3.7539E+03
1.7783E-01 0.25 3.1364E+03
1.9953E-01 0.25 2.5980E+03
2.2387E-01 0.25 2.1305E+03
2.5119E-01 0.25 1.7302E+03
2.8184E-01 0.25 1.3920E+03
3.1623E-01 0.25 1.1110E+03
3.5481E-01 0.25 8.8004E+02
3.9811E-01 0.25 6.9192E+02
4.4668E-01 0.25 5.4049E+02
5.0119E-01 0.25 4.2036E+02
5.6234E-01 0.25 3.2481E+02
6.3096E-01 0.25 2.4964E+02
7.0795E-01 0.25 1.9100E+02
7.9433E-01 0.25 1.4562E+02
8.9125E-01 0.25 1.1062E+02
1.0000E+00 0.25 8.3520E+01
1.1220E+00 0.25 6.2797E+01
1.2589E+00 0.25 4.6724E+01
1.4125E+00 0.25 3.4868E+01
1.5849E+00 0.25 2.5821E+01
1.7783E+00 0.25 1.8992E+01
1.9953E+00 0.25 1.3891E+01
2.2387E+00 0.25 1.0126E+01
2.5119E+00 0.25 7.3310E+00
2.8184E+00 0.25 5.2593E+00
3.1623E+00 0.25 3.7597E+00
3.5481E+00 0.25 2.6839E+00
3.9811E+00 0.25 1.9024E+00
4.4668E+00 0.25 1.3458E+00
5.0119E+00 0.25 9.4527E-01
5.6234E+00 0.25 6.5720E-01
6.3096E+00 0.25 4.6079E-01
7.0795E+00 0.25 3.1800E-01
7.9433E+00 0.25 2.1914E-01
8.9125E+00 0.25 1.5108E-01
1.0000E+01 0.25 1.0418E-01
1.1220E+01 0.25 7.1346E-02
1.2589E+01 0.25 4.8869E-02
1.4125E+01 0.25 3.3566E-02
1.5849E+01 0.25 2.2747E-02
1.7783E+01 0.25 1.5425E-02
1.9953E+01 0.25 1.0557E-02
2.2387E+01 0.25 7.1321E-03
2.5119E+01 0.25 4.8201E-03
2.8184E+01 0.25 3.2509E-03
3.1623E+01 0.25 2.1916E-03
3.5481E+01 0.25 1.4761E-03
3.9811E+01 0.25 9.9227E-04
4.4668E+01 0.25 6.6380E-04
5.0119E+01 0.25 4.4300E-04
5.6234E+01 0.25 2.9593E-04
6.3096E+01 0.25 1.9747E-04
7.0795E+01 0.25 1.3152E-04
7.9433E+01 0.25 8.7711E-05
8.9125E+01 0.25 5.8441E-05
1.0000E+02 0.25 3.8777E-05
1.1220E+02 0.25 2.5674E-05
1.2589E+02 0.25 1.7037E-05
1.4125E+02 0.25 1.1322E-05
1.5849E+02 0.25 7.5021E-06
1.7783E+02 0.25 5.0070E-06
1.9953E+02 0.25 3.3418E-06
2.2387E+02 0.25 2.2164E-06
2.5119E+02 0.25 1.4769E-06
2.8184E+02 0.25 9.8465E-07
3.1623E+02 0.25 6.5832E-07
3.5481E+02 0.25 4.4025E-07
3.9811E+02 0.25 2.9395E-07
4.4668E+02 0.25 1.9587E-07
5.0119E+02 0.25 1.3130E-07
5.6234E+02 0.25 8.8000E-08
6.3096E+02 0.25 5.9176E-08
7.0795E+02 0.25 3.9820E-08
7.9433E+02 0.25 2.7002E-08
8.9125E+02 0.25 1.8070E-08
1.0000E+03 0.25 1.1916E-08
1.1220E+03 0.25 7.9719E-09
1.2589E+03 0.25 5.3124E-09
1.4125E+03 0.25 3.4753E-09
1.5849E+03 0.25 2.3208E-09
1.7783E+03 0.25 1.5818E-09
1.9953E+03 0.25 1.0450E-09
2.2387E+03 0.25 6.8795E-10
2.5119E+03 0.25 4.6507E-10
2.8184E+03 0.25 3.1349E-10
3.1623E+03 0.25 2.0263E-10
3.5481E+03 0.25 1.3314E-10
3.9811E+03 0.25 9.0515E-11
4.4668E+03 0.25 6.0216E-11
5.0119E+03 0.25 3.8081E-11
5.6234E+03 0.25 2.1823E-11
6.3096E+03 0.25 1.5463E-11
7.0795E+03 0.25 1.1354E-11
7.9433E+03 0.25 7.3185E-12
8.9125E+03 0.25 4.6517E-12
1.0000E+04 0.25 2.8608E-12
1.0000E-01 0.15 9.6975E+03
1.1220E-01 0.15 8.3579E+03
1.2589E-01 0.15 7.1229E+03
1.4125E-01 0.15 5.9900E+03
1.5849E-01 0.15 4.9811E+03
1.7783E-01 0.15 4.0993E+03
1.9953E-01 0.15 3.3370E+03
2.2387E-01 0.15 2.6922E+03
2.5119E-01 0.15 2.1468E+03
2.8184E-01 0.15 1.6957E+03
3.1623E-01 0.15 1.3304E+03
3.5481E-01 0.15 1.0356E+03
3.9811E-01 0.15 8.0187E+02
4.4668E-01 0.15 6.1876E+02
5.0119E-01 0.15 4.7403E+02
5.6234E-01 0.15 3.6209E+02
6.3096E-01 0.15 2.7615E+02
7.0795E-01 0.15 2.0902E+02
7.9433E-01 0.15 1.5809E+02
8.9125E-01 0.15 1.1930E+02
1.0000E+00 0.15 8.9618E+01
1.1220E+00 0.15 6.7297E+01
1.2589E+00 0.15 5.0433E+01
1.4125E+00 0.15 3.7646E+01
1.5849E+00 0.15 2.7919E+01
1.7783E+00 0.15 2.0612E+01
1.9953E+00 0.15 1.5204E+01
2.2387E+00 0.15 1.1132E+01
2.5119E+00 0.15 8.1338E+00
2.8184E+00 0.15 5.9387E+00
3.1623E+00 0.15 4.2777E+00
3.5481E+00 0.15 3.0911E+00
3.9811E+00 0.15 2.2255E+00
4.4668E+00 0.15 1.5972E+00
5.0119E+00 0.15 1.1346E+00
5.6234E+00 0.15 7.9498E-01
6.3096E+00 0.15 5.6642E-01
7.0795E+00 0.15 3.9908E-01
7.9433E+00 0.15 2.8079E-01
8.9125E+00 0.15 1.9643E-01
1.0000E+01 0.15 1.3659E-01
1.1220E+01 0.15 9.4987E-02
1.2589E+01 0.15 6.5709E-02
1.4125E+01 0.15 4.5495E-02
1.5849E+01 0.15 3.1406E-02
1.7783E+01 0.15 2.1539E-02
1.9953E+01 0.15 1.4874E-02
2.2387E+01 0.15 1.0089E-02
2.5119E+01 0.15 7.0235E-03
2.8184E+01 0.15 4.7911E-03
3.1623E+01 0.15 3.2605E-03
3.5481E+01 0.15 2.2150E-03
3.9811E+01 0.15 1.4961E-03
4.4668E+01 0.15 1.0093E-03
5.0119E+01 0.15 6.7969E-04
5.6234E+01 0.15 4.5624E-04
6.3096E+01 0.15 3.0653E-04
7.0795E+01 0.15 2.0565E-04
7.9433E+01 0.15 1.3696E-04
8.9125E+01 0.15 9.1439E-05
1.0000E+02 0.15 6.0869E-05
1.1220E+02 0.15 4.0376E-05
1.2589E+02 0.15 2.6835E-05
1.4125E+02 0.15 1.7795E-05
1.5849E+02 0.15 1.1844E-05
1.7783E+02 0.15 7.8554E-06
1.9953E+02 0.15 5.1858E-06
2.2387E+02 0.15 3.4405E-06
2.5119E+02 0.15 2.2880E-06
2.8184E+02 0.15 1.5070E-06
3.1623E+02 0.15 9.9462E-07
3.5481E+02 0.15 6.6010E-07
3.9811E+02 0.15 4.3674E-07
4.4668E+02 0.15 2.8916E-07
5.0119E+02 0.15 1.9243E-07
5.6234E+02 0.15 1.2909E-07
6.3096E+02 0.15 8.6423E-08
7.0795E+02 0.15 5.7221E-08
7.9433E+02 0.15 3.7986E-08
8.9125E+02 0.15 2.5483E-08
1.0000E+03 0.15 1.6965E-08
1.1220E+03 0.15 1.1198E-08
1.2589E+03 0.15 7.5013E-09
1.4125E+03 0.15 4.9698E-09
1.5849E+03 0.15 3.3002E-09
1.7783E+03 0.15 2.2007E-09
1.9953E+03 0.15 1.4822E-09
2.2387E+03 0.15 9.9874E-10
2.5119E+03 0.15 6.3151E-10
2.8184E+03 0.15 4.3102E-10
3.1623E+03 0.15 2.9104E-10
3.5481E+03 0.15 1.9097E-10
3.9811E+03 0.15 1.3093E-10
4.4668E+03 0.15 8.3281E-11
5.0119E+03 0.15 5.4291E-11
5.6234E+03 0.15 3.5732E-11
6.3096E+03 0.15 2.3248E-11
7.0795E+03 0.15 1.4857E-11
7.9433E+03 0.15 9.8794E-12
8.9125E+03 0.15 6.0484E-12
1.0000E+04 0.15 4.0353E-12
1.0000E-01 0.05 1.5708E+04
1.1220E-01 0.05 1.3366E+04
1.2589E-01 0.05 1.1226E+04
1.4125E-01 0.05 9.3047E+03
1.5849E-01 0.05 7.6030E+03
1.7783E-01 0.05 6.1452E+03
1.9953E-01 0.05 4.9058E+03
2.2387E-01 0.05 3.8708E+03
2.5119E-01 0.05 3.0273E+03
2.8184E-01 0.05 2.3425E+03
3.1623E-01 0.05 1.7992E+03
3.5481E-01 0.05 1.3736E+03
3.9811E-01 0.05 1.0428E+03
4.4668E-01 0.05 7.8603E+02
5.0119E-01 0.05 5.9026E+02
5.6234E-01 0.05 4.4401E+02
6.3096E-01 0.05 3.3155E+02
7.0795E-01 0.05 2.4672E+02
7.9433E-01 0.05 1.8557E+02
8.9125E-01 0.05 1.3883E+02
1.0000E+00 0.05 1.0293E+02
1.1220E+00 0.05 7.6377E+01
1.2589E+00 0.05 5.6453E+01
1.4125E+00 0.05 4.1961E+01
1.5849E+00 0.05 3.0961E+01
1.7783E+00 0.05 2.2780E+01
1.9953E+00 0.05 1.6859E+01
2.2387E+00 0.05 1.2335E+01
2.5119E+00 0.05 8.9453E+00
2.8184E+00 0.05 6.4920E+00
3.1623E+00 0.05 4.7414E+00
3.5481E+00 0.05 3.4593E+00
3.9811E+00 0.05 2.5062E+00
4.4668E+00 0.05 1.7995E+00
5.0119E+00 0.05 1.2908E+00
5.6234E+00 0.05 9.2540E-01
6.3096E+00 0.05 6.6125E-01
7.0795E+00 0.05 4.7269E-01
7.9433E+00 0.05 3.3913E-01
8.9125E+00 0.05 2.4075E-01
1.0000E+01 0.05 1.7085E-01
1.1220E+01 0.05 1.2179E-01
1.2589E+01 0.05 8.6302E-02
1.4125E+01 0.05 6.0460E-02
1.5849E+01 0.05 4.2538E-02
1.7783E+01 0.05 2.9947E-02
1.9953E+01 0.05 2.0718E-02
2.2387E+01 0.05 1.4380E-02
2.5119E+01 0.05 1.0343E-02
2.8184E+01 0.05 7.1816E-03
3.1623E+01 0.05 4.9755E-03
3.5481E+01 0.05 3.4439E-03
3.9811E+01 0.05 2.3697E-03
4.4668E+01 0.05 1.6277E-03
5.0119E+01 0.05 1.1158E-03
5.6234E+01 0.05 7.6140E-04
6.3096E+01 0.05 5.1789E-04
7.0795E+01 0.05 3.5214E-04
7.9433E+01 0.05 2.3841E-04
8.9125E+01 0.05 1.6068E-04
1.0000E+02 0.05 1.0834E-04
1.1220E+02 0.05 7.2800E-05
1.2589E+02 0.05 4.8639E-05
1.4125E+02 0.05 3.2531E-05
1.5849E+02 0.05 2.1712E-05
1.7783E+02 0.05 1.4374E-05
1.9953E+02 0.05 9.5211E-06
2.2387E+02 0.05 6.3233E-06
2.5119E+02 0.05 4.1710E-06
2.8184E+02 0.05 2.7305E-06
3.1623E+02 0.05 1.8063E-06
3.5481E+02 0.05 1.1976E-06
3.9811E+02 0.05 7.8535E-07
4.4668E+02 0.05 5.1328E-07
5.0119E+02 0.05 3.3917E-07
5.6234E+02 0.05 2.2221E-07
6.3096E+02 0.05 1.4511E-07
7.0795E+02 0.05 9.6110E-08
7.9433E+02 0.05 6.3686E-08
8.9125E+02 0.05 4.1998E-08
1.0000E+03 0.05 2.7541E-08
1.1220E+03 0.05 1.8116E-08
1.2589E+03 0.05 1.1950E-08
1.4125E+03 0.05 7.7608E-09
1.5849E+03 0.05 5.0515E-09
1.7783E+03 0.05 3.3676E-09
1.9953E+03 0.05 2.2470E-09
2.2387E+03 0.05 1.4766E-09
2.5119E+03 0.05 9.9639E-10
2.8184E+03 0.05 6.6043E-10
3.1623E+03 0.05 4.3493E-10
3.5481E+03 0.05 2.9148E-10
3.9811E+03 0.05 1.9281E-10
4.4668E+03 0.05 1.2478E-10
5.0119E+03 0.05 7.8862E-11
5.6234E+03 0.05 5.1800E-11
6.3096E+03 0.05 3.3662E-11
7.0795E+03 0.05 2.2489E-11
7.9433E+03 0.05 1.5559E-11
8.9125E+03 0.05 1.0341E-11
1.0000E+04 0.05 6.4234E-12
1.0000E-01 -0.05 1.5343E+04
1.1220E-01 -0.05 1.3074E+04
1.2589E-01 -0.05 1.1015E+04
1.4125E-01 -0.05 9.1432E+03
1.5849E-01 -0.05 7.4770E+03
1.7783E-01 -0.05 6.0533E+03
1.9953E-01 -0.05 4.8456E+03
2.2387E-01 -0.05 3.8328E+03
2.5119E-01 -0.05 3.0048E+03
2.8184E-01 -0.05 2.3336E+03
3.1623E-01 -0.05 1.7987E+03
3.5481E-01 -0.05 1.3760E+03
3.9811E-01 -0.05 1.0445E+03
4.4668E-01 -0.05 7.8907E+02
5.0119E-01 -0.05 5.9407E+02
5.6234E-01 -0.05 4.4693E+02
6.3096E-01 -0.05 3.3388E+02
7.0795E-01 -0.05 2.4859E+02
7.9433E-01 -0.05 1.8709E+02
8.9125E-01 -0.05 1.3988E+02
1.0000E+00 -0.05 1.0320E+02
1.1220E+00 -0.05 7.6696E+01
1.2589E+00 -0.05 5.6733E+01
1.4125E+00 -0.05 4.2129E+01
1.5849E+00 -0.05 3.1073E+01
1.7783E+00 -0.05 2.2843E+01
1.9953E+00 -0.05 1.6865E+01
2.2387E+00 -0.05 1.2309E+01
2.5119E+00 -0.05 8.9303E+00
2.8184E+00 -0.05 6.5014E+00
3.1623E+00 -0.05 4.7709E+00
3.5481E+00 -0.05 3.4865E+00
3.9811E+00 -0.05 2.5073E+00
4.4668E+00 -0.05 1.7814E+00
5.0119E+00 -0.05 1.2788E+00
5.6234E+00 -0.05 9.2740E-01
6.3096E+00 -0.05 6.6243E-01
7.0795E+00 -0.05 4.7233E-01
7.9433E+00 -0.05 3.3957E-01
8.9125E+00 -0.05 2.4169E-01
1.0000E+01 -0.05 1.7125E-01
1.1220E+01 -0.05 1.2193E-01
1.2589E+01 -0.05 8.6291E-02
1.4125E+01 -0.05 6.0448E-02
1.5849E+01 -0.05 4.2556E-02
1.7783E+01 -0.05 2.9945E-02
1.9953E+01 -0.05 2.0515E-02
2.2387E+01 -0.05 1.4368E-02
2.5119E+01 -0.05 1.0343E-02
2.8184E+01 -0.05 7.1814E-03
3.1623E+01 -0.05 4.9755E-03
3.5481E+01 -0.05 3.4439E-03
3.9811E+01 -0.05 2.3697E-03
4.4668E+01 -0.05 1.6277E-03
5.0119E+01 -0.05 1.1158E-03
5.6234E+01 -0.05 7.6140E-04
6.3096E+01 -0.05 5.1789E-04
7.0795E+01 -0.05 3.5214E-04
7.9433E+01 -0.05 2.3841E-04
8.9125E+01 -0.05 1.6068E-04
1.0000E+02 -0.05 1.0834E-04
1.1220E+02 -0.05 7.2800E-05
1.2589E+02 -0.05 4.8639E-05
1.4125E+02 -0.05 3.2531E-05
1.5849E+02 -0.05 2.1712E-05
1.7783E+02 -0.05 1.4374E-05
1.9953E+02 -0.05 9.5211E-06
2.2387E+02 -0.05 6.3233E-06
2.5119E+02 -0.05 4.1710E-06
2.8184E+02 -0.05 2.7305E-06
3.1623E+02 -0.05 1.8063E-06
3.5481E+02 -0.05 1.1976E-06
3.9811E+02 -0.05 7.8535E-07
4.4668E+02 -0.05 5.1328E-07
5.0119E+02 -0.05 3.3917E-07
5.6234E+02 -0.05 2.2221E-07
6.3096E+02 -0.05 1.4511E-07
7.0795E+02 -0.05 9.6110E-08
7.9433E+02 -0.05 6.3686E-08
8.9125E+02 -0.05 4.1998E-08
1.0000E+03 -0.05 2.7541E-08
1.1220E+03 -0.05 1.8116E-08
1.2589E+03 -0.05 1.1950E-08
1.4125E+03 -0.05 7.7608E-09
1.5849E+03 -0.05 5.0515E-09
1.7783E+03 -0.05 3.3676E-09
1.9953E+03 -0.05 2.2470E-09
2.2387E+03 -0.05 1.4766E-09
2.5119E+03 -0.05 9.9639E-10
2.8184E+03 -0.05 6.6043E-10
3.1623E+03 -0.05 4.3493E-10
3.5481E+03 -0.05 2.9148E-10
3.9811E+03 -0.05 1.9281E-10
4.4668E+03 -0.05 1.2478E-10
5.0119E+03 -0.05 7.8862E-11
5.6234E+03 -0.05 5.1800E-11
6.3096E+03 -0.05 3.3662E-11
7.0795E+03 -0.05 2.2489E-11
7.9433E+03 -0.05 1.5559E-11
8.9125E+03 -0.05 1.0341E-11
1.0000E+04 -0.05 6.4234E-12
1.0000E-01 -0.15 8.7045E+03
1.1220E-01 -0.15 7.5071E+03
1.2589E-01 -0.15 6.4102E+03
1.4125E-01 -0.15 5.4189E+03
1.5849E-01 -0.15 4.5281E+03
1.7783E-01 -0.15 3.7396E+03
1.9953E-01 -0.15 3.0555E+03
2.2387E-01 -0.15 2.4767E+03
2.5119E-01 -0.15 1.9913E+03
2.8184E-01 -0.15 1.5845E+03
3.1623E-01 -0.15 1.2512E+03
3.5481E-01 -0.15 9.8068E+02
3.9811E-01 -0.15 7.6507E+02
4.4668E-01 -0.15 5.9395E+02
5.0119E-01 -0.15 4.5821E+02
5.6234E-01 -0.15 3.5275E+02
6.3096E-01 -0.15 2.6981E+02
7.0795E-01 -0.15 2.0629E+02
7.9433E-01 -0.15 1.5727E+02
8.9125E-01 -0.15 1.1934E+02
1.0000E+00 -0.15 9.0020E+01
1.1220E+00 -0.15 6.7502E+01
1.2589E+00 -0.15 5.0437E+01
1.4125E+00 -0.15 3.7678E+01
1.5849E+00 -0.15 2.8010E+01
1.7783E+00 -0.15 2.0779E+01
1.9953E+00 -0.15 1.5338E+01
2.2387E+00 -0.15 1.1239E+01
2.5119E+00 -0.15 8.1845E+00
2.8184E+00 -0.15 5.9616E+00
3.1623E+00 -0.15 4.3336E+00
3.5481E+00 -0.15 3.1143E+00
3.9811E+00 -0.15 2.2317E+00
4.4668E+00 -0.15 1.5893E+00
5.0119E+00 -0.15 1.1318E+00
5.6234E+00 -0.15 8.0256E-01
6.3096E+00 -0.15 5.6369E-01
7.0795E+00 -0.15 3.9791E-01
7.9433E+00 -0.15 2.7996E-01
8.9125E+00 -0.15 1.9559E-01
1.0000E+01 -0.15 1.3589E-01
1.1220E+01 -0.15 9.4723E-02
1.2589E+01 -0.15 6.5652E-02
1.4125E+01 -0.15 4.5288E-02
1.5849E+01 -0.15 3.1334E-02
1.7783E+01 -0.15 2.1553E-02
1.9953E+01 -0.15 1.4681E-02
2.2387E+01 -0.15 9.9780E-03
2.5119E+01 -0.15 7.0232E-03
2.8184E+01 -0.15 4.7910E-03
3.1623E+01 -0.15 3.2605E-03
3.5481E+01 -0.15 2.2149E-03
3.9811E+01 -0.15 1.4961E-03
4.4668E+01 -0.15 1.0093E-03
5.0119E+01 -0.15 6.7969E-04
5.6234E+01 -0.15 4.5624E-04
6.3096E+01 -0.15 3.0653E-04
7.0795E+01 -0.15 2.0565E-04
7.9433E+01 -0.15 1.3696E-04
8.9125E+01 -0.15 9.1439E-05
1.0000E+02 -0.15 6.0869E-05
1.1220E+02 -0.15 4.0376E-05
1.2589E+02 -0.15 2.6835E-05
1.4125E+02 -0.15 1.7795E-05
1.5849E+02 -0.15 1.1844E-05
1.7783E+02 -0.15 7.8554E-06
1.9953E+02 -0.15 5.1858E-06
2.2387E+02 -0.15 3.4405E-06
2.5119E+02 -0.15 2.2880E-06
2.8184E+02 -0.15 1.5070E-06
3.1623E+02 -0.15 9.9462E-07
3.5481E+02 -0.15 6.6010E-07
3.9811E+02 -0.15 4.3674E-07
4.4668E+02 -0.15 2.8916E-07
5.0119E+02 -0.15 1.9243E-07
5.6234E+02 -0.15 1.2909E-07
6.3096E+02 -0.15 8.6423E-08
7.0795E+02 -0.15 5.7221E-08
7.9433E+02 -0.15 3.7986E-08
8.9125E+02 -0.15 2.5483E-08
1.0000E+03 -0.15 1.6965E-08
1.1220E+03 -0.15 1.1198E-08
1.2589E+03 -0.15 7.5013E-09
1.4125E+03 -0.15 4.9698E-09
1.5849E+03 -0.15 3.3002E-09
1.7783E+03 -0.15 2.2007E-09
1.9953E+03 -0.15 1.4822E-09
2.2387E+03 -0.15 9.9874E-10
2.5119E+03 -0.15 6.3151E-10
2.8184E+03 -0.15 4.3102E-10
3.1623E+03 -0.15 2.9104E-10
3.5481E+03 -0.15 1.9097E-10
3.9811E+03 -0.15 1.3093E-10
4.4668E+03 -0.15 8.3281E-11
5.0119E+03 -0.15 5.4291E-11
5.6234E+03 -0.15 3.5732E-11
6.3096E+03 -0.15 2.3248E-11
7.0795E+03 -0.15 1.4857E-11
7.9433E+03 -0.15 9.8794E-12
8.9125E+03 -0.15 6.0484E-12
1.0000E+04 -0.15 4.0353E-12
1.0000E-01 -0.25 5.2952E+03
1.1220E-01 -0.25 4.6340E+03
1.2589E-01 -0.25 4.0143E+03
1.4125E-01 -0.25 3.4346E+03
1.5849E-01 -0.25 2.9140E+03
1.7783E-01 -0.25 2.4529E+03
1.9953E-01 -0.25 2.0453E+03
2.2387E-01 -0.25 1.6930E+03
2.5119E-01 -0.25 1.3897E+03
2.8184E-01 -0.25 1.1309E+03
3.1623E-01 -0.25 9.1391E+02
3.5481E-01 -0.25 7.3258E+02
3.9811E-01 -0.25 5.8293E+02
4.4668E-01 -0.25 4.6086E+02
5.0119E-01 -0.25 3.6263E+02
5.6234E-01 -0.25 2.8408E+02
6.3096E-01 -0.25 2.2133E+02
7.0795E-01 -0.25 1.7168E+02
7.9433E-01 -0.25 1.3266E+02
8.9125E-01 -0.25 1.0203E+02
1.0000E+00 -0.25 7.7811E+01
1.1220E+00 -0.25 5.9012E+01
1.2589E+00 -0.25 4.4455E+01
1.4125E+00 -0.25 3.3426E+01
1.5849E+00 -0.25 2.4946E+01
1.7783E+00 -0.25 1.8471E+01
1.9953E+00 -0.25 1.3579E+01
2.2387E+00 -0.25 9.9556E+00
2.5119E+00 -0.25 7.2410E+00
2.8184E+00 -0.25 5.2191E+00
3.1623E+00 -0.25 3.7473E+00
3.5481E+00 -0.25 2.6660E+00
3.9811E+00 -0.25 1.8955E+00
4.4668E+00 -0.25 1.3424E+00
5.0119E+00 -0.25 9.3993E-01
5.6234E+00 -0.25 6.5712E-01
6.3096E+00 -0.25 4.5951E-01
7.0795E+00 -0.25 3.1825E-01
7.9433E+00 -0.25 2.2028E-01
8.9125E+00 -0.25 1.5222E-01
1.0000E+01 -0.25 1.0439E-01
1.1220E+01 -0.25 7.1345E-02
1.2589E+01 -0.25 4.8808E-02
1.4125E+01 -0.25 3.3448E-02
1.5849E+01 -0.25 2.2762E-02
1.7783E+01 -0.25 1.5521E-02
1.9953E+01 -0.25 1.0525E-02
2.2387E+01 -0.25 7.1060E-03
2.5119E+01 -0.25 4.8204E-03
2.8184E+01 -0.25 3.2511E-03
3.1623E+01 -0.25 2.1917E-03
3.5481E+01 -0.25 1.4761E-03
3.9811E+01 -0.25 9.9228E-04
4.4668E+01 -0.25 6.6381E-04
5.0119E+01 -0.25 4.4300E-04
5.6234E+01 -0.25 2.9593E-04
6.3096E+01 -0.25 1.9747E-04
7.0795E+01 -0.25 1.3152E-04
7.9433E+01 -0.25 8.7711E-05
8.9125E+01 -0.25 5.8441E-05
1.0000E+02 -0.25 3.8777E-05
1.1220E+02 -0.25 2.5674E-05
1.2589E+02 -0.25 1.7037E-05
1.4125E+02 -0.25 1.1322E-05
1.5849E+02 -0.25 7.5021E-06
1.7783E+02 -0.25 5.0070E-06
1.9953E+02 -0.25 3.3418E-06
2.2387E+02 -0.25 2.2164E-06
2.5119E+02 -0.25 1.4769E-06
2.8184E+02 -0.25 9.8465E-07
3.1623E+02 -0.25 6.5832E-07
3.5481E+02 -0.25 4.4025E-07
3.9811E+02 -0.25 2.9395E-07
4.4668E+02 -0.25 1.9587E-07
5.0119E+02 -0.25 1.3130E-07
5.6234E+02 -0.25 8.8000E-08
6.3096E+02 -0.25 5.9176E-08
7.0795E+02 -0.25 3.9820E-08
7.9433E+02 -0.25 2.7002E-08
8.9125E+02 -0.25 1.8070E-08
1.0000E+03 -0.25 1.1916E-08
1.1220E+03 -0.25 7.9719E-09
1.2589E+03 -0.25 5.3124E-09
1.4125E+03 -0.25 3.4753E-09
1.5849E+03 -0.25 2.3208E-09
1.7783E+03 -0.25 1.5818E-09
1.9953E+03 -0.25 1.0450E-09
2.2387E+03 -0.25 6.8795E-10
2.5119E+03 -0.25 4.6507E-10
2.8184E+03 -0.25 3.1349E-10
3.1623E+03 -0.25 2.0263E-10
3.5481E+03 -0.25 1.3314E-10
3.9811E+03 -0.25 9.0515E-11
4.4668E+03 -0.25 6.0216E-11
5.0119E+03 -0.25 3.8081E-11
5.6234E+03 -0.25 2.1823E-11
6.3096E+03 -0.25 1.5463E-11
7.0795E+03 -0.25 1.1354E-11
7.9433E+03 -0.25 7.3185E-12
8.9125E+03 -0.25 4.6517E-12
1.0000E+04 -0.25 2.8608E-12
1.0000E-01 -0.35 3.7342E+03
1.1220E-01 -0.35 3.2940E+03
1.2589E-01 -0.35 2.8787E+03
1.4125E-01 -0.35 2.4975E+03
1.5849E-01 -0.35 2.1459E+03
1.7783E-01 -0.35 1.8293E+03
1.9953E-01 -0.35 1.5456E+03
2.2387E-01 -0.35 1.2949E+03
2.5119E-01 -0.35 1.0774E+03
2.8184E-01 -0.35 8.8924E+02
3.1623E-01 -0.35 7.2804E+02
3.5481E-01 -0.35 5.8979E+02
3.9811E-01 -0.35 4.7493E+02
4.4668E-01 -0.35 3.8076E+02
5.0119E-01 -0.35 3.0224E+02
5.6234E-01 -0.35 2.3854E+02
6.3096E-01 -0.35 1.8760E+02
7.0795E-01 -0.35 1.4632E+02
7.9433E-01 -0.35 1.1342E+02
8.9125E-01 -0.35 8.7463E+01
1.0000E+00 -0.35 6.7041E+01
1.1220E+00 -0.35 5.1031E+01
1.2589E+00 -0.35 3.8615E+01
1.4125E+00 -0.35 2.9051E+01
1.5849E+00 -0.35 2.1642E+01
1.7783E+00 -0.35 1.6026E+01
1.9953E+00 -0.35 1.1780E+01
2.2387E+00 -0.35 8.6051E+00
2.5119E+00 -0.35 6.2360E+00
2.8184E+00 -0.35 4.4837E+00
3.1623E+00 -0.35 3.2004E+00
3.5481E+00 -0.35 2.2658E+00
3.9811E+00 -0.35 1.6002E+00
4.4668E+00 -0.35 1.1211E+00
5.0119E+00 -0.35 7.7518E-01
5.6234E+00 -0.35 5.3635E-01
6.3096E+00 -0.35 3.7475E-01
7.0795E+00 -0.35 2.5683E-01
7.9433E+00 -0.35 1.7600E-01
8.9125E+00 -0.35 1.2078E-01
1.0000E+01 -0.35 8.2170E-02
1.1220E+01 -0.35 5.5682E-02
1.2589E+01 -0.35 3.7924E-02
1.4125E+01 -0.35 2.5809E-02
1.5849E+01 -0.35 1.7298E-02
1.7783E+01 -0.35 1.1615E-02
1.9953E+01 -0.35 7.8314E-03
2.2387E+01 -0.35 5.2997E-03
2.5119E+01 -0.35 3.5754E-03
2.8184E+01 -0.35 2.3995E-03
3.1623E+01 -0.35 1.6057E-03
3.5481E+01 -0.35 1.0742E-03
3.9811E+01 -0.35 7.1867E-04
4.4668E+01 -0.35 4.8139E-04
5.0119E+01 -0.35 3.2253E-04
5.6234E+01 -0.35 2.1397E-04
6.3096E+01 -0.35 1.4261E-04
7.0795E+01 -0.35 9.5096E-05
7.9433E+01 -0.35 6.3387E-05
8.9125E+01 -0.35 4.2226E-05
1.0000E+02 -0.35 2.7999E-05
1.1220E+02 -0.35 1.8636E-05
1.2589E+02 -0.35 1.2425E-05
1.4125E+02 -0.35 8.2936E-06
1.5849E+02 -0.35 5.5150E-06
1.7783E+02 -0.35 3.6658E-06
1.9953E+02 -0.35 2.4689E-06
2.2387E+02 -0.35 1.6548E-06
2.5119E+02 -0.35 1.0981E-06
2.8184E+02 -0.35 7.3704E-07
3.1623E+02 -0.35 4.9669E-07
3.5481E+02 -0.35 3.3431E-07
3.9811E+02 -0.35 2.2526E-07
4.4668E+02 -0.35 1.5155E-07
5.0119E+02 -0.35 1.0096E-07
5.6234E+02 -0.35 6.7519E-08
6.3096E+02 -0.35 4.5622E-08
7.0795E+02 -0.35 3.0569E-08
7.9433E+02 -0.35 2.0441E-08
8.9125E+02 -0.35 1.3605E-08
1.0000E+03 -0.35 9.0666E-09
1.1220E+03 -0.35 6.1193E-09
1.2589E+03 -0.35 4.1255E-09
1.4125E+03 -0.35 2.7821E-09
1.5849E+03 -0.35 1.8468E-09
1.7783E+03 -0.35 1.2136E-09
1.9953E+03 -0.35 8.0768E-10
2.2387E+03 -0.35 5.3782E-10
2.5119E+03 -0.35 3.5243E-10
2.8184E+03 -0.35 2.3349E-10
3.1623E+03 -0.35 1.5396E-10
3.5481E+03 -0.35 9.9994E-11
3.9811E+03 -0.35 6.7865E-11
4.4668E+03 -0.35 4.4366E-11
5.0119E+03 -0.35 2.8310E-11
5.6234E+03 -0.35 1.9385E-11
6.3096E+03 -0.35 1.3151E-11
7.0795E+03 -0.35 8.7778E-12
7.9433E+03 -0.35 5.7684E-12
8.9125E+03 -0.35 3.3505E-12
1.0000E+04 -0.35 2.2116E-12
1.0000E-01 -0.45 2.9576E+03
1.1220E-01 -0.45 2.6314E+03
1.2589E-01 -0.45 2.3202E+03
1.4125E-01 -0.45 2.0281E+03
1.5849E-01 -0.45 1.7598E+03
1.7783E-01 -0.45 1.5136E+03
1.9953E-01 -0.45 1.2912E+03
2.2387E-01 -0.45 1.0940E+03
2.5119E-01 -0.45 9.1864E+02
2.8184E-01 -0.45 7.6357E+02
3.1623E-01 -0.45 6.2828E+02
3.5481E-01 -0.45 5.1266E+02
3.9811E-01 -0.45 4.1550E+02
4.4668E-01 -0.45 3.3384E+02
5.0119E-01 -0.45 2.6652E+02
5.6234E-01 -0.45 2.1130E+02
6.3096E-01 -0.45 1.6611E+02
7.0795E-01 -0.45 1.2982E+02
7.9433E-01 -0.45 1.0067E+02
8.9125E-01 -0.45 7.7522E+01
1.0000E+00 -0.45 5.9352E+01
1.1220E+00 -0.45 4.5198E+01
1.2589E+00 -0.45 3.4152E+01
1.4125E+00 -0.45 2.5643E+01
1.5849E+00 -0.45 1.9100E+01
1.7783E+00 -0.45 1.4103E+01
1.9953E+00 -0.45 1.0332E+01
2.2387E+00 -0.45 7.5009E+00
2.5119E+00 -0.45 5.4166E+00
2.8184E+00 -0.45 3.8858E+00
3.1623E+00 -0.45 2.7633E+00
3.5481E+00 -0.45 1.9550E+00
3.9811E+00 -0.45 1.3685E+00
4.4668E+00 -0.45 9.5114E-01
5.0119E+00 -0.45 6.5816E-01
5.6234E+00 -0.45 4.5635E-01
6.3096E+00 -0.45 3.1366E-01
7.0795E+00 -0.45 2.1381E-01
7.9433E+00 -0.45 1.4574E-01
8.9125E+00 -0.45 9.8903E-02
1.0000E+01 -0.45 6.6799E-02
1.1220E+01 -0.45 4.4899E-02
1.2589E+01 -0.45 3.0324E-02
1.4125E+01 -0.45 2.0498E-02
1.5849E+01 -0.45 1.3750E-02
1.7783E+01 -0.45 9.2549E-03
1.9953E+01 -0.45 6.2474E-03
2.2387E+01 -0.45 4.1969E-03
2.5119E+01 -0.45 2.7995E-03
2.8184E+01 -0.45 1.8763E-03
3.1623E+01 -0.45 1.2563E-03
3.5481E+01 -0.45 8.3696E-04
3.9811E+01 -0.45 5.5997E-04
4.4668E+01 -0.45 3.7523E-04
5.0119E+01 -0.45 2.4909E-04
5.6234E+01 -0.45 1.6559E-04
6.3096E+01 -0.45 1.1067E-04
7.0795E+01 -0.45 7.4023E-05
7.9433E+01 -0.45 4.9354E-05
8.9125E+01 -0.45 3.3024E-05
1.0000E+02 -0.45 2.2073E-05
1.1220E+02 -0.45 1.4689E-05
1.2589E+02 -0.45 9.8632E-06
1.4125E+02 -0.45 6.5864E-06
1.5849E+02 -0.45 4.4177E-06
1.7783E+02 -0.45 2.9661E-06
1.9953E+02 -0.45 1.9754E-06
2.2387E+02 -0.45 1.3286E-06
2.5119E+02 -0.45 9.0022E-07
2.8184E+02 -0.45 5.9895E-07
3.1623E+02 -0.45 4.0235E-07
3.5481E+02 -0.45 2.7259E-07
3.9811E+02 -0.45 1.8302E-07
4.4668E+02 -0.45 1.2431E-07
5.0119E+02 -0.45 8.3221E-08
5.6234E+02 -0.45 5.6057E-08
6.3096E+02 -0.45 3.7539E-08
7.0795E+02 -0.45 2.5207E-08
7.9433E+02 -0.45 1.6824E-08
8.9125E+02 -0.45 1.0984E-08
1.0000E+03 -0.45 7.3851E-09
1.1220E+03 -0.45 5.0366E-09
1.2589E+03 -0.45 3.3991E-09
1.4125E+03 -0.45 2.2622E-09
1.5849E+03 -0.45 1.4903E-09
1.7783E+03 -0.45 9.8787E-10
1.9953E+03 -0.45 6.6670E-10
2.2387E+03 -0.45 4.3624E-10
2.5119E+03 -0.45 2.8504E-10
2.8184E+03 -0.45 1.8758E-10
3.1623E+03 -0.45 1.2430E-10
3.5481E+03 -0.45 8.5708E-11
3.9811E+03 -0.45 5.5861E-11
4.4668E+03 -0.45 3.5505E-11
5.0119E+03 -0.45 2.3661E-11
5.6234E+03 -0.45 1.5224E-11
6.3096E+03 -0.45 9.8780E-12
7.0795E+03 -0.45 6.8171E-12
7.9433E+03 -0.45 4.5339E-12
8.9125E+03 -0.45 2.9111E-12
1.0000E+04 -0.45 1.8654E-12
1.0000E-01 -0.55 2.4945E+03
1.1220E-01 -0.55 2.2348E+03
1.2589E-01 -0.55 1.9838E+03
1.4125E-01 -0.55 1.7476E+03
1.5849E-01 -0.55 1.5274E+03
1.7783E-01 -0.55 1.3230E+03
1.9953E-01 -0.55 1.1365E+03
2.2387E-01 -0.55 9.6898E+02
2.5119E-01 -0.55 8.1814E+02
2.8184E-01 -0.55 6.8308E+02
3.1623E-01 -0.55 5.6488E+02
3.5481E-01 -0.55 4.6348E+02
3.9811E-01 -0.55 3.7659E+02
4.4668E-01 -0.55 3.0339E+02
5.0119E-01 -0.55 2.4275E+02
5.6234E-01 -0.55 1.9239E+02
6.3096E-01 -0.55 1.5141E+02
7.0795E-01 -0.55 1.1858E+02
7.9433E-01 -0.55 9.1967E+01
8.9125E-01 -0.55 7.0790E+01
1.0000E+00 -0.55 5.4166E+01
1.1220E+00 -0.55 4.1236E+01
1.2589E+00 -0.55 3.1024E+01
1.4125E+00 -0.55 2.3200E+01
1.5849E+00 -0.55 1.7235E+01
1.7783E+00 -0.55 1.2692E+01
1.9953E+00 -0.55 9.2508E+00
2.2387E+00 -0.55 6.6990E+00
2.5119E+00 -0.55 4.8243E+00
2.8184E+00 -0.55 3.4403E+00
3.1623E+00 -0.55 2.4373E+00
3.5481E+00 -0.55 1.7156E+00
3.9811E+00 -0.55 1.1947E+00
4.4668E+00 -0.55 8.2700E-01
5.0119E+00 -0.55 5.6910E-01
5.6234E+00 -0.55 3.9039E-01
6.3096E+00 -0.55 2.6774E-01
7.0795E+00 -0.55 1.8158E-01
7.9433E+00 -0.55 1.2282E-01
8.9125E+00 -0.55 8.2776E-02
1.0000E+01 -0.55 5.5926E-02
1.1220E+01 -0.55 3.7715E-02
1.2589E+01 -0.55 2.5347E-02
1.4125E+01 -0.55 1.7015E-02
1.5849E+01 -0.55 1.1406E-02
1.7783E+01 -0.55 7.6348E-03
1.9953E+01 -0.55 5.0663E-03
2.2387E+01 -0.55 3.3754E-03
2.5119E+01 -0.55 2.2974E-03
2.8184E+01 -0.55 1.5269E-03
3.1623E+01 -0.55 1.0188E-03
3.5481E+01 -0.55 6.8350E-04
3.9811E+01 -0.55 4.5722E-04
4.4668E+01 -0.55 3.0570E-04
5.0119E+01 -0.55 2.0438E-04
5.6234E+01 -0.55 1.3663E-04
6.3096E+01 -0.55 9.1036E-05
7.0795E+01 -0.55 6.0636E-05
7.9433E+01 -0.55 4.0492E-05
8.9125E+01 -0.55 2.7117E-05
1.0000E+02 -0.55 1.8228E-05
1.1220E+02 -0.55 1.2288E-05
1.2589E+02 -0.55 8.2344E-06
1.4125E+02 -0.55 5.5217E-06
1.5849E+02 -0.55 3.7265E-06
1.7783E+02 -0.55 2.4965E-06
1.9953E+02 -0.55 1.6801E-06
2.2387E+02 -0.55 1.1289E-06
2.5119E+02 -0.55 7.5628E-07
2.8184E+02 -0.55 5.1156E-07
3.1623E+02 -0.55 3.4708E-07
3.5481E+02 -0.55 2.3461E-07
3.9811E+02 -0.55 1.5830E-07
4.4668E+02 -0.55 1.0701E-07
5.0119E+02 -0.55 7.1402E-08
5.6234E+02 -0.55 4.8149E-08
6.3096E+02 -0.55 3.2116E-08
7.0795E+02 -0.55 2.1346E-08
7.9433E+02 -0.55 1.4505E-08
8.9125E+02 -0.55 9.6656E-09
1.0000E+03 -0.55 6.4079E-09
1.1220E+03 -0.55 4.2763E-09
1.2589E+03 -0.55 2.8388E-09
1.4125E+03 -0.55 1.9064E-09
1.5849E+03 -0.55 1.2844E-09
1.7783E+03 -0.55 8.4981E-10
1.9953E+03 -0.55 5.6581E-10
2.2387E+03 -0.55 3.7703E-10
2.5119E+03 -0.55 2.4883E-10
2.8184E+03 -0.55 1.6684E-10
3.1623E+03 -0.55 1.1027E-10
3.5481E+03 -0.55 6.9617E-11
3.9811E+03 -0.55 4.5510E-11
4.4668E+03 -0.55 2.9490E-11
5.0119E+03 -0.55 1.9419E-11
5.6234E+03 -0.55 1.2995E-11
6.3096E+03 -0.55 8.4020E-12
7.0795E+03 -0.55 5.6826E-12
7.9433E+03 -0.55 3.9375E-12
8.9125E+03 -0.55 2.4205E-12
1.0000E+04 -0.55 1.4612E-12
1.0000E-01 -0.65 2.1711E+03
1.1220E-01 -0.65 1.9595E+03
1.2589E-01 -0.65 1.7528E+03
1.4125E-01 -0.65 1.5536E+03
1.5849E-01 -0.65 1.3656E+03
1.7783E-01 -0.65 1.1921E+03
1.9953E-01 -0.65 1.0308E+03
2.2387E-01 -0.65 8.8267E+02
2.5119E-01 -0.65 7.4989E+02
2.8184E-01 -0.65 6.3024E+02
3.1623E-01 -0.65 5.2427E+02
3.5481E-01 -0.65 4.3213E+02
3.9811E-01 -0.65 3.5177E+02
4.4668E-01 -0.65 2.8407E+02
5.0119E-01 -0.65 2.2765E+02
5.6234E-01 -0.65 1.8093E+02
6.3096E-01 -0.65 1.4245E+02
7.0795E-01 -0.65 1.1123E+02
7.9433E-01 -0.65 8.6312E+01
8.9125E-01 -0.65 6.6368E+01
1.0000E+00 -0.65 5.0682E+01
1.1220E+00 -0.65 3.8378E+01
1.2589E+00 -0.65 2.8924E+01
1.4125E+00 -0.65 2.1539E+01
1.5849E+00 -0.65 1.5912E+01
1.7783E+00 -0.65 1.1644E+01
1.9953E+00 -0.65 8.4430E+00
2.2387E+00 -0.65 6.0978E+00
2.5119E+00 -0.65 4.3600E+00
2.8184E+00 -0.65 3.0878E+00
3.1623E+00 -0.65 2.1731E+00
3.5481E+00 -0.65 1.5171E+00
3.9811E+00 -0.65 1.0545E+00
4.4668E+00 -0.65 7.2776E-01
5.0119E+00 -0.65 4.9945E-01
5.6234E+00 -0.65 3.4189E-01
6.3096E+00 -0.65 2.3334E-01
7.0795E+00 -0.65 1.5678E-01
7.9433E+00 -0.65 1.0562E-01
8.9125E+00 -0.65 7.1210E-02
1.0000E+01 -0.65 4.7772E-02
1.1220E+01 -0.65 3.2052E-02
1.2589E+01 -0.65 2.1490E-02
1.4125E+01 -0.65 1.4438E-02
1.5849E+01 -0.65 9.6517E-03
1.7783E+01 -0.65 6.4325E-03
1.9953E+01 -0.65 4.2993E-03
2.2387E+01 -0.65 2.9011E-03
2.5119E+01 -0.65 1.9369E-03
2.8184E+01 -0.65 1.3012E-03
3.1623E+01 -0.65 8.6773E-04
3.5481E+01 -0.65 5.7772E-04
3.9811E+01 -0.65 3.8615E-04
4.4668E+01 -0.65 2.5875E-04
5.0119E+01 -0.65 1.7301E-04
5.6234E+01 -0.65 1.1573E-04
6.3096E+01 -0.65 7.7425E-05
7.0795E+01 -0.65 5.1699E-05
7.9433E+01 -0.65 3.4649E-05
8.9125E+01 -0.65 2.3353E-05
1.0000E+02 -0.65 1.5736E-05
1.1220E+02 -0.65 1.0595E-05
1.2589E+02 -0.65 7.1251E-06
1.4125E+02 -0.65 4.8110E-06
1.5849E+02 -0.65 3.2447E-06
1.7783E+02 -0.65 2.1797E-06
1.9953E+02 -0.65 1.4647E-06
2.2387E+02 -0.65 9.8852E-07
2.5119E+02 -0.65 6.6813E-07
2.8184E+02 -0.65 4.4783E-07
3.1623E+02 -0.65 3.0284E-07
3.5481E+02 -0.65 2.0482E-07
3.9811E+02 -0.65 1.3751E-07
4.4668E+02 -0.65 9.3410E-08
5.0119E+02 -0.65 6.2992E-08
5.6234E+02 -0.65 4.1995E-08
6.3096E+02 -0.65 2.7947E-08
7.0795E+02 -0.65 1.8620E-08
7.9433E+02 -0.65 1.2577E-08
8.9125E+02 -0.65 8.3753E-09
1.0000E+03 -0.65 5.5384E-09
1.1220E+03 -0.65 3.6920E-09
1.2589E+03 -0.65 2.4658E-09
1.4125E+03 -0.65 1.6476E-09
1.5849E+03 -0.65 1.1050E-09
1.7783E+03 -0.65 7.4481E-10
1.9953E+03 -0.65 4.7807E-10
2.2387E+03 -0.65 3.1434E-10
2.5119E+03 -0.65 2.1370E-10
2.8184E+03 -0.65 1.3890E-10
3.1623E+03 -0.65 8.8209E-11
3.5481E+03 -0.65 5.9094E-11
3.9811E+03 -0.65 3.8800E-11
4.4668E+03 -0.65 2.5639E-11
5.0119E+03 -0.65 1.7485E-11
5.6234E+03 -0.65 1.1398E-11
6.3096E+03 -0.65 7.2180E-12
7.0795E+03 -0.65 4.5957E-12
7.9433E+03 -0.65 2.9922E-12
8.9125E+03 -0.65 2.1250E-12
1.0000E+04 -0.65 1.3853E-12
1.0000E-01 -0.75 2.0779E+03
1.1220E-01 -0.75 1.8839E+03
1.2589E-01 -0.75 1.6907E+03
1.4125E-01 -0.75 1.5052E+03
1.5849E-01 -0.75 1.3290E+03
1.7783E-01 -0.75 1.1627E+03
1.9953E-01 -0.75 1.0083E+03
2.2387E-01 -0.75 8.6636E+02
2.5119E-01 -0.75 7.3650E+02
2.8184E-01 -0.75 6.1949E+02
3.1623E-01 -0.75 5.1513E+02
3.5481E-01 -0.75 4.2368E+02
3.9811E-01 -0.75 3.4503E+02
4.4668E-01 -0.75 2.7808E+02
5.0119E-01 -0.75 2.2225E+02
5.6234E-01 -0.75 1.7593E+02
6.3096E-01 -0.75 1.3807E+02
7.0795E-01 -0.75 1.0761E+02
7.9433E-01 -0.75 8.3074E+01
8.9125E-01 -0.75 6.3477E+01
1.0000E+00 -0.75 4.8087E+01
1.1220E+00 -0.75 3.6225E+01
1.2589E+00 -0.75 2.7236E+01
1.4125E+00 -0.75 2.0178E+01
1.5849E+00 -0.75 1.4824E+01
1.7783E+00 -0.75 1.0792E+01
1.9953E+00 -0.75 7.7992E+00
2.2387E+00 -0.75 5.5851E+00
2.5119E+00 -0.75 3.9661E+00
2.8184E+00 -0.75 2.7997E+00
3.1623E+00 -0.75 1.9632E+00
3.5481E+00 -0.75 1.3611E+00
3.9811E+00 -0.75 9.4017E-01
4.4668E+00 -0.75 6.4883E-01
5.0119E+00 -0.75 4.4356E-01
5.6234E+00 -0.75 3.0151E-01
6.3096E+00 -0.75 2.0513E-01
7.0795E+00 -0.75 1.3806E-01
7.9433E+00 -0.75 9.2424E-02
8.9125E+00 -0.75 6.2156E-02
1.0000E+01 -0.75 4.1715E-02
1.1220E+01 -0.75 2.7869E-02
1.2589E+01 -0.75 1.8656E-02
1.4125E+01 -0.75 1.2432E-02
1.5849E+01 -0.75 8.3022E-03
1.7783E+01 -0.75 5.5621E-03
1.9953E+01 -0.75 3.7009E-03
2.2387E+01 -0.75 2.4660E-03
2.5119E+01 -0.75 1.6733E-03
2.8184E+01 -0.75 1.1168E-03
3.1623E+01 -0.75 7.4599E-04
3.5481E+01 -0.75 5.0035E-04
3.9811E+01 -0.75 3.3461E-04
4.4668E+01 -0.75 2.2455E-04
5.0119E+01 -0.75 1.5103E-04
5.6234E+01 -0.75 1.0109E-04
6.3096E+01 -0.75 6.7786E-05
7.0795E+01 -0.75 4.5606E-05
7.9433E+01 -0.75 3.0581E-05
8.9125E+01 -0.75 2.0672E-05
1.0000E+02 -0.75 1.3992E-05
1.1220E+02 -0.75 9.4179E-06
1.2589E+02 -0.75 6.3607E-06
1.4125E+02 -0.75 4.3011E-06
1.5849E+02 -0.75 2.8964E-06
1.7783E+02 -0.75 1.9532E-06
1.9953E+02 -0.75 1.3178E-06
2.2387E+02 -0.75 8.9078E-07
2.5119E+02 -0.75 5.9764E-07
2.8184E+02 -0.75 4.0464E-07
3.1623E+02 -0.75 2.7572E-07
3.5481E+02 -0.75 1.8535E-07
3.9811E+02 -0.75 1.2398E-07
4.4668E+02 -0.75 8.3735E-08
5.0119E+02 -0.75 5.6269E-08
5.6234E+02 -0.75 3.7204E-08
6.3096E+02 -0.75 2.4921E-08
7.0795E+02 -0.75 1.6846E-08
7.9433E+02 -0.75 1.1420E-08
8.9125E+02 -0.75 7.6140E-09
1.0000E+03 -0.75 5.0204E-09
1.1220E+03 -0.75 3.3293E-09
1.2589E+03 -0.75 2.1936E-09
1.4125E+03 -0.75 1.4647E-09
1.5849E+03 -0.75 9.7606E-10
1.7783E+03 -0.75 6.3550E-10
1.9953E+03 -0.75 4.2382E-10
2.2387E+03 -0.75 2.8163E-10
2.5119E+03 -0.75 1.8063E-10
2.8184E+03 -0.75 1.1662E-10
3.1623E+03 -0.75 7.7979E-11
3.5481E+03 -0.75 5.1494E-11
3.9811E+03 -0.75 3.3776E-11
4.4668E+03 -0.75 2.1237E-11
5.0119E+03 -0.75 1.3735E-11
5.6234E+03 -0.75 9.4239E-12
6.3096E+03 -0.75 6.2745E-12
7.0795E+03 -0.75 4.3181E-12
7.9433E+03 -0.75 2.5973E-12
8.9125E+03 -0.75 1.6069E-12
1.0000E+04 -0.75 1.1125E-12
1.0000E-01 -0.85 2.2974E+03
1.1220E-01 -0.85 2.0800E+03
1.2589E-01 -0.85 1.8648E+03
1.4125E-01 -0.85 1.6556E+03
1.5849E-01 -0.85 1.4582E+03
1.7783E-01 -0.85 1.2703E+03
1.9953E-01 -0.85 1.0978E+03
2.2387E-01 -0.85 9.3782E+02
2.5119E-01 -0.85 7.9203E+02
2.8184E-01 -0.85 6.6088E+02
3.1623E-01 -0.85 5.4455E+02
3.5481E-01 -0.85 4.4350E+02
3.9811E-01 -0.85 3.5677E+02
4.4668E-01 -0.85 2.8427E+02
5.0119E-01 -0.85 2.2430E+02
5.6234E-01 -0.85 1.7534E+02
6.3096E-01 -0.85 1.3591E+02
7.0795E-01 -0.85 1.0457E+02
7.9433E-01 -0.85 7.9897E+01
8.9125E-01 -0.85 6.0541E+01
1.0000E+00 -0.85 4.5544E+01
1.1220E+00 -0.85 3.4047E+01
1.2589E+00 -0.85 2.5307E+01
1.4125E+00 -0.85 1.8668E+01
1.5849E+00 -0.85 1.3608E+01
1.7783E+00 -0.85 9.8521E+00
1.9953E+00 -0.85 7.0758E+00
2.2387E+00 -0.85 5.0447E+00
2.5119E+00 -0.85 3.5841E+00
2.8184E+00 -0.85 2.5241E+00
3.1623E+00 -0.85 1.7661E+00
3.5481E+00 -0.85 1.2308E+00
3.9811E+00 -0.85 8.4904E-01
4.4668E+00 -0.85 5.8107E-01
5.0119E+00 -0.85 3.9651E-01
5.6234E+00 -0.85 2.6825E-01
6.3096E+00 -0.85 1.8288E-01
7.0795E+00 -0.85 1.2244E-01
7.9433E+00 -0.85 8.1493E-02
8.9125E+00 -0.85 5.4686E-02
1.0000E+01 -0.85 3.6720E-02
1.1220E+01 -0.85 2.4472E-02
1.2589E+01 -0.85 1.6320E-02
1.4125E+01 -0.85 1.0918E-02
1.5849E+01 -0.85 7.3401E-03
1.7783E+01 -0.85 4.9088E-03
1.9953E+01 -0.85 3.2721E-03
2.2387E+01 -0.85 2.1644E-03
2.5119E+01 -0.85 1.4721E-03
2.8184E+01 -0.85 9.8591E-04
3.1623E+01 -0.85 6.6029E-04
3.5481E+01 -0.85 4.4049E-04
3.9811E+01 -0.85 2.9594E-04
4.4668E+01 -0.85 1.9910E-04
5.0119E+01 -0.85 1.3341E-04
5.6234E+01 -0.85 8.9448E-05
6.3096E+01 -0.85 6.0549E-05
7.0795E+01 -0.85 4.0736E-05
7.9433E+01 -0.85 2.7509E-05
8.9125E+01 -0.85 1.8572E-05
1.0000E+02 -0.85 1.2524E-05
1.1220E+02 -0.85 8.4814E-06
1.2589E+02 -0.85 5.7049E-06
1.4125E+02 -0.85 3.8486E-06
1.5849E+02 -0.85 2.6196E-06
1.7783E+02 -0.85 1.7808E-06
1.9953E+02 -0.85 1.1959E-06
2.2387E+02 -0.85 8.0551E-07
2.5119E+02 -0.85 5.5266E-07
2.8184E+02 -0.85 3.7407E-07
3.1623E+02 -0.85 2.5015E-07
3.5481E+02 -0.85 1.6716E-07
3.9811E+02 -0.85 1.1299E-07
4.4668E+02 -0.85 7.6282E-08
5.0119E+02 -0.85 5.0836E-08
5.6234E+02 -0.85 3.4241E-08
6.3096E+02 -0.85 2.2962E-08
7.0795E+02 -0.85 1.5248E-08
7.9433E+02 -0.85 9.9764E-09
8.9125E+02 -0.85 6.7635E-09
1.0000E+03 -0.85 4.5321E-09
1.1220E+03 -0.85 2.9693E-09
1.2589E+03 -0.85 2.0074E-09
1.4125E+03 -0.85 1.3146E-09
1.5849E+03 -0.85 8.6558E-10
1.7783E+03 -0.85 5.7535E-10
1.9953E+03 -0.85 3.7597E-10
2.2387E+03 -0.85 2.5333E-10
2.5119E+03 -0.85 1.6659E-10
2.8184E+03 -0.85 1.0916E-10
3.1623E+03 -0.85 7.1755E-11
3.5481E+03 -0.85 4.6352E-11
3.9811E+03 -0.85 3.0895E-11
4.4668E+03 -0.85 2.0354E-11
5.0119E+03 -0.85 1.2964E-11
5.6234E+03 -0.85 8.4784E-12
6.3096E+03 -0.85 5.6416E-12
7.0795E+03 -0.85 3.7230E-12
7.9433E+03 -0.85 2.2783E-12
8.9125E+03 -0.85 1.3898E-12
1.0000E+04 -0.85 9.6326E-13
1.0000E-01 -0.95 2.8293E+03
1.1220E-01 -0.95 2.5574E+03
1.2589E-01 -0.95 2.2900E+03
1.4125E-01 -0.95 2.0333E+03
1.5849E-01 -0.95 1.7860E+03
1.7783E-01 -0.95 1.5526E+03
1.9953E-01 -0.95 1.3356E+03
2.2387E-01 -0.95 1.1356E+03
2.5119E-01 -0.95 9.5329E+02
2.8184E-01 -0.95 7.8919E+02
3.1623E-01 -0.95 6.4480E+02
3.5481E-01 -0.95 5.2007E+02
3.9811E-01 -0.95 4.1415E+02
4.4668E-01 -0.95 3.2627E+02
5.0119E-01 -0.95 2.5431E+02
5.6234E-01 -0.95 1.9649E+02
6.3096E-01 -0.95 1.5051E+02
7.0795E-01 -0.95 1.1418E+02
7.9433E-01 -0.95 8.5894E+01
8.9125E-01 -0.95 6.4362E+01
1.0000E+00 -0.95 4.7834E+01
1.1220E+00 -0.95 3.5126E+01
1.2589E+00 -0.95 2.5757E+01
1.4125E+00 -0.95 1.8709E+01
1.5849E+00 -0.95 1.3486E+01
1.7783E+00 -0.95 9.6599E+00
1.9953E+00 -0.95 6.8586E+00
2.2387E+00 -0.95 4.8361E+00
2.5119E+00 -0.95 3.3981E+00
2.8184E+00 -0.95 2.3725E+00
3.1623E+00 -0.95 1.6429E+00
3.5481E+00 -0.95 1.1298E+00
3.9811E+00 -0.95 7.7508E-01
4.4668E+00 -0.95 5.2987E-01
5.0119E+00 -0.95 3.5937E-01
5.6234E+00 -0.95 2.4209E-01
6.3096E+00 -0.95 1.6411E-01
7.0795E+00 -0.95 1.0969E-01
7.9433E+00 -0.95 7.3128E-02
8.9125E+00 -0.95 4.8712E-02
1.0000E+01 -0.95 3.2730E-02
1.1220E+01 -0.95 2.1853E-02
1.2589E+01 -0.95 1.4583E-02
1.4125E+01 -0.95 9.7690E-03
1.5849E+01 -0.95 6.5248E-03
1.7783E+01 -0.95 4.3517E-03
1.9953E+01 -0.95 2.8937E-03
2.2387E+01 -0.95 1.9564E-03
2.5119E+01 -0.95 1.3216E-03
2.8184E+01 -0.95 8.8376E-04
3.1623E+01 -0.95 5.9194E-04
3.5481E+01 -0.95 3.9849E-04
3.9811E+01 -0.95 2.6852E-04
4.4668E+01 -0.95 1.8008E-04
5.0119E+01 -0.95 1.2097E-04
5.6234E+01 -0.95 8.1396E-05
6.3096E+01 -0.95 5.5264E-05
7.0795E+01 -0.95 3.7291E-05
7.9433E+01 -0.95 2.5146E-05
8.9125E+01 -0.95 1.7057E-05
1.0000E+02 -0.95 1.1531E-05
1.1220E+02 -0.95 7.8206E-06
1.2589E+02 -0.95 5.3143E-06
1.4125E+02 -0.95 3.5769E-06
1.5849E+02 -0.95 2.4133E-06
1.7783E+02 -0.95 1.6298E-06
1.9953E+02 -0.95 1.1048E-06
2.2387E+02 -0.95 7.5451E-07
2.5119E+02 -0.95 5.0435E-07
2.8184E+02 -0.95 3.3716E-07
3.1623E+02 -0.95 2.2860E-07
3.5481E+02 -0.95 1.5438E-07
3.9811E+02 -0.95 1.0389E-07
4.4668E+02 -0.95 6.9643E-08
5.0119E+02 -0.95 4.6897E-08
5.6234E+02 -0.95 3.1727E-08
6.3096E+02 -0.95 2.1181E-08
7.0795E+02 -0.95 1.4083E-08
7.9433E+02 -0.95 9.2281E-09
8.9125E+02 -0.95 6.1254E-09
1.0000E+03 -0.95 4.0980E-09
1.1220E+03 -0.95 2.7128E-09
1.2589E+03 -0.95 1.7989E-09
1.4125E+03 -0.95 1.1902E-09
1.5849E+03 -0.95 8.0359E-10
1.7783E+03 -0.95 5.2766E-10
1.9953E+03 -0.95 3.4524E-10
2.2387E+03 -0.95 2.2824E-10
2.5119E+03 -0.95 1.5045E-10
2.8184E+03 -0.95 9.8083E-11
3.1623E+03 -0.95 6.4403E-11
3.5481E+03 -0.95 4.2335E-11
3.9811E+03 -0.95 2.7489E-11
4.4668E+03 -0.95 1.7711E-11
5.0119E+03 -0.95 1.2322E-11
5.6234E+03 -0.95 8.2017E-12
6.3096E+03 -0.95 4.9656E-12
7.0795E+03 -0.95 3.0230E-12
7.9433E+03 -0.95 2.1033E-12
8.9125E+03 -0.95 1.5450E-12
1.0000E+04 -0.95 9.8713E-13
