1.0000E-01 0.95 4.0888E+03
1.1220E-01 0.95 3.7414E+03
1.2589E-01 0.95 3.4032E+03
1.4125E-01 0.95 3.0689E+03
1.5849E-01 0.95 2.7369E+03
1.7783E-01 0.95 2.4144E+03
1.9953E-01 0.95 2.1045E+03
2.2387E-01 0.95 1.8152E+03
2.5119E-01 0.95 1.5496E+03
2.8184E-01 0.95 1.3094E+03
3.1623E-01 0.95 1.0951E+03
3.5481E-01 0.95 9.0868E+02
3.9811E-01 0.95 7.4771E+02
4.4668E-01 0.95 6.0899E+02
5.0119E-01 0.95 4.9273E+02
5.6234E-01 0.95 3.9595E+02
6.3096E-01 0.95 3.1579E+02
7.0795E-01 0.95 2.4999E+02
7.9433E-01 0.95 1.9646E+02
8.9125E-01 0.95 1.5348E+02
1.0000E+00 0.95 1.1882E+02
1.1220E+00 0.95 9.1622E+01
1.2589E+00 0.95 7.0319E+01
1.4125E+00 0.95 5.3603E+01
1.5849E+00 0.95 4.0557E+01
1.7783E+00 0.95 3.0526E+01
1.9953E+00 0.95 2.2802E+01
2.2387E+00 0.95 1.6914E+01
2.5119E+00 0.95 1.2509E+01
2.8184E+00 0.95 9.2103E+00
3.1623E+00 0.95 6.7611E+00
3.5481E+00 0.95 4.9267E+00
3.9811E+00 0.95 3.5817E+00
4.4668E+00 0.95 2.5903E+00
5.0119E+00 0.95 1.8717E+00
5.6234E+00 0.95 1.3524E+00
6.3096E+00 0.95 9.7305E-01
7.0795E+00 0.95 6.9695E-01
7.9433E+00 0.95 4.9919E-01
8.9125E+00 0.95 3.5767E-01
1.0000E+01 0.95 2.5568E-01
1.1220E+01 0.95 1.8233E-01
1.2589E+01 0.95 1.2959E-01
1.4125E+01 0.95 9.2177E-02
1.5849E+01 0.95 6.5688E-02
1.7783E+01 0.95 4.6660E-02
1.9953E+01 0.95 3.3171E-02
2.2387E+01 0.95 2.3574E-02
2.5119E+01 0.95 1.6699E-02
2.8184E+01 0.95 1.1859E-02
3.1623E+01 0.95 8.3624E-03
3.5481E+01 0.95 5.9054E-03
3.9811E+01 0.95 4.1735E-03
4.4668E+01 0.95 2.9459E-03
5.0119E+01 0.95 2.0771E-03
5.6234E+01 0.95 1.4609E-03
6.3096E+01 0.95 1.0259E-03
7.0795E+01 0.95 7.2069E-04
7.9433E+01 0.95 5.0446E-04
8.9125E+01 0.95 3.5299E-04
1.0000E+02 0.95 2.4821E-04
1.1220E+02 0.95 1.7372E-04
1.2589E+02 0.95 1.2145E-04
1.4125E+02 0.95 8.4742E-05
1.5849E+02 0.95 5.9111E-05
1.7783E+02 0.95 4.1217E-05
1.9953E+02 0.95 2.8742E-05
2.2387E+02 0.95 2.0030E-05
2.5119E+02 0.95 1.3916E-05
2.8184E+02 0.95 9.6478E-06
3.1623E+02 0.95 6.7298E-06
3.5481E+02 0.95 4.6486E-06
3.9811E+02 0.95 3.2162E-06
4.4668E+02 0.95 2.2228E-06
5.0119E+02 0.95 1.5321E-06
5.6234E+02 0.95 1.0618E-06
6.3096E+02 0.95 7.2380E-07
7.0795E+02 0.95 4.9540E-07
7.9433E+02 0.95 3.3928E-07
8.9125E+02 0.95 2.3171E-07
1.0000E+03 0.95 1.5936E-07
1.1220E+03 0.95 1.0717E-07
1.2589E+03 0.95 7.2512E-08
1.4125E+03 0.95 4.8944E-08
1.5849E+03 0.95 3.2970E-08
1.7783E+03 0.95 2.2237E-08
1.9953E+03 0.95 1.4952E-08
2.2387E+03 0.95 1.0001E-08
2.5119E+03 0.95 6.6539E-09
2.8184E+03 0.95 4.4258E-09
3.1623E+03 0.95 3.0332E-09
3.5481E+03 0.95 1.9582E-09
3.9811E+03 0.95 1.2982E-09
4.4668E+03 0.95 8.6123E-10
5.0119E+03 0.95 5.6901E-10
5.6234E+03 0.95 3.7347E-10
6.3096E+03 0.95 2.4762E-10
7.0795E+03 0.95 1.6377E-10
7.9433E+03 0.95 1.0767E-10
8.9125E+03 0.95 7.0786E-11
1.0000E+04 0.95 4.6227E-11
1.0000E-01 0.85 4.1651E+03
1.1220E-01 0.85 3.8046E+03
1.2589E-01 0.85 3.4455E+03
1.4125E-01 0.85 3.0993E+03
1.5849E-01 0.85 2.7618E+03
1.7783E-01 0.85 2.4357E+03
1.9953E-01 0.85 2.1228E+03
2.2387E-01 0.85 1.8259E+03
2.5119E-01 0.85 1.5571E+03
2.8184E-01 0.85 1.3149E+03
3.1623E-01 0.85 1.1001E+03
3.5481E-01 0.85 9.1461E+02
3.9811E-01 0.85 7.5293E+02
4.4668E-01 0.85 6.1401E+02
5.0119E-01 0.85 4.9686E+02
5.6234E-01 0.85 3.9938E+02
6.3096E-01 0.85 3.1848E+02
7.0795E-01 0.85 2.5184E+02
7.9433E-01 0.85 1.9821E+02
8.9125E-01 0.85 1.5482E+02
1.0000E+00 0.85 1.2024E+02
1.1220E+00 0.85 9.2840E+01
1.2589E+00 0.85 7.1393E+01
1.4125E+00 0.85 5.4518E+01
1.5849E+00 0.85 4.1305E+01
1.7783E+00 0.85 3.1063E+01
1.9953E+00 0.85 2.3273E+01
2.2387E+00 0.85 1.7337E+01
2.5119E+00 0.85 1.2824E+01
2.8184E+00 0.85 9.4466E+00
3.1623E+00 0.85 6.9152E+00
3.5481E+00 0.85 5.0479E+00
3.9811E+00 0.85 3.6700E+00
4.4668E+00 0.85 2.6600E+00
5.0119E+00 0.85 1.9228E+00
5.6234E+00 0.85 1.3850E+00
6.3096E+00 0.85 9.9672E-01
7.0795E+00 0.85 7.1610E-01
7.9433E+00 0.85 5.1393E-01
8.9125E+00 0.85 3.6819E-01
1.0000E+01 0.85 2.6263E-01
1.1220E+01 0.85 1.8733E-01
1.2589E+01 0.85 1.3342E-01
1.4125E+01 0.85 9.4921E-02
1.5849E+01 0.85 6.7502E-02
1.7783E+01 0.85 4.7969E-02
1.9953E+01 0.85 3.4125E-02
2.2387E+01 0.85 2.4275E-02
2.5119E+01 0.85 1.7190E-02
2.8184E+01 0.85 1.2166E-02
3.1623E+01 0.85 8.6499E-03
3.5481E+01 0.85 6.1243E-03
3.9811E+01 0.85 4.3298E-03
4.4668E+01 0.85 3.0542E-03
5.0119E+01 0.85 2.1537E-03
5.6234E+01 0.85 1.5192E-03
6.3096E+01 0.85 1.0676E-03
7.0795E+01 0.85 7.4847E-04
7.9433E+01 0.85 5.2636E-04
8.9125E+01 0.85 3.6996E-04
1.0000E+02 0.85 2.5931E-04
1.1220E+02 0.85 1.8151E-04
1.2589E+02 0.85 1.2710E-04
1.4125E+02 0.85 8.8838E-05
1.5849E+02 0.85 6.2011E-05
1.7783E+02 0.85 4.3302E-05
1.9953E+02 0.85 3.0242E-05
2.2387E+02 0.85 2.1047E-05
2.5119E+02 0.85 1.4625E-05
2.8184E+02 0.85 1.0185E-05
3.1623E+02 0.85 7.1004E-06
3.5481E+02 0.85 4.9030E-06
3.9811E+02 0.85 3.3968E-06
4.4668E+02 0.85 2.3513E-06
5.0119E+02 0.85 1.6249E-06
5.6234E+02 0.85 1.1263E-06
6.3096E+02 0.85 7.7089E-07
7.0795E+02 0.85 5.2875E-07
7.9433E+02 0.85 3.6134E-07
8.9125E+02 0.85 2.4743E-07
1.0000E+03 0.85 1.7084E-07
1.1220E+03 0.85 1.1512E-07
1.2589E+03 0.85 7.8138E-08
1.4125E+03 0.85 5.2888E-08
1.5849E+03 0.85 3.5751E-08
1.7783E+03 0.85 2.3982E-08
1.9953E+03 0.85 1.6188E-08
2.2387E+03 0.85 1.0888E-08
2.5119E+03 0.85 7.2693E-09
2.8184E+03 0.85 4.8351E-09
3.1623E+03 0.85 3.3207E-09
3.5481E+03 0.85 2.1495E-09
3.9811E+03 0.85 1.4303E-09
4.4668E+03 0.85 9.5123E-10
5.0119E+03 0.85 6.2347E-10
5.6234E+03 0.85 4.1161E-10
6.3096E+03 0.85 2.7407E-10
7.0795E+03 0.85 1.8043E-10
7.9433E+03 0.85 1.1852E-10
8.9125E+03 0.85 7.8357E-11
1.0000E+04 0.85 5.1262E-11
1.0000E-01 0.75 4.2812E+03
1.1220E-01 0.75 3.8862E+03
1.2589E-01 0.75 3.5103E+03
1.4125E-01 0.75 3.1471E+03
1.5849E-01 0.75 2.7941E+03
1.7783E-01 0.75 2.4584E+03
1.9953E-01 0.75 2.1389E+03
2.2387E-01 0.75 1.8414E+03
2.5119E-01 0.75 1.5685E+03
2.8184E-01 0.75 1.3236E+03
3.1623E-01 0.75 1.1098E+03
3.5481E-01 0.75 9.2096E+02
3.9811E-01 0.75 7.5704E+02
4.4668E-01 0.75 6.1856E+02
5.0119E-01 0.75 5.0139E+02
5.6234E-01 0.75 4.0332E+02
6.3096E-01 0.75 3.2200E+02
7.0795E-01 0.75 2.5548E+02
7.9433E-01 0.75 2.0129E+02
8.9125E-01 0.75 1.5739E+02
1.0000E+00 0.75 1.2234E+02
1.1220E+00 0.75 9.4577E+01
1.2589E+00 0.75 7.2619E+01
1.4125E+00 0.75 5.5469E+01
1.5849E+00 0.75 4.2182E+01
1.7783E+00 0.75 3.1843E+01
1.9953E+00 0.75 2.3831E+01
2.2387E+00 0.75 1.7728E+01
2.5119E+00 0.75 1.3135E+01
2.8184E+00 0.75 9.7097E+00
3.1623E+00 0.75 7.0942E+00
3.5481E+00 0.75 5.1810E+00
3.9811E+00 0.75 3.7667E+00
4.4668E+00 0.75 2.7311E+00
5.0119E+00 0.75 1.9795E+00
5.6234E+00 0.75 1.4287E+00
6.3096E+00 0.75 1.0270E+00
7.0795E+00 0.75 7.3718E-01
7.9433E+00 0.75 5.2701E-01
8.9125E+00 0.75 3.7731E-01
1.0000E+01 0.75 2.7017E-01
1.1220E+01 0.75 1.9256E-01
1.2589E+01 0.75 1.3733E-01
1.4125E+01 0.75 9.7889E-02
1.5849E+01 0.75 6.9661E-02
1.7783E+01 0.75 4.9696E-02
1.9953E+01 0.75 3.5366E-02
2.2387E+01 0.75 2.5023E-02
2.5119E+01 0.75 1.7758E-02
2.8184E+01 0.75 1.2618E-02
3.1623E+01 0.75 8.9892E-03
3.5481E+01 0.75 6.3681E-03
3.9811E+01 0.75 4.5058E-03
4.4668E+01 0.75 3.1804E-03
5.0119E+01 0.75 2.2454E-03
5.6234E+01 0.75 1.5851E-03
6.3096E+01 0.75 1.1160E-03
7.0795E+01 0.75 7.8495E-04
7.9433E+01 0.75 5.5222E-04
8.9125E+01 0.75 3.8765E-04
1.0000E+02 0.75 2.7248E-04
1.1220E+02 0.75 1.9089E-04
1.2589E+02 0.75 1.3364E-04
1.4125E+02 0.75 9.3588E-05
1.5849E+02 0.75 6.5406E-05
1.7783E+02 0.75 4.5623E-05
1.9953E+02 0.75 3.1852E-05
2.2387E+02 0.75 2.2233E-05
2.5119E+02 0.75 1.5522E-05
2.8184E+02 0.75 1.0841E-05
3.1623E+02 0.75 7.5179E-06
3.5481E+02 0.75 5.2014E-06
3.9811E+02 0.75 3.6105E-06
4.4668E+02 0.75 2.5052E-06
5.0119E+02 0.75 1.7327E-06
5.6234E+02 0.75 1.2032E-06
6.3096E+02 0.75 8.2527E-07
7.0795E+02 0.75 5.6830E-07
7.9433E+02 0.75 3.8996E-07
8.9125E+02 0.75 2.6728E-07
1.0000E+03 0.75 1.8443E-07
1.1220E+03 0.75 1.2470E-07
1.2589E+03 0.75 8.4889E-08
1.4125E+03 0.75 5.7579E-08
1.5849E+03 0.75 3.8971E-08
1.7783E+03 0.75 2.6344E-08
1.9953E+03 0.75 1.7781E-08
2.2387E+03 0.75 1.1964E-08
2.5119E+03 0.75 8.0026E-09
2.8184E+03 0.75 5.3459E-09
3.1623E+03 0.75 3.6776E-09
3.5481E+03 0.75 2.3796E-09
3.9811E+03 0.75 1.5819E-09
4.4668E+03 0.75 1.0513E-09
5.0119E+03 0.75 6.9841E-10
5.6234E+03 0.75 4.6455E-10
6.3096E+03 0.75 3.0531E-10
7.0795E+03 0.75 2.0103E-10
7.9433E+03 0.75 1.3281E-10
8.9125E+03 0.75 8.7705E-11
1.0000E+04 0.75 5.7371E-11
1.0000E-01 0.65 4.4404E+03
1.1220E-01 0.65 4.0106E+03
1.2589E-01 0.65 3.6089E+03
1.4125E-01 0.65 3.2183E+03
1.5849E-01 0.65 2.8482E+03
1.7783E-01 0.65 2.4972E+03
1.9953E-01 0.65 2.1645E+03
2.2387E-01 0.65 1.8605E+03
2.5119E-01 0.65 1.5825E+03
2.8184E-01 0.65 1.3347E+03
3.1623E-01 0.65 1.1177E+03
3.5481E-01 0.65 9.2862E+02
3.9811E-01 0.65 7.6418E+02
4.4668E-01 0.65 6.2470E+02
5.0119E-01 0.65 5.0742E+02
5.6234E-01 0.65 4.0841E+02
6.3096E-01 0.65 3.2636E+02
7.0795E-01 0.65 2.5913E+02
7.9433E-01 0.65 2.0438E+02
8.9125E-01 0.65 1.6009E+02
1.0000E+00 0.65 1.2442E+02
1.1220E+00 0.65 9.6460E+01
1.2589E+00 0.65 7.4184E+01
1.4125E+00 0.65 5.6575E+01
1.5849E+00 0.65 4.3039E+01
1.7783E+00 0.65 3.2550E+01
1.9953E+00 0.65 2.4428E+01
2.2387E+00 0.65 1.8191E+01
2.5119E+00 0.65 1.3468E+01
2.8184E+00 0.65 9.9498E+00
3.1623E+00 0.65 7.3049E+00
3.5481E+00 0.65 5.3463E+00
3.9811E+00 0.65 3.8899E+00
4.4668E+00 0.65 2.8219E+00
5.0119E+00 0.65 2.0422E+00
5.6234E+00 0.65 1.4738E+00
6.3096E+00 0.65 1.0609E+00
7.0795E+00 0.65 7.6227E-01
7.9433E+00 0.65 5.4839E-01
8.9125E+00 0.65 3.9189E-01
1.0000E+01 0.65 2.8032E-01
1.1220E+01 0.65 2.0019E-01
1.2589E+01 0.65 1.4265E-01
1.4125E+01 0.65 1.0160E-01
1.5849E+01 0.65 7.2479E-02
1.7783E+01 0.65 5.1670E-02
1.9953E+01 0.65 3.6780E-02
2.2387E+01 0.65 2.6190E-02
2.5119E+01 0.65 1.8601E-02
2.8184E+01 0.65 1.3182E-02
3.1623E+01 0.65 9.3735E-03
3.5481E+01 0.65 6.6499E-03
3.9811E+01 0.65 4.7065E-03
4.4668E+01 0.65 3.3317E-03
5.0119E+01 0.65 2.3548E-03
5.6234E+01 0.65 1.6601E-03
6.3096E+01 0.65 1.1717E-03
7.0795E+01 0.65 8.2614E-04
7.9433E+01 0.65 5.8168E-04
8.9125E+01 0.65 4.0914E-04
1.0000E+02 0.65 2.8735E-04
1.1220E+02 0.65 2.0145E-04
1.2589E+02 0.65 1.4122E-04
1.4125E+02 0.65 9.8909E-05
1.5849E+02 0.65 6.9278E-05
1.7783E+02 0.65 4.8477E-05
1.9953E+02 0.65 3.3806E-05
2.2387E+02 0.65 2.3581E-05
2.5119E+02 0.65 1.6453E-05
2.8184E+02 0.65 1.1480E-05
3.1623E+02 0.65 8.0244E-06
3.5481E+02 0.65 5.5691E-06
3.9811E+02 0.65 3.8648E-06
4.4668E+02 0.65 2.6819E-06
5.0119E+02 0.65 1.8613E-06
5.6234E+02 0.65 1.2966E-06
6.3096E+02 0.65 8.9078E-07
7.0795E+02 0.65 6.1508E-07
7.9433E+02 0.65 4.2379E-07
8.9125E+02 0.65 2.9099E-07
1.0000E+03 0.65 2.0102E-07
1.1220E+03 0.65 1.3623E-07
1.2589E+03 0.65 9.2766E-08
1.4125E+03 0.65 6.3128E-08
1.5849E+03 0.65 4.2859E-08
1.7783E+03 0.65 2.9027E-08
1.9953E+03 0.65 1.9703E-08
2.2387E+03 0.65 1.3277E-08
2.5119E+03 0.65 8.9036E-09
2.8184E+03 0.65 5.9618E-09
3.1623E+03 0.65 4.1172E-09
3.5481E+03 0.65 2.6750E-09
3.9811E+03 0.65 1.7862E-09
4.4668E+03 0.65 1.1834E-09
5.0119E+03 0.65 7.8483E-10
5.6234E+03 0.65 5.2258E-10
6.3096E+03 0.65 3.4546E-10
7.0795E+03 0.65 2.2696E-10
7.9433E+03 0.65 1.4971E-10
8.9125E+03 0.65 9.9102E-11
1.0000E+04 0.65 6.5415E-11
1.0000E-01 0.55 4.6881E+03
1.1220E-01 0.55 4.2023E+03
1.2589E-01 0.55 3.7475E+03
1.4125E-01 0.55 3.3265E+03
1.5849E-01 0.55 2.9287E+03
1.7783E-01 0.55 2.5563E+03
1.9953E-01 0.55 2.2079E+03
2.2387E-01 0.55 1.8871E+03
2.5119E-01 0.55 1.6014E+03
2.8184E-01 0.55 1.3501E+03
3.1623E-01 0.55 1.1271E+03
3.5481E-01 0.55 9.3604E+02
3.9811E-01 0.55 7.7138E+02
4.4668E-01 0.55 6.3041E+02
5.0119E-01 0.55 5.1223E+02
5.6234E-01 0.55 4.1277E+02
6.3096E-01 0.55 3.3027E+02
7.0795E-01 0.55 2.6232E+02
7.9433E-01 0.55 2.0754E+02
8.9125E-01 0.55 1.6320E+02
1.0000E+00 0.55 1.2671E+02
1.1220E+00 0.55 9.8276E+01
1.2589E+00 0.55 7.5821E+01
1.4125E+00 0.55 5.8167E+01
1.5849E+00 0.55 4.4309E+01
1.7783E+00 0.55 3.3481E+01
1.9953E+00 0.55 2.5163E+01
2.2387E+00 0.55 1.8784E+01
2.5119E+00 0.55 1.3882E+01
2.8184E+00 0.55 1.0259E+01
3.1623E+00 0.55 7.5643E+00
3.5481E+00 0.55 5.5371E+00
3.9811E+00 0.55 4.0372E+00
4.4668E+00 0.55 2.9323E+00
5.0119E+00 0.55 2.1260E+00
5.6234E+00 0.55 1.5388E+00
6.3096E+00 0.55 1.1061E+00
7.0795E+00 0.55 7.9299E-01
7.9433E+00 0.55 5.6786E-01
8.9125E+00 0.55 4.0669E-01
1.0000E+01 0.55 2.9138E-01
1.1220E+01 0.55 2.0805E-01
1.2589E+01 0.55 1.4823E-01
1.4125E+01 0.55 1.0572E-01
1.5849E+01 0.55 7.5484E-02
1.7783E+01 0.55 5.3789E-02
1.9953E+01 0.55 3.8336E-02
2.2387E+01 0.55 2.7255E-02
2.5119E+01 0.55 1.9423E-02
2.8184E+01 0.55 1.3828E-02
3.1623E+01 0.55 9.8343E-03
3.5481E+01 0.55 6.9815E-03
3.9811E+01 0.55 4.9527E-03
4.4668E+01 0.55 3.5109E-03
5.0119E+01 0.55 2.4845E-03
5.6234E+01 0.55 1.7585E-03
6.3096E+01 0.55 1.2440E-03
7.0795E+01 0.55 8.7799E-04
7.9433E+01 0.55 6.1862E-04
8.9125E+01 0.55 4.3529E-04
1.0000E+02 0.55 3.0611E-04
1.1220E+02 0.55 2.1490E-04
1.2589E+02 0.55 1.5092E-04
1.4125E+02 0.55 1.0597E-04
1.5849E+02 0.55 7.4246E-05
1.7783E+02 0.55 5.1954E-05
1.9953E+02 0.55 3.6345E-05
2.2387E+02 0.55 2.5387E-05
2.5119E+02 0.55 1.7739E-05
2.8184E+02 0.55 1.2378E-05
3.1623E+02 0.55 8.6432E-06
3.5481E+02 0.55 6.0097E-06
3.9811E+02 0.55 4.1822E-06
4.4668E+02 0.55 2.9095E-06
5.0119E+02 0.55 2.0213E-06
5.6234E+02 0.55 1.4075E-06
6.3096E+02 0.55 9.7032E-07
7.0795E+02 0.55 6.7162E-07
7.9433E+02 0.55 4.6374E-07
8.9125E+02 0.55 3.1909E-07
1.0000E+03 0.55 2.2073E-07
1.1220E+03 0.55 1.5068E-07
1.2589E+03 0.55 1.0312E-07
1.4125E+03 0.55 7.0106E-08
1.5849E+03 0.55 4.7610E-08
1.7783E+03 0.55 3.2426E-08
1.9953E+03 0.55 2.2076E-08
2.2387E+03 0.55 1.4977E-08
2.5119E+03 0.55 1.0111E-08
2.8184E+03 0.55 6.7845E-09
3.1623E+03 0.55 4.6709E-09
3.5481E+03 0.55 3.0544E-09
3.9811E+03 0.55 2.0391E-09
4.4668E+03 0.55 1.3597E-09
5.0119E+03 0.55 9.0627E-10
5.6234E+03 0.55 5.9999E-10
6.3096E+03 0.55 3.9956E-10
7.0795E+03 0.55 2.6536E-10
7.9433E+03 0.55 1.7512E-10
8.9125E+03 0.55 1.1549E-10
1.0000E+04 0.55 7.6191E-11
1.0000E-01 0.45 5.0673E+03
1.1220E-01 0.45 4.4980E+03
1.2589E-01 0.45 3.9842E+03
1.4125E-01 0.45 3.5118E+03
1.5849E-01 0.45 3.0709E+03
1.7783E-01 0.45 2.6593E+03
1.9953E-01 0.45 2.2796E+03
2.2387E-01 0.45 1.9394E+03
2.5119E-01 0.45 1.6408E+03
2.8184E-01 0.45 1.3732E+03
3.1623E-01 0.45 1.1418E+03
3.5481E-01 0.45 9.4495E+02
3.9811E-01 0.45 7.7569E+02
4.4668E-01 0.45 6.3417E+02
5.0119E-01 0.45 5.1423E+02
5.6234E-01 0.45 4.1473E+02
6.3096E-01 0.45 3.3324E+02
7.0795E-01 0.45 2.6573E+02
7.9433E-01 0.45 2.1001E+02
8.9125E-01 0.45 1.6486E+02
1.0000E+00 0.45 1.2880E+02
1.1220E+00 0.45 9.9979E+01
1.2589E+00 0.45 7.7273E+01
1.4125E+00 0.45 5.9396E+01
1.5849E+00 0.45 4.5394E+01
1.7783E+00 0.45 3.4419E+01
1.9953E+00 0.45 2.5869E+01
2.2387E+00 0.45 1.9345E+01
2.5119E+00 0.45 1.4356E+01
2.8184E+00 0.45 1.0640E+01
3.1623E+00 0.45 7.8603E+00
3.5481E+00 0.45 5.7555E+00
3.9811E+00 0.45 4.1996E+00
4.4668E+00 0.45 3.0579E+00
5.0119E+00 0.45 2.2146E+00
5.6234E+00 0.45 1.6053E+00
6.3096E+00 0.45 1.1589E+00
7.0795E+00 0.45 8.3213E-01
7.9433E+00 0.45 5.9807E-01
8.9125E+00 0.45 4.2812E-01
1.0000E+01 0.45 3.0466E-01
1.1220E+01 0.45 2.1755E-01
1.2589E+01 0.45 1.5552E-01
1.4125E+01 0.45 1.1108E-01
1.5849E+01 0.45 7.9418E-02
1.7783E+01 0.45 5.6628E-02
1.9953E+01 0.45 4.0394E-02
2.2387E+01 0.45 2.8825E-02
2.5119E+01 0.45 2.0399E-02
2.8184E+01 0.45 1.4486E-02
3.1623E+01 0.45 1.0394E-02
3.5481E+01 0.45 7.3951E-03
3.9811E+01 0.45 5.2586E-03
4.4668E+01 0.45 3.7316E-03
5.0119E+01 0.45 2.6446E-03
5.6234E+01 0.45 1.8737E-03
6.3096E+01 0.45 1.3287E-03
7.0795E+01 0.45 9.3905E-04
7.9433E+01 0.45 6.6147E-04
8.9125E+01 0.45 4.6722E-04
1.0000E+02 0.45 3.2927E-04
1.1220E+02 0.45 2.3164E-04
1.2589E+02 0.45 1.6280E-04
1.4125E+02 0.45 1.1439E-04
1.5849E+02 0.45 8.0327E-05
1.7783E+02 0.45 5.6271E-05
1.9953E+02 0.45 3.9443E-05
2.2387E+02 0.45 2.7620E-05
2.5119E+02 0.45 1.9312E-05
2.8184E+02 0.45 1.3509E-05
3.1623E+02 0.45 9.4267E-06
3.5481E+02 0.45 6.5663E-06
3.9811E+02 0.45 4.5735E-06
4.4668E+02 0.45 3.1843E-06
5.0119E+02 0.45 2.2174E-06
5.6234E+02 0.45 1.5487E-06
6.3096E+02 0.45 1.0700E-06
7.0795E+02 0.45 7.4254E-07
7.9433E+02 0.45 5.1445E-07
8.9125E+02 0.45 3.5480E-07
1.0000E+03 0.45 2.4637E-07
1.1220E+03 0.45 1.6870E-07
1.2589E+03 0.45 1.1593E-07
1.4125E+03 0.45 7.9403E-08
1.5849E+03 0.45 5.4239E-08
1.7783E+03 0.45 3.7084E-08
1.9953E+03 0.45 2.5235E-08
2.2387E+03 0.45 1.7157E-08
2.5119E+03 0.45 1.1643E-08
2.8184E+03 0.45 7.8542E-09
3.1623E+03 0.45 5.4091E-09
3.5481E+03 0.45 3.5454E-09
3.9811E+03 0.45 2.3749E-09
4.4668E+03 0.45 1.5899E-09
5.0119E+03 0.45 1.0642E-09
5.6234E+03 0.45 7.0899E-10
6.3096E+03 0.45 4.7111E-10
7.0795E+03 0.45 3.1353E-10
7.9433E+03 0.45 2.0802E-10
8.9125E+03 0.45 1.3771E-10
1.0000E+04 0.45 9.1268E-11
1.0000E-01 0.35 5.6877E+03
1.1220E-01 0.35 5.0062E+03
1.2589E-01 0.35 4.3897E+03
1.4125E-01 0.35 3.8290E+03
1.5849E-01 0.35 3.3191E+03
1.7783E-01 0.35 2.8486E+03
1.9953E-01 0.35 2.4213E+03
2.2387E-01 0.35 2.0443E+03
2.5119E-01 0.35 1.7111E+03
2.8184E-01 0.35 1.4218E+03
3.1623E-01 0.35 1.1764E+03
3.5481E-01 0.35 9.6632E+02
3.9811E-01 0.35 7.8909E+02
4.4668E-01 0.35 6.4338E+02
5.0119E-01 0.35 5.2001E+02
5.6234E-01 0.35 4.1790E+02
6.3096E-01 0.35 3.3506E+02
7.0795E-01 0.35 2.6690E+02
7.9433E-01 0.35 2.1094E+02
8.9125E-01 0.35 1.6595E+02
1.0000E+00 0.35 1.2988E+02
1.1220E+00 0.35 1.0120E+02
1.2589E+00 0.35 7.8311E+01
1.4125E+00 0.35 6.0250E+01
1.5849E+00 0.35 4.6274E+01
1.7783E+00 0.35 3.5260E+01
1.9953E+00 0.35 2.6544E+01
2.2387E+00 0.35 1.9925E+01
2.5119E+00 0.35 1.4898E+01
2.8184E+00 0.35 1.1038E+01
3.1623E+00 0.35 8.1576E+00
3.5481E+00 0.35 6.0055E+00
3.9811E+00 0.35 4.4151E+00
4.4668E+00 0.35 3.2258E+00
5.0119E+00 0.35 2.3413E+00
5.6234E+00 0.35 1.6965E+00
6.3096E+00 0.35 1.2245E+00
7.0795E+00 0.35 8.8361E-01
7.9433E+00 0.35 6.3589E-01
8.9125E+00 0.35 4.5323E-01
1.0000E+01 0.35 3.2427E-01
1.1220E+01 0.35 2.3172E-01
1.2589E+01 0.35 1.6592E-01
1.4125E+01 0.35 1.1844E-01
1.5849E+01 0.35 8.4254E-02
1.7783E+01 0.35 6.0008E-02
1.9953E+01 0.35 4.3050E-02
2.2387E+01 0.35 3.0781E-02
2.5119E+01 0.35 2.1924E-02
2.8184E+01 0.35 1.5599E-02
3.1623E+01 0.35 1.1115E-02
3.5481E+01 0.35 7.9208E-03
3.9811E+01 0.35 5.6385E-03
4.4668E+01 0.35 4.0109E-03
5.0119E+01 0.35 2.8526E-03
5.6234E+01 0.35 2.0235E-03
6.3096E+01 0.35 1.4345E-03
7.0795E+01 0.35 1.0177E-03
7.9433E+01 0.35 7.2060E-04
8.9125E+01 0.35 5.0942E-04
1.0000E+02 0.35 3.5967E-04
1.1220E+02 0.35 2.5367E-04
1.2589E+02 0.35 1.7861E-04
1.4125E+02 0.35 1.2564E-04
1.5849E+02 0.35 8.8402E-05
1.7783E+02 0.35 6.2067E-05
1.9953E+02 0.35 4.3530E-05
2.2387E+02 0.35 3.0541E-05
2.5119E+02 0.35 2.1383E-05
2.8184E+02 0.35 1.4956E-05
3.1623E+02 0.35 1.0466E-05
3.5481E+02 0.35 7.3074E-06
3.9811E+02 0.35 5.1031E-06
4.4668E+02 0.35 3.5620E-06
5.0119E+02 0.35 2.4839E-06
5.6234E+02 0.35 1.7349E-06
6.3096E+02 0.35 1.2059E-06
7.0795E+02 0.35 8.3811E-07
7.9433E+02 0.35 5.8125E-07
8.9125E+02 0.35 4.0316E-07
1.0000E+03 0.35 2.8052E-07
1.1220E+03 0.35 1.9294E-07
1.2589E+03 0.35 1.3298E-07
1.4125E+03 0.35 9.1539E-08
1.5849E+03 0.35 6.2866E-08
1.7783E+03 0.35 4.3102E-08
1.9953E+03 0.35 2.9418E-08
2.2387E+03 0.35 2.0063E-08
2.5119E+03 0.35 1.3668E-08
2.8184E+03 0.35 9.2632E-09
3.1623E+03 0.35 6.3965E-09
3.5481E+03 0.35 4.2388E-09
3.9811E+03 0.35 2.8561E-09
4.4668E+03 0.35 1.9154E-09
5.0119E+03 0.35 1.2870E-09
5.6234E+03 0.35 8.6042E-10
6.3096E+03 0.35 5.7510E-10
7.0795E+03 0.35 3.8425E-10
7.9433E+03 0.35 2.5616E-10
8.9125E+03 0.35 1.6968E-10
1.0000E+04 0.35 1.1229E-10
1.0000E-01 0.25 6.8390E+03
1.1220E-01 0.25 5.9462E+03
1.2589E-01 0.25 5.1638E+03
1.4125E-01 0.25 4.4495E+03
1.5849E-01 0.25 3.8071E+03
1.7783E-01 0.25 3.2290E+03
1.9953E-01 0.25 2.7127E+03
2.2387E-01 0.25 2.2613E+03
2.5119E-01 0.25 1.8687E+03
2.8184E-01 0.25 1.5313E+03
3.1623E-01 0.25 1.2501E+03
3.5481E-01 0.25 1.0188E+03
3.9811E-01 0.25 8.2786E+02
4.4668E-01 0.25 6.6961E+02
5.0119E-01 0.25 5.3644E+02
5.6234E-01 0.25 4.2850E+02
6.3096E-01 0.25 3.4152E+02
7.0795E-01 0.25 2.7115E+02
7.9433E-01 0.25 2.1409E+02
8.9125E-01 0.25 1.6745E+02
1.0000E+00 0.25 1.3070E+02
1.1220E+00 0.25 1.0170E+02
1.2589E+00 0.25 7.8801E+01
1.4125E+00 0.25 6.0789E+01
1.5849E+00 0.25 4.6806E+01
1.7783E+00 0.25 3.5817E+01
1.9953E+00 0.25 2.7201E+01
2.2387E+00 0.25 2.0485E+01
2.5119E+00 0.25 1.5398E+01
2.8184E+00 0.25 1.1489E+01
3.1623E+00 0.25 8.5167E+00
3.5481E+00 0.25 6.2906E+00
3.9811E+00 0.25 4.6323E+00
4.4668E+00 0.25 3.3915E+00
5.0119E+00 0.25 2.4731E+00
5.6234E+00 0.25 1.7999E+00
6.3096E+00 0.25 1.3078E+00
7.0795E+00 0.25 9.4338E-01
7.9433E+00 0.25 6.7805E-01
8.9125E+00 0.25 4.8788E-01
1.0000E+01 0.25 3.4961E-01
1.1220E+01 0.25 2.5102E-01
1.2589E+01 0.25 1.7940E-01
1.4125E+01 0.25 1.2766E-01
1.5849E+01 0.25 9.1602E-02
1.7783E+01 0.25 6.5726E-02
1.9953E+01 0.25 4.6856E-02
2.2387E+01 0.25 3.3274E-02
2.5119E+01 0.25 2.3798E-02
2.8184E+01 0.25 1.7039E-02
3.1623E+01 0.25 1.2115E-02
3.5481E+01 0.25 8.6413E-03
3.9811E+01 0.25 6.1612E-03
4.4668E+01 0.25 4.3888E-03
5.0119E+01 0.25 3.1206E-03
5.6234E+01 0.25 2.2200E-03
6.3096E+01 0.25 1.5803E-03
7.0795E+01 0.25 1.1216E-03
7.9433E+01 0.25 7.9509E-04
8.9125E+01 0.25 5.6513E-04
1.0000E+02 0.25 3.9990E-04
1.1220E+02 0.25 2.8265E-04
1.2589E+02 0.25 1.9992E-04
1.4125E+02 0.25 1.4108E-04
1.5849E+02 0.25 9.9423E-05
1.7783E+02 0.25 7.0068E-05
1.9953E+02 0.25 4.9291E-05
2.2387E+02 0.25 3.4625E-05
2.5119E+02 0.25 2.4231E-05
2.8184E+02 0.25 1.6996E-05
3.1623E+02 0.25 1.1936E-05
3.5481E+02 0.25 8.3476E-06
3.9811E+02 0.25 5.8388E-06
4.4668E+02 0.25 4.0859E-06
5.0119E+02 0.25 2.8582E-06
5.6234E+02 0.25 1.9986E-06
6.3096E+02 0.25 1.3919E-06
7.0795E+02 0.25 9.6952E-07
7.9433E+02 0.25 6.7482E-07
8.9125E+02 0.25 4.6918E-07
1.0000E+03 0.25 3.2674E-07
1.1220E+03 0.25 2.2607E-07
1.2589E+03 0.25 1.5633E-07
1.4125E+03 0.25 1.0804E-07
1.5849E+03 0.25 7.4683E-08
1.7783E+03 0.25 5.1498E-08
1.9953E+03 0.25 3.5443E-08
2.2387E+03 0.25 2.4261E-08
2.5119E+03 0.25 1.6601E-08
2.8184E+03 0.25 1.1353E-08
3.1623E+03 0.25 7.8322E-09
3.5481E+03 0.25 5.2421E-09
3.9811E+03 0.25 3.5547E-09
4.4668E+03 0.25 2.3987E-09
5.0119E+03 0.25 1.6191E-09
5.6234E+03 0.25 1.0912E-09
6.3096E+03 0.25 7.3220E-10
7.0795E+03 0.25 4.9123E-10
7.9433E+03 0.25 3.2889E-10
8.9125E+03 0.25 2.1988E-10
1.0000E+04 0.25 1.4598E-10
1.0000E-01 0.15 9.3206E+03
1.1220E-01 0.15 7.9991E+03
1.2589E-01 0.15 6.8461E+03
1.4125E-01 0.15 5.8085E+03
1.5849E-01 0.15 4.9027E+03
1.7783E-01 0.15 4.0963E+03
1.9953E-01 0.15 3.3749E+03
2.2387E-01 0.15 2.7676E+03
2.5119E-01 0.15 2.2536E+03
2.8184E-01 0.15 1.8245E+03
3.1623E-01 0.15 1.4643E+03
3.5481E-01 0.15 1.1690E+03
3.9811E-01 0.15 9.3372E+02
4.4668E-01 0.15 7.4326E+02
5.0119E-01 0.15 5.8815E+02
5.6234E-01 0.15 4.6330E+02
6.3096E-01 0.15 3.6393E+02
7.0795E-01 0.15 2.8550E+02
7.9433E-01 0.15 2.2360E+02
8.9125E-01 0.15 1.7502E+02
1.0000E+00 0.15 1.3530E+02
1.1220E+00 0.15 1.0499E+02
1.2589E+00 0.15 8.1159E+01
1.4125E+00 0.15 6.2503E+01
1.5849E+00 0.15 4.7796E+01
1.7783E+00 0.15 3.6471E+01
1.9953E+00 0.15 2.7757E+01
2.2387E+00 0.15 2.1108E+01
2.5119E+00 0.15 1.5883E+01
2.8184E+00 0.15 1.1837E+01
3.1623E+00 0.15 8.8965E+00
3.5481E+00 0.15 6.6030E+00
3.9811E+00 0.15 4.8899E+00
4.4668E+00 0.15 3.6050E+00
5.0119E+00 0.15 2.6463E+00
5.6234E+00 0.15 1.9437E+00
6.3096E+00 0.15 1.4110E+00
7.0795E+00 0.15 1.0255E+00
7.9433E+00 0.15 7.4375E-01
8.9125E+00 0.15 5.3619E-01
1.0000E+01 0.15 3.8433E-01
1.1220E+01 0.15 2.7556E-01
1.2589E+01 0.15 1.9823E-01
1.4125E+01 0.15 1.4194E-01
1.5849E+01 0.15 1.0143E-01
1.7783E+01 0.15 7.2741E-02
1.9953E+01 0.15 5.1892E-02
2.2387E+01 0.15 3.7060E-02
2.5119E+01 0.15 2.6492E-02
2.8184E+01 0.15 1.8968E-02
3.1623E+01 0.15 1.3576E-02
3.5481E+01 0.15 9.6923E-03
3.9811E+01 0.15 6.9152E-03
4.4668E+01 0.15 4.9377E-03
5.0119E+01 0.15 3.5257E-03
5.6234E+01 0.15 2.5132E-03
6.3096E+01 0.15 1.7910E-03
7.0795E+01 0.15 1.2738E-03
7.9433E+01 0.15 9.0677E-04
8.9125E+01 0.15 6.4567E-04
1.0000E+02 0.15 4.5797E-04
1.1220E+02 0.15 3.2474E-04
1.2589E+02 0.15 2.3026E-04
1.4125E+02 0.15 1.6306E-04
1.5849E+02 0.15 1.1544E-04
1.7783E+02 0.15 8.1622E-05
1.9953E+02 0.15 5.7547E-05
2.2387E+02 0.15 4.0560E-05
2.5119E+02 0.15 2.8547E-05
2.8184E+02 0.15 2.0063E-05
3.1623E+02 0.15 1.4100E-05
3.5481E+02 0.15 9.8837E-06
3.9811E+02 0.15 6.9279E-06
4.4668E+02 0.15 4.8554E-06
5.0119E+02 0.15 3.4005E-06
5.6234E+02 0.15 2.3789E-06
6.3096E+02 0.15 1.6622E-06
7.0795E+02 0.15 1.1617E-06
7.9433E+02 0.15 8.1041E-07
8.9125E+02 0.15 5.6459E-07
1.0000E+03 0.15 3.9489E-07
1.1220E+03 0.15 2.7395E-07
1.2589E+03 0.15 1.9021E-07
1.4125E+03 0.15 1.3216E-07
1.5849E+03 0.15 9.1644E-08
1.7783E+03 0.15 6.3445E-08
1.9953E+03 0.15 4.3976E-08
2.2387E+03 0.15 3.0291E-08
2.5119E+03 0.15 2.0884E-08
2.8184E+03 0.15 1.4374E-08
3.1623E+03 0.15 9.9552E-09
3.5481E+03 0.15 6.7560E-09
3.9811E+03 0.15 4.6117E-09
4.4668E+03 0.15 3.1392E-09
5.0119E+03 0.15 2.1323E-09
5.6234E+03 0.15 1.4462E-09
6.3096E+03 0.15 9.7860E-10
7.0795E+03 0.15 6.5945E-10
7.9433E+03 0.15 4.4500E-10
8.9125E+03 0.15 2.9984E-10
1.0000E+04 0.15 2.0098E-10
1.0000E-01 0.05 1.5133E+04
1.1220E-01 0.05 1.2732E+04
1.2589E-01 0.05 1.0689E+04
1.4125E-01 0.05 8.9299E+03
1.5849E-01 0.05 7.3718E+03
1.7783E-01 0.05 6.0315E+03
1.9953E-01 0.05 4.9138E+03
2.2387E-01 0.05 3.9450E+03
2.5119E-01 0.05 3.1414E+03
2.8184E-01 0.05 2.4783E+03
3.1623E-01 0.05 1.9435E+03
3.5481E-01 0.05 1.5224E+03
3.9811E-01 0.05 1.1887E+03
4.4668E-01 0.05 9.2721E+02
5.0119E-01 0.05 7.1528E+02
5.6234E-01 0.05 5.5078E+02
6.3096E-01 0.05 4.2658E+02
7.0795E-01 0.05 3.2957E+02
7.9433E-01 0.05 2.5347E+02
8.9125E-01 0.05 1.9363E+02
1.0000E+00 0.05 1.4844E+02
1.1220E+00 0.05 1.1361E+02
1.2589E+00 0.05 8.7576E+01
1.4125E+00 0.05 6.6823E+01
1.5849E+00 0.05 5.0898E+01
1.7783E+00 0.05 3.8795E+01
1.9953E+00 0.05 2.9359E+01
2.2387E+00 0.05 2.2123E+01
2.5119E+00 0.05 1.6582E+01
2.8184E+00 0.05 1.2413E+01
3.1623E+00 0.05 9.2247E+00
3.5481E+00 0.05 6.8803E+00
3.9811E+00 0.05 5.1225E+00
4.4668E+00 0.05 3.7852E+00
5.0119E+00 0.05 2.7755E+00
5.6234E+00 0.05 2.0452E+00
6.3096E+00 0.05 1.4898E+00
7.0795E+00 0.05 1.0800E+00
7.9433E+00 0.05 7.9483E-01
8.9125E+00 0.05 5.8194E-01
1.0000E+01 0.05 4.1447E-01
1.1220E+01 0.05 2.9950E-01
1.2589E+01 0.05 2.1629E-01
1.4125E+01 0.05 1.5637E-01
1.5849E+01 0.05 1.1273E-01
1.7783E+01 0.05 8.0877E-02
1.9953E+01 0.05 5.8103E-02
2.2387E+01 0.05 4.1665E-02
2.5119E+01 0.05 3.0089E-02
2.8184E+01 0.05 2.1581E-02
3.1623E+01 0.05 1.5684E-02
3.5481E+01 0.05 1.1228E-02
3.9811E+01 0.05 8.0375E-03
4.4668E+01 0.05 5.7476E-03
5.0119E+01 0.05 4.1085E-03
5.6234E+01 0.05 2.9368E-03
6.3096E+01 0.05 2.0955E-03
7.0795E+01 0.05 1.4948E-03
7.9433E+01 0.05 1.0661E-03
8.9125E+01 0.05 7.6015E-04
1.0000E+02 0.05 5.4054E-04
1.1220E+02 0.05 3.8420E-04
1.2589E+02 0.05 2.7263E-04
1.4125E+02 0.05 1.9337E-04
1.5849E+02 0.05 1.3709E-04
1.7783E+02 0.05 9.7121E-05
1.9953E+02 0.05 6.8619E-05
2.2387E+02 0.05 4.8479E-05
2.5119E+02 0.05 3.4185E-05
2.8184E+02 0.05 2.4020E-05
3.1623E+02 0.05 1.6956E-05
3.5481E+02 0.05 1.1928E-05
3.9811E+02 0.05 8.3782E-06
4.4668E+02 0.05 5.8798E-06
5.0119E+02 0.05 4.1184E-06
5.6234E+02 0.05 2.8891E-06
6.3096E+02 0.05 2.0204E-06
7.0795E+02 0.05 1.4134E-06
7.9433E+02 0.05 9.8711E-07
8.9125E+02 0.05 6.8880E-07
1.0000E+03 0.05 4.8110E-07
1.1220E+03 0.05 3.3539E-07
1.2589E+03 0.05 2.3371E-07
1.4125E+03 0.05 1.6272E-07
1.5849E+03 0.05 1.1299E-07
1.7783E+03 0.05 7.8360E-08
1.9953E+03 0.05 5.4629E-08
2.2387E+03 0.05 3.7866E-08
2.5119E+03 0.05 2.6184E-08
2.8184E+03 0.05 1.8117E-08
3.1623E+03 0.05 1.2570E-08
3.5481E+03 0.05 8.5998E-09
3.9811E+03 0.05 5.9221E-09
4.4668E+03 0.05 4.0649E-09
5.0119E+03 0.05 2.7805E-09
5.6234E+03 0.05 1.9006E-09
6.3096E+03 0.05 1.2965E-09
7.0795E+03 0.05 8.8255E-10
7.9433E+03 0.05 5.9944E-10
8.9125E+03 0.05 4.0566E-10
1.0000E+04 0.05 2.7380E-10
1.0000E-01 -0.05 1.6098E+04
1.1220E-01 -0.05 1.3532E+04
1.2589E-01 -0.05 1.1362E+04
1.4125E-01 -0.05 9.4638E+03
1.5849E-01 -0.05 7.8023E+03
1.7783E-01 -0.05 6.3580E+03
1.9953E-01 -0.05 5.1323E+03
2.2387E-01 -0.05 4.0807E+03
2.5119E-01 -0.05 3.2402E+03
2.8184E-01 -0.05 2.5498E+03
3.1623E-01 -0.05 1.9897E+03
3.5481E-01 -0.05 1.5534E+03
3.9811E-01 -0.05 1.2035E+03
4.4668E-01 -0.05 9.2586E+02
5.0119E-01 -0.05 7.1453E+02
5.6234E-01 -0.05 5.5386E+02
6.3096E-01 -0.05 4.2724E+02
7.0795E-01 -0.05 3.2848E+02
7.9433E-01 -0.05 2.5176E+02
8.9125E-01 -0.05 1.9188E+02
1.0000E+00 -0.05 1.4752E+02
1.1220E+00 -0.05 1.1259E+02
1.2589E+00 -0.05 8.5923E+01
1.4125E+00 -0.05 6.5894E+01
1.5849E+00 -0.05 5.0334E+01
1.7783E+00 -0.05 3.8318E+01
1.9953E+00 -0.05 2.8804E+01
2.2387E+00 -0.05 2.1674E+01
2.5119E+00 -0.05 1.6377E+01
2.8184E+00 -0.05 1.2255E+01
3.1623E+00 -0.05 9.1634E+00
3.5481E+00 -0.05 6.7938E+00
3.9811E+00 -0.05 5.0626E+00
4.4668E+00 -0.05 3.7690E+00
5.0119E+00 -0.05 2.7658E+00
5.6234E+00 -0.05 2.0264E+00
6.3096E+00 -0.05 1.4921E+00
7.0795E+00 -0.05 1.0895E+00
7.9433E+00 -0.05 7.8626E-01
8.9125E+00 -0.05 5.7254E-01
1.0000E+01 -0.05 4.1442E-01
1.1220E+01 -0.05 2.9968E-01
1.2589E+01 -0.05 2.1541E-01
1.4125E+01 -0.05 1.5611E-01
1.5849E+01 -0.05 1.1379E-01
1.7783E+01 -0.05 8.1931E-02
1.9953E+01 -0.05 5.8735E-02
2.2387E+01 -0.05 4.1687E-02
2.5119E+01 -0.05 3.0210E-02
2.8184E+01 -0.05 2.1720E-02
3.1623E+01 -0.05 1.5719E-02
3.5481E+01 -0.05 1.1255E-02
3.9811E+01 -0.05 8.0662E-03
4.4668E+01 -0.05 5.7754E-03
5.0119E+01 -0.05 4.1267E-03
5.6234E+01 -0.05 2.9470E-03
6.3096E+01 -0.05 2.1055E-03
7.0795E+01 -0.05 1.5019E-03
7.9433E+01 -0.05 1.0714E-03
8.9125E+01 -0.05 7.6371E-04
1.0000E+02 -0.05 5.4304E-04
1.1220E+02 -0.05 3.8583E-04
1.2589E+02 -0.05 2.7413E-04
1.4125E+02 -0.05 1.9442E-04
1.5849E+02 -0.05 1.3781E-04
1.7783E+02 -0.05 9.7601E-05
1.9953E+02 -0.05 6.9005E-05
2.2387E+02 -0.05 4.8727E-05
2.5119E+02 -0.05 3.4333E-05
2.8184E+02 -0.05 2.4183E-05
3.1623E+02 -0.05 1.7030E-05
3.5481E+02 -0.05 1.1966E-05
3.9811E+02 -0.05 8.4089E-06
4.4668E+02 -0.05 5.8981E-06
5.0119E+02 -0.05 4.1361E-06
5.6234E+02 -0.05 2.8983E-06
6.3096E+02 -0.05 2.0265E-06
7.0795E+02 -0.05 1.4177E-06
7.9433E+02 -0.05 9.8970E-07
8.9125E+02 -0.05 6.9036E-07
1.0000E+03 -0.05 4.8206E-07
1.1220E+03 -0.05 3.3605E-07
1.2589E+03 -0.05 2.3393E-07
1.4125E+03 -0.05 1.6257E-07
1.5849E+03 -0.05 1.1312E-07
1.7783E+03 -0.05 7.8542E-08
1.9953E+03 -0.05 5.4584E-08
2.2387E+03 -0.05 3.7811E-08
2.5119E+03 -0.05 2.6174E-08
2.8184E+03 -0.05 1.8093E-08
3.1623E+03 -0.05 1.2582E-08
3.5481E+03 -0.05 8.6212E-09
3.9811E+03 -0.05 5.9190E-09
4.4668E+03 -0.05 4.0615E-09
5.0119E+03 -0.05 2.7755E-09
5.6234E+03 -0.05 1.8955E-09
6.3096E+03 -0.05 1.2960E-09
7.0795E+03 -0.05 8.8068E-10
7.9433E+03 -0.05 5.9781E-10
8.9125E+03 -0.05 4.0538E-10
1.0000E+04 -0.05 2.7429E-10
1.0000E-01 -0.15 1.1520E+04
1.1220E-01 -0.15 9.8020E+03
1.2589E-01 -0.15 8.3206E+03
1.4125E-01 -0.15 7.0021E+03
1.5849E-01 -0.15 5.8297E+03
1.7783E-01 -0.15 4.8074E+03
1.9953E-01 -0.15 3.9336E+03
2.2387E-01 -0.15 3.1827E+03
2.5119E-01 -0.15 2.5518E+03
2.8184E-01 -0.15 2.0368E+03
3.1623E-01 -0.15 1.6158E+03
3.5481E-01 -0.15 1.2757E+03
3.9811E-01 -0.15 1.0018E+03
4.4668E-01 -0.15 7.8593E+02
5.0119E-01 -0.15 6.1430E+02
5.6234E-01 -0.15 4.7703E+02
6.3096E-01 -0.15 3.7177E+02
7.0795E-01 -0.15 2.8861E+02
7.9433E-01 -0.15 2.2433E+02
8.9125E-01 -0.15 1.7390E+02
1.0000E+00 -0.15 1.3399E+02
1.1220E+00 -0.15 1.0376E+02
1.2589E+00 -0.15 8.0295E+01
1.4125E+00 -0.15 6.1437E+01
1.5849E+00 -0.15 4.7077E+01
1.7783E+00 -0.15 3.5989E+01
1.9953E+00 -0.15 2.7315E+01
2.2387E+00 -0.15 2.0693E+01
2.5119E+00 -0.15 1.5697E+01
2.8184E+00 -0.15 1.1782E+01
3.1623E+00 -0.15 8.7675E+00
3.5481E+00 -0.15 6.5292E+00
3.9811E+00 -0.15 4.8370E+00
4.4668E+00 -0.15 3.5627E+00
5.0119E+00 -0.15 2.6170E+00
5.6234E+00 -0.15 1.9203E+00
6.3096E+00 -0.15 1.4018E+00
7.0795E+00 -0.15 1.0155E+00
7.9433E+00 -0.15 7.3581E-01
8.9125E+00 -0.15 5.3424E-01
1.0000E+01 -0.15 3.8416E-01
1.1220E+01 -0.15 2.7617E-01
1.2589E+01 -0.15 1.9812E-01
1.4125E+01 -0.15 1.4198E-01
1.5849E+01 -0.15 1.0188E-01
1.7783E+01 -0.15 7.2780E-02
1.9953E+01 -0.15 5.2067E-02
2.2387E+01 -0.15 3.7268E-02
2.5119E+01 -0.15 2.6631E-02
2.8184E+01 -0.15 1.9177E-02
3.1623E+01 -0.15 1.3603E-02
3.5481E+01 -0.15 9.7244E-03
3.9811E+01 -0.15 6.9455E-03
4.4668E+01 -0.15 4.9544E-03
5.0119E+01 -0.15 3.5297E-03
5.6234E+01 -0.15 2.5161E-03
6.3096E+01 -0.15 1.7949E-03
7.0795E+01 -0.15 1.2776E-03
7.9433E+01 -0.15 9.0912E-04
8.9125E+01 -0.15 6.4760E-04
1.0000E+02 -0.15 4.5874E-04
1.1220E+02 -0.15 3.2535E-04
1.2589E+02 -0.15 2.3066E-04
1.4125E+02 -0.15 1.6324E-04
1.5849E+02 -0.15 1.1548E-04
1.7783E+02 -0.15 8.1664E-05
1.9953E+02 -0.15 5.7585E-05
2.2387E+02 -0.15 4.0542E-05
2.5119E+02 -0.15 2.8510E-05
2.8184E+02 -0.15 2.0083E-05
3.1623E+02 -0.15 1.4086E-05
3.5481E+02 -0.15 9.8757E-06
3.9811E+02 -0.15 6.9257E-06
4.4668E+02 -0.15 4.8511E-06
5.0119E+02 -0.15 3.3978E-06
5.6234E+02 -0.15 2.3833E-06
6.3096E+02 -0.15 1.6648E-06
7.0795E+02 -0.15 1.1619E-06
7.9433E+02 -0.15 8.1187E-07
8.9125E+02 -0.15 5.6563E-07
1.0000E+03 -0.15 3.9496E-07
1.1220E+03 -0.15 2.7446E-07
1.2589E+03 -0.15 1.9071E-07
1.4125E+03 -0.15 1.3257E-07
1.5849E+03 -0.15 9.1906E-08
1.7783E+03 -0.15 6.3530E-08
1.9953E+03 -0.15 4.3999E-08
2.2387E+03 -0.15 3.0395E-08
2.5119E+03 -0.15 2.0937E-08
2.8184E+03 -0.15 1.4383E-08
3.1623E+03 -0.15 9.9708E-09
3.5481E+03 -0.15 6.7483E-09
3.9811E+03 -0.15 4.6036E-09
4.4668E+03 -0.15 3.1333E-09
5.0119E+03 -0.15 2.1354E-09
5.6234E+03 -0.15 1.4508E-09
6.3096E+03 -0.15 9.8062E-10
7.0795E+03 -0.15 6.6294E-10
7.9433E+03 -0.15 4.4563E-10
8.9125E+03 -0.15 2.9894E-10
1.0000E+04 -0.15 2.0014E-10
1.0000E-01 -0.25 9.2000E+03
1.1220E-01 -0.25 7.8923E+03
1.2589E-01 -0.25 6.7519E+03
1.4125E-01 -0.25 5.7468E+03
1.5849E-01 -0.25 4.8526E+03
1.7783E-01 -0.25 4.0500E+03
1.9953E-01 -0.25 3.3372E+03
2.2387E-01 -0.25 2.7272E+03
2.5119E-01 -0.25 2.2139E+03
2.8184E-01 -0.25 1.7841E+03
3.1623E-01 -0.25 1.4329E+03
3.5481E-01 -0.25 1.1454E+03
3.9811E-01 -0.25 9.0996E+02
4.4668E-01 -0.25 7.2212E+02
5.0119E-01 -0.25 5.7058E+02
5.6234E-01 -0.25 4.4870E+02
6.3096E-01 -0.25 3.5255E+02
7.0795E-01 -0.25 2.7604E+02
7.9433E-01 -0.25 2.1527E+02
8.9125E-01 -0.25 1.6695E+02
1.0000E+00 -0.25 1.2972E+02
1.1220E+00 -0.25 1.0058E+02
1.2589E+00 -0.25 7.7643E+01
1.4125E+00 -0.25 5.9718E+01
1.5849E+00 -0.25 4.5721E+01
1.7783E+00 -0.25 3.4914E+01
1.9953E+00 -0.25 2.6491E+01
2.2387E+00 -0.25 2.0017E+01
2.5119E+00 -0.25 1.5069E+01
2.8184E+00 -0.25 1.1250E+01
3.1623E+00 -0.25 8.3529E+00
3.5481E+00 -0.25 6.1890E+00
3.9811E+00 -0.25 4.5659E+00
4.4668E+00 -0.25 3.3526E+00
5.0119E+00 -0.25 2.4492E+00
5.6234E+00 -0.25 1.7827E+00
6.3096E+00 -0.25 1.3001E+00
7.0795E+00 -0.25 9.3810E-01
7.9433E+00 -0.25 6.7497E-01
8.9125E+00 -0.25 4.8709E-01
1.0000E+01 -0.25 3.5009E-01
1.1220E+01 -0.25 2.5086E-01
1.2589E+01 -0.25 1.7984E-01
1.4125E+01 -0.25 1.2807E-01
1.5849E+01 -0.25 9.0886E-02
1.7783E+01 -0.25 6.5148E-02
1.9953E+01 -0.25 4.6820E-02
2.2387E+01 -0.25 3.3443E-02
2.5119E+01 -0.25 2.3938E-02
2.8184E+01 -0.25 1.7080E-02
3.1623E+01 -0.25 1.2113E-02
3.5481E+01 -0.25 8.6441E-03
3.9811E+01 -0.25 6.1658E-03
4.4668E+01 -0.25 4.3906E-03
5.0119E+01 -0.25 3.1231E-03
5.6234E+01 -0.25 2.2222E-03
6.3096E+01 -0.25 1.5787E-03
7.0795E+01 -0.25 1.1217E-03
7.9433E+01 -0.25 7.9608E-04
8.9125E+01 -0.25 5.6467E-04
1.0000E+02 -0.25 4.0010E-04
1.1220E+02 -0.25 2.8284E-04
1.2589E+02 -0.25 1.9981E-04
1.4125E+02 -0.25 1.4110E-04
1.5849E+02 -0.25 9.9370E-05
1.7783E+02 -0.25 6.9872E-05
1.9953E+02 -0.25 4.9150E-05
2.2387E+02 -0.25 3.4475E-05
2.5119E+02 -0.25 2.4229E-05
2.8184E+02 -0.25 1.7024E-05
3.1623E+02 -0.25 1.1928E-05
3.5481E+02 -0.25 8.3423E-06
3.9811E+02 -0.25 5.8384E-06
4.4668E+02 -0.25 4.0813E-06
5.0119E+02 -0.25 2.8499E-06
5.6234E+02 -0.25 1.9955E-06
6.3096E+02 -0.25 1.3889E-06
7.0795E+02 -0.25 9.6802E-07
7.9433E+02 -0.25 6.7438E-07
8.9125E+02 -0.25 4.6859E-07
1.0000E+03 -0.25 3.2656E-07
1.1220E+03 -0.25 2.2618E-07
1.2589E+03 -0.25 1.5638E-07
1.4125E+03 -0.25 1.0786E-07
1.5849E+03 -0.25 7.4452E-08
1.7783E+03 -0.25 5.1227E-08
1.9953E+03 -0.25 3.5318E-08
2.2387E+03 -0.25 2.4220E-08
2.5119E+03 -0.25 1.6602E-08
2.8184E+03 -0.25 1.1337E-08
3.1623E+03 -0.25 7.8230E-09
3.5481E+03 -0.25 5.2307E-09
3.9811E+03 -0.25 3.5452E-09
4.4668E+03 -0.25 2.3972E-09
5.0119E+03 -0.25 1.6154E-09
5.6234E+03 -0.25 1.0879E-09
6.3096E+03 -0.25 7.3298E-10
7.0795E+03 -0.25 4.9109E-10
7.9433E+03 -0.25 3.2752E-10
8.9125E+03 -0.25 2.1853E-10
1.0000E+04 -0.25 1.4634E-10
1.0000E-01 -0.35 7.6895E+03
1.1220E-01 -0.35 6.6858E+03
1.2589E-01 -0.35 5.7817E+03
1.4125E-01 -0.35 4.9688E+03
1.5849E-01 -0.35 4.2352E+03
1.7783E-01 -0.35 3.5736E+03
1.9953E-01 -0.35 2.9875E+03
2.2387E-01 -0.35 2.4726E+03
2.5119E-01 -0.35 2.0292E+03
2.8184E-01 -0.35 1.6546E+03
3.1623E-01 -0.35 1.3435E+03
3.5481E-01 -0.35 1.0830E+03
3.9811E-01 -0.35 8.6699E+02
4.4668E-01 -0.35 6.9207E+02
5.0119E-01 -0.35 5.4982E+02
5.6234E-01 -0.35 4.3530E+02
6.3096E-01 -0.35 3.4293E+02
7.0795E-01 -0.35 2.6890E+02
7.9433E-01 -0.35 2.1071E+02
8.9125E-01 -0.35 1.6374E+02
1.0000E+00 -0.35 1.2730E+02
1.1220E+00 -0.35 9.8535E+01
1.2589E+00 -0.35 7.6034E+01
1.4125E+00 -0.35 5.8560E+01
1.5849E+00 -0.35 4.4846E+01
1.7783E+00 -0.35 3.4022E+01
1.9953E+00 -0.35 2.5653E+01
2.2387E+00 -0.35 1.9249E+01
2.5119E+00 -0.35 1.4365E+01
2.8184E+00 -0.35 1.0696E+01
3.1623E+00 -0.35 7.9770E+00
3.5481E+00 -0.35 5.8905E+00
3.9811E+00 -0.35 4.3306E+00
4.4668E+00 -0.35 3.1698E+00
5.0119E+00 -0.35 2.3154E+00
5.6234E+00 -0.35 1.6820E+00
6.3096E+00 -0.35 1.2158E+00
7.0795E+00 -0.35 8.7770E-01
7.9433E+00 -0.35 6.2838E-01
8.9125E+00 -0.35 4.5199E-01
1.0000E+01 -0.35 3.2435E-01
1.1220E+01 -0.35 2.3129E-01
1.2589E+01 -0.35 1.6524E-01
1.4125E+01 -0.35 1.1827E-01
1.5849E+01 -0.35 8.4649E-02
1.7783E+01 -0.35 6.0198E-02
1.9953E+01 -0.35 4.2891E-02
2.2387E+01 -0.35 3.0665E-02
2.5119E+01 -0.35 2.1824E-02
2.8184E+01 -0.35 1.5560E-02
3.1623E+01 -0.35 1.1124E-02
3.5481E+01 -0.35 7.9189E-03
3.9811E+01 -0.35 5.6331E-03
4.4668E+01 -0.35 4.0051E-03
5.0119E+01 -0.35 2.8461E-03
5.6234E+01 -0.35 2.0208E-03
6.3096E+01 -0.35 1.4335E-03
7.0795E+01 -0.35 1.0155E-03
7.9433E+01 -0.35 7.1753E-04
8.9125E+01 -0.35 5.0760E-04
1.0000E+02 -0.35 3.5884E-04
1.1220E+02 -0.35 2.5310E-04
1.2589E+02 -0.35 1.7809E-04
1.4125E+02 -0.35 1.2529E-04
1.5849E+02 -0.35 8.8170E-05
1.7783E+02 -0.35 6.1910E-05
1.9953E+02 -0.35 4.3380E-05
2.2387E+02 -0.35 3.0444E-05
2.5119E+02 -0.35 2.1301E-05
2.8184E+02 -0.35 1.4917E-05
3.1623E+02 -0.35 1.0443E-05
3.5481E+02 -0.35 7.2880E-06
3.9811E+02 -0.35 5.0874E-06
4.4668E+02 -0.35 3.5530E-06
5.0119E+02 -0.35 2.4786E-06
5.6234E+02 -0.35 1.7311E-06
6.3096E+02 -0.35 1.2018E-06
7.0795E+02 -0.35 8.3430E-07
7.9433E+02 -0.35 5.7912E-07
8.9125E+02 -0.35 4.0222E-07
1.0000E+03 -0.35 2.7914E-07
1.1220E+03 -0.35 1.9205E-07
1.2589E+03 -0.35 1.3239E-07
1.4125E+03 -0.35 9.1104E-08
1.5849E+03 -0.35 6.2479E-08
1.7783E+03 -0.35 4.2696E-08
1.9953E+03 -0.35 2.9285E-08
2.2387E+03 -0.35 1.9972E-08
2.5119E+03 -0.35 1.3625E-08
2.8184E+03 -0.35 9.2427E-09
3.1623E+03 -0.35 6.3789E-09
3.5481E+03 -0.35 4.2255E-09
3.9811E+03 -0.35 2.8418E-09
4.4668E+03 -0.35 1.9070E-09
5.0119E+03 -0.35 1.2815E-09
5.6234E+03 -0.35 8.5829E-10
6.3096E+03 -0.35 5.7378E-10
7.0795E+03 -0.35 3.8217E-10
7.9433E+03 -0.35 2.5394E-10
8.9125E+03 -0.35 1.6867E-10
1.0000E+04 -0.35 1.1168E-10
1.0000E-01 -0.45 6.9033E+03
1.1220E-01 -0.45 6.0621E+03
1.2589E-01 -0.45 5.3080E+03
1.4125E-01 -0.45 4.6162E+03
1.5849E-01 -0.45 3.9726E+03
1.7783E-01 -0.45 3.3856E+03
1.9953E-01 -0.45 2.8617E+03
2.2387E-01 -0.45 2.3960E+03
2.5119E-01 -0.45 1.9842E+03
2.8184E-01 -0.45 1.6319E+03
3.1623E-01 -0.45 1.3355E+03
3.5481E-01 -0.45 1.0820E+03
3.9811E-01 -0.45 8.7052E+02
4.4668E-01 -0.45 6.9940E+02
5.0119E-01 -0.45 5.5652E+02
5.6234E-01 -0.45 4.4084E+02
6.3096E-01 -0.45 3.4868E+02
7.0795E-01 -0.45 2.7370E+02
7.9433E-01 -0.45 2.1404E+02
8.9125E-01 -0.45 1.6661E+02
1.0000E+00 -0.45 1.2915E+02
1.1220E+00 -0.45 9.9820E+01
1.2589E+00 -0.45 7.6717E+01
1.4125E+00 -0.45 5.8637E+01
1.5849E+00 -0.45 4.4648E+01
1.7783E+00 -0.45 3.3794E+01
1.9953E+00 -0.45 2.5451E+01
2.2387E+00 -0.45 1.9073E+01
2.5119E+00 -0.45 1.4205E+01
2.8184E+00 -0.45 1.0515E+01
3.1623E+00 -0.45 7.7486E+00
3.5481E+00 -0.45 5.6905E+00
3.9811E+00 -0.45 4.1620E+00
4.4668E+00 -0.45 3.0289E+00
5.0119E+00 -0.45 2.2024E+00
5.6234E+00 -0.45 1.5980E+00
6.3096E+00 -0.45 1.1522E+00
7.0795E+00 -0.45 8.3093E-01
7.9433E+00 -0.45 5.9635E-01
8.9125E+00 -0.45 4.2732E-01
1.0000E+01 -0.45 3.0565E-01
1.1220E+01 -0.45 2.1850E-01
1.2589E+01 -0.45 1.5563E-01
1.4125E+01 -0.45 1.1083E-01
1.5849E+01 -0.45 7.9497E-02
1.7783E+01 -0.45 5.6714E-02
1.9953E+01 -0.45 4.0264E-02
2.2387E+01 -0.45 2.8761E-02
2.5119E+01 -0.45 2.0452E-02
2.8184E+01 -0.45 1.4607E-02
3.1623E+01 -0.45 1.0400E-02
3.5481E+01 -0.45 7.3871E-03
3.9811E+01 -0.45 5.2463E-03
4.4668E+01 -0.45 3.7229E-03
5.0119E+01 -0.45 2.6395E-03
5.6234E+01 -0.45 1.8695E-03
6.3096E+01 -0.45 1.3245E-03
7.0795E+01 -0.45 9.3626E-04
7.9433E+01 -0.45 6.6008E-04
8.9125E+01 -0.45 4.6602E-04
1.0000E+02 -0.45 3.2816E-04
1.1220E+02 -0.45 2.3105E-04
1.2589E+02 -0.45 1.6237E-04
1.4125E+02 -0.45 1.1403E-04
1.5849E+02 -0.45 8.0010E-05
1.7783E+02 -0.45 5.6082E-05
1.9953E+02 -0.45 3.9252E-05
2.2387E+02 -0.45 2.7463E-05
2.5119E+02 -0.45 1.9214E-05
2.8184E+02 -0.45 1.3434E-05
3.1623E+02 -0.45 9.3937E-06
3.5481E+02 -0.45 6.5362E-06
3.9811E+02 -0.45 4.5531E-06
4.4668E+02 -0.45 3.1723E-06
5.0119E+02 -0.45 2.2042E-06
5.6234E+02 -0.45 1.5394E-06
6.3096E+02 -0.45 1.0664E-06
7.0795E+02 -0.45 7.3919E-07
7.9433E+02 -0.45 5.1151E-07
8.9125E+02 -0.45 3.5364E-07
1.0000E+03 -0.45 2.4509E-07
1.1220E+03 -0.45 1.6759E-07
1.2589E+03 -0.45 1.1511E-07
1.4125E+03 -0.45 7.8979E-08
1.5849E+03 -0.45 5.3950E-08
1.7783E+03 -0.45 3.6754E-08
1.9953E+03 -0.45 2.5028E-08
2.2387E+03 -0.45 1.6991E-08
2.5119E+03 -0.45 1.1553E-08
2.8184E+03 -0.45 7.8013E-09
3.1623E+03 -0.45 5.3780E-09
3.5481E+03 -0.45 3.5267E-09
3.9811E+03 -0.45 2.3637E-09
4.4668E+03 -0.45 1.5769E-09
5.0119E+03 -0.45 1.0552E-09
5.6234E+03 -0.45 7.0341E-10
6.3096E+03 -0.45 4.6823E-10
7.0795E+03 -0.45 3.1034E-10
7.9433E+03 -0.45 2.0610E-10
8.9125E+03 -0.45 1.3696E-10
1.0000E+04 -0.45 9.0428E-11
1.0000E-01 -0.55 6.9123E+03
1.1220E-01 -0.55 6.1298E+03
1.2589E-01 -0.55 5.4106E+03
1.4125E-01 -0.55 4.7396E+03
1.5849E-01 -0.55 4.1122E+03
1.7783E-01 -0.55 3.5364E+03
1.9953E-01 -0.55 3.0097E+03
2.2387E-01 -0.55 2.5329E+03
2.5119E-01 -0.55 2.1093E+03
2.8184E-01 -0.55 1.7406E+03
3.1623E-01 -0.55 1.4269E+03
3.5481E-01 -0.55 1.1586E+03
3.9811E-01 -0.55 9.3462E+02
4.4668E-01 -0.55 7.5027E+02
5.0119E-01 -0.55 5.9797E+02
5.6234E-01 -0.55 4.7243E+02
6.3096E-01 -0.55 3.7067E+02
7.0795E-01 -0.55 2.8978E+02
7.9433E-01 -0.55 2.2490E+02
8.9125E-01 -0.55 1.7378E+02
1.0000E+00 -0.55 1.3391E+02
1.1220E+00 -0.55 1.0264E+02
1.2589E+00 -0.55 7.8404E+01
1.4125E+00 -0.55 5.9585E+01
1.5849E+00 -0.55 4.5096E+01
1.7783E+00 -0.55 3.3852E+01
1.9953E+00 -0.55 2.5244E+01
2.2387E+00 -0.55 1.8835E+01
2.5119E+00 -0.55 1.3945E+01
2.8184E+00 -0.55 1.0272E+01
3.1623E+00 -0.55 7.5652E+00
3.5481E+00 -0.55 5.5233E+00
3.9811E+00 -0.55 4.0184E+00
4.4668E+00 -0.55 2.9210E+00
5.0119E+00 -0.55 2.1179E+00
5.6234E+00 -0.55 1.5311E+00
6.3096E+00 -0.55 1.1034E+00
7.0795E+00 -0.55 7.9405E-01
7.9433E+00 -0.55 5.6896E-01
8.9125E+00 -0.55 4.0751E-01
1.0000E+01 -0.55 2.9180E-01
1.1220E+01 -0.55 2.0831E-01
1.2589E+01 -0.55 1.4881E-01
1.4125E+01 -0.55 1.0589E-01
1.5849E+01 -0.55 7.5554E-02
1.7783E+01 -0.55 5.4037E-02
1.9953E+01 -0.55 3.8485E-02
2.2387E+01 -0.55 2.7373E-02
2.5119E+01 -0.55 1.9460E-02
2.8184E+01 -0.55 1.3840E-02
3.1623E+01 -0.55 9.8312E-03
3.5481E+01 -0.55 6.9786E-03
3.9811E+01 -0.55 4.9476E-03
4.4668E+01 -0.55 3.5089E-03
5.0119E+01 -0.55 2.4836E-03
5.6234E+01 -0.55 1.7549E-03
6.3096E+01 -0.55 1.2392E-03
7.0795E+01 -0.55 8.7364E-04
7.9433E+01 -0.55 6.1554E-04
8.9125E+01 -0.55 4.3364E-04
1.0000E+02 -0.55 3.0531E-04
1.1220E+02 -0.55 2.1441E-04
1.2589E+02 -0.55 1.5062E-04
1.4125E+02 -0.55 1.0561E-04
1.5849E+02 -0.55 7.3925E-05
1.7783E+02 -0.55 5.1688E-05
1.9953E+02 -0.55 3.6170E-05
2.2387E+02 -0.55 2.5312E-05
2.5119E+02 -0.55 1.7687E-05
2.8184E+02 -0.55 1.2339E-05
3.1623E+02 -0.55 8.6025E-06
3.5481E+02 -0.55 5.9821E-06
3.9811E+02 -0.55 4.1628E-06
4.4668E+02 -0.55 2.8940E-06
5.0119E+02 -0.55 2.0075E-06
5.6234E+02 -0.55 1.3997E-06
6.3096E+02 -0.55 9.6664E-07
7.0795E+02 -0.55 6.6731E-07
7.9433E+02 -0.55 4.6000E-07
8.9125E+02 -0.55 3.1707E-07
1.0000E+03 -0.55 2.1963E-07
1.1220E+03 -0.55 1.4958E-07
1.2589E+03 -0.55 1.0247E-07
1.4125E+03 -0.55 6.9900E-08
1.5849E+03 -0.55 4.7634E-08
1.7783E+03 -0.55 3.2331E-08
1.9953E+03 -0.55 2.1935E-08
2.2387E+03 -0.55 1.4846E-08
2.5119E+03 -0.55 9.9916E-09
2.8184E+03 -0.55 6.7242E-09
3.1623E+03 -0.55 4.6393E-09
3.5481E+03 -0.55 3.0214E-09
3.9811E+03 -0.55 2.0183E-09
4.4668E+03 -0.55 1.3451E-09
5.0119E+03 -0.55 8.9844E-10
5.6234E+03 -0.55 5.9572E-10
6.3096E+03 -0.55 3.9643E-10
7.0795E+03 -0.55 2.6312E-10
7.9433E+03 -0.55 1.7423E-10
8.9125E+03 -0.55 1.1492E-10
1.0000E+04 -0.55 7.5560E-11
1.0000E-01 -0.65 7.2267E+03
1.1220E-01 -0.65 6.4430E+03
1.2589E-01 -0.65 5.7191E+03
1.4125E-01 -0.65 5.0344E+03
1.5849E-01 -0.65 4.3860E+03
1.7783E-01 -0.65 3.7808E+03
1.9953E-01 -0.65 3.2222E+03
2.2387E-01 -0.65 2.7104E+03
2.5119E-01 -0.65 2.2555E+03
2.8184E-01 -0.65 1.8616E+03
3.1623E-01 -0.65 1.5227E+03
3.5481E-01 -0.65 1.2346E+03
3.9811E-01 -0.65 9.9230E+02
4.4668E-01 -0.65 7.9148E+02
5.0119E-01 -0.65 6.2575E+02
5.6234E-01 -0.65 4.9119E+02
6.3096E-01 -0.65 3.8437E+02
7.0795E-01 -0.65 2.9823E+02
7.9433E-01 -0.65 2.2986E+02
8.9125E-01 -0.65 1.7682E+02
1.0000E+00 -0.65 1.3571E+02
1.1220E+00 -0.65 1.0357E+02
1.2589E+00 -0.65 7.8578E+01
1.4125E+00 -0.65 5.9443E+01
1.5849E+00 -0.65 4.4923E+01
1.7783E+00 -0.65 3.3634E+01
1.9953E+00 -0.65 2.4978E+01
2.2387E+00 -0.65 1.8469E+01
2.5119E+00 -0.65 1.3677E+01
2.8184E+00 -0.65 1.0082E+01
3.1623E+00 -0.65 7.3598E+00
3.5481E+00 -0.65 5.3656E+00
3.9811E+00 -0.65 3.9021E+00
4.4668E+00 -0.65 2.8321E+00
5.0119E+00 -0.65 2.0459E+00
5.6234E+00 -0.65 1.4753E+00
6.3096E+00 -0.65 1.0608E+00
7.0795E+00 -0.65 7.6181E-01
7.9433E+00 -0.65 5.4784E-01
8.9125E+00 -0.65 3.9227E-01
1.0000E+01 -0.65 2.8050E-01
1.1220E+01 -0.65 2.0042E-01
1.2589E+01 -0.65 1.4266E-01
1.4125E+01 -0.65 1.0142E-01
1.5849E+01 -0.65 7.2321E-02
1.7783E+01 -0.65 5.1404E-02
1.9953E+01 -0.65 3.6540E-02
2.2387E+01 -0.65 2.6061E-02
2.5119E+01 -0.65 1.8593E-02
2.8184E+01 -0.65 1.3201E-02
3.1623E+01 -0.65 9.3799E-03
3.5481E+01 -0.65 6.6463E-03
3.9811E+01 -0.65 4.7088E-03
4.4668E+01 -0.65 3.3315E-03
5.0119E+01 -0.65 2.3555E-03
5.6234E+01 -0.65 1.6635E-03
6.3096E+01 -0.65 1.1711E-03
7.0795E+01 -0.65 8.2669E-04
7.9433E+01 -0.65 5.8203E-04
8.9125E+01 -0.65 4.0851E-04
1.0000E+02 -0.65 2.8718E-04
1.1220E+02 -0.65 2.0124E-04
1.2589E+02 -0.65 1.4104E-04
1.4125E+02 -0.65 9.8787E-05
1.5849E+02 -0.65 6.9175E-05
1.7783E+02 -0.65 4.8444E-05
1.9953E+02 -0.65 3.3825E-05
2.2387E+02 -0.65 2.3590E-05
2.5119E+02 -0.65 1.6427E-05
2.8184E+02 -0.65 1.1462E-05
3.1623E+02 -0.65 7.9976E-06
3.5481E+02 -0.65 5.5532E-06
3.9811E+02 -0.65 3.8540E-06
4.4668E+02 -0.65 2.6781E-06
5.0119E+02 -0.65 1.8570E-06
5.6234E+02 -0.65 1.2921E-06
6.3096E+02 -0.65 8.8763E-07
7.0795E+02 -0.65 6.1150E-07
7.9433E+02 -0.65 4.2173E-07
8.9125E+02 -0.65 2.8964E-07
1.0000E+03 -0.65 2.0010E-07
1.1220E+03 -0.65 1.3580E-07
1.2589E+03 -0.65 9.2755E-08
1.4125E+03 -0.65 6.2993E-08
1.5849E+03 -0.65 4.2695E-08
1.7783E+03 -0.65 2.8933E-08
1.9953E+03 -0.65 1.9558E-08
2.2387E+03 -0.65 1.3194E-08
2.5119E+03 -0.65 8.8922E-09
2.8184E+03 -0.65 5.9548E-09
3.1623E+03 -0.65 4.0909E-09
3.5481E+03 -0.65 2.6629E-09
3.9811E+03 -0.65 1.7736E-09
4.4668E+03 -0.65 1.1776E-09
5.0119E+03 -0.65 7.8201E-10
5.6234E+03 -0.65 5.1876E-10
6.3096E+03 -0.65 3.4303E-10
7.0795E+03 -0.65 2.2637E-10
7.9433E+03 -0.65 1.4960E-10
8.9125E+03 -0.65 9.8557E-11
1.0000E+04 -0.65 6.5112E-11
1.0000E-01 -0.75 6.9119E+03
1.1220E-01 -0.75 6.2136E+03
1.2589E-01 -0.75 5.5436E+03
1.4125E-01 -0.75 4.9080E+03
1.5849E-01 -0.75 4.2984E+03
1.7783E-01 -0.75 3.7195E+03
1.9953E-01 -0.75 3.1809E+03
2.2387E-01 -0.75 2.6854E+03
2.5119E-01 -0.75 2.2429E+03
2.8184E-01 -0.75 1.8537E+03
3.1623E-01 -0.75 1.5162E+03
3.5481E-01 -0.75 1.2286E+03
3.9811E-01 -0.75 9.8902E+02
4.4668E-01 -0.75 7.8953E+02
5.0119E-01 -0.75 6.2465E+02
5.6234E-01 -0.75 4.9104E+02
6.3096E-01 -0.75 3.8282E+02
7.0795E-01 -0.75 2.9669E+02
7.9433E-01 -0.75 2.2897E+02
8.9125E-01 -0.75 1.7563E+02
1.0000E+00 -0.75 1.3421E+02
1.1220E+00 -0.75 1.0222E+02
1.2589E+00 -0.75 7.7531E+01
1.4125E+00 -0.75 5.8557E+01
1.5849E+00 -0.75 4.4064E+01
1.7783E+00 -0.75 3.2972E+01
1.9953E+00 -0.75 2.4503E+01
2.2387E+00 -0.75 1.8134E+01
2.5119E+00 -0.75 1.3382E+01
2.8184E+00 -0.75 9.7770E+00
3.1623E+00 -0.75 7.1611E+00
3.5481E+00 -0.75 5.2225E+00
3.9811E+00 -0.75 3.7941E+00
4.4668E+00 -0.75 2.7499E+00
5.0119E+00 -0.75 1.9891E+00
5.6234E+00 -0.75 1.4321E+00
6.3096E+00 -0.75 1.0288E+00
7.0795E+00 -0.75 7.3782E-01
7.9433E+00 -0.75 5.2886E-01
8.9125E+00 -0.75 3.7835E-01
1.0000E+01 -0.75 2.7144E-01
1.1220E+01 -0.75 1.9351E-01
1.2589E+01 -0.75 1.3777E-01
1.4125E+01 -0.75 9.8261E-02
1.5849E+01 -0.75 7.0044E-02
1.7783E+01 -0.75 4.9929E-02
1.9953E+01 -0.75 3.5503E-02
2.2387E+01 -0.75 2.5237E-02
2.5119E+01 -0.75 1.7966E-02
2.8184E+01 -0.75 1.2722E-02
3.1623E+01 -0.75 8.9861E-03
3.5481E+01 -0.75 6.3598E-03
3.9811E+01 -0.75 4.4974E-03
4.4668E+01 -0.75 3.1802E-03
5.0119E+01 -0.75 2.2449E-03
5.6234E+01 -0.75 1.5824E-03
6.3096E+01 -0.75 1.1139E-03
7.0795E+01 -0.75 7.8213E-04
7.9433E+01 -0.75 5.4975E-04
8.9125E+01 -0.75 3.8668E-04
1.0000E+02 -0.75 2.7170E-04
1.1220E+02 -0.75 1.9029E-04
1.2589E+02 -0.75 1.3336E-04
1.4125E+02 -0.75 9.3330E-05
1.5849E+02 -0.75 6.5204E-05
1.7783E+02 -0.75 4.5533E-05
1.9953E+02 -0.75 3.1804E-05
2.2387E+02 -0.75 2.2169E-05
2.5119E+02 -0.75 1.5429E-05
2.8184E+02 -0.75 1.0754E-05
3.1623E+02 -0.75 7.4975E-06
3.5481E+02 -0.75 5.1893E-06
3.9811E+02 -0.75 3.5978E-06
4.4668E+02 -0.75 2.4948E-06
5.0119E+02 -0.75 1.7262E-06
5.6234E+02 -0.75 1.1995E-06
6.3096E+02 -0.75 8.2192E-07
7.0795E+02 -0.75 5.6478E-07
7.9433E+02 -0.75 3.8809E-07
8.9125E+02 -0.75 2.6630E-07
1.0000E+03 -0.75 1.8355E-07
1.1220E+03 -0.75 1.2399E-07
1.2589E+03 -0.75 8.4339E-08
1.4125E+03 -0.75 5.7226E-08
1.5849E+03 -0.75 3.8733E-08
1.7783E+03 -0.75 2.6149E-08
1.9953E+03 -0.75 1.7683E-08
2.2387E+03 -0.75 1.1878E-08
2.5119E+03 -0.75 7.9550E-09
2.8184E+03 -0.75 5.3253E-09
3.1623E+03 -0.75 3.6553E-09
3.5481E+03 -0.75 2.3663E-09
3.9811E+03 -0.75 1.5718E-09
4.4668E+03 -0.75 1.0412E-09
5.0119E+03 -0.75 6.9061E-10
5.6234E+03 -0.75 4.5882E-10
6.3096E+03 -0.75 3.0349E-10
7.0795E+03 -0.75 1.9925E-10
7.9433E+03 -0.75 1.3110E-10
8.9125E+03 -0.75 8.6462E-11
1.0000E+04 -0.75 5.6769E-11
1.0000E-01 -0.85 6.1717E+03
1.1220E-01 -0.85 5.5821E+03
1.2589E-01 -0.85 5.0081E+03
1.4125E-01 -0.85 4.4536E+03
1.5849E-01 -0.85 3.9215E+03
1.7783E-01 -0.85 3.4124E+03
1.9953E-01 -0.85 2.9293E+03
2.2387E-01 -0.85 2.4793E+03
2.5119E-01 -0.85 2.0771E+03
2.8184E-01 -0.85 1.7226E+03
3.1623E-01 -0.85 1.4151E+03
3.5481E-01 -0.85 1.1530E+03
3.9811E-01 -0.85 9.3022E+02
4.4668E-01 -0.85 7.4393E+02
5.0119E-01 -0.85 5.9052E+02
5.6234E-01 -0.85 4.6530E+02
6.3096E-01 -0.85 3.6415E+02
7.0795E-01 -0.85 2.8346E+02
7.9433E-01 -0.85 2.1941E+02
8.9125E-01 -0.85 1.6902E+02
1.0000E+00 -0.85 1.2924E+02
1.1220E+00 -0.85 9.8611E+01
1.2589E+00 -0.85 7.4971E+01
1.4125E+00 -0.85 5.6703E+01
1.5849E+00 -0.85 4.2656E+01
1.7783E+00 -0.85 3.1973E+01
1.9953E+00 -0.85 2.3810E+01
2.2387E+00 -0.85 1.7633E+01
2.5119E+00 -0.85 1.2987E+01
2.8184E+00 -0.85 9.5237E+00
3.1623E+00 -0.85 6.9612E+00
3.5481E+00 -0.85 5.0761E+00
3.9811E+00 -0.85 3.6868E+00
4.4668E+00 -0.85 2.6719E+00
5.0119E+00 -0.85 1.9312E+00
5.6234E+00 -0.85 1.3920E+00
6.3096E+00 -0.85 1.0025E+00
7.0795E+00 -0.85 7.1945E-01
7.9433E+00 -0.85 5.1433E-01
8.9125E+00 -0.85 3.6800E-01
1.0000E+01 -0.85 2.6268E-01
1.1220E+01 -0.85 1.8735E-01
1.2589E+01 -0.85 1.3327E-01
1.4125E+01 -0.85 9.4841E-02
1.5849E+01 -0.85 6.7610E-02
1.7783E+01 -0.85 4.8064E-02
1.9953E+01 -0.85 3.4201E-02
2.2387E+01 -0.85 2.4260E-02
2.5119E+01 -0.85 1.7163E-02
2.8184E+01 -0.85 1.2222E-02
3.1623E+01 -0.85 8.6314E-03
3.5481E+01 -0.85 6.1058E-03
3.9811E+01 -0.85 4.3177E-03
4.4668E+01 -0.85 3.0465E-03
5.0119E+01 -0.85 2.1503E-03
5.6234E+01 -0.85 1.5101E-03
6.3096E+01 -0.85 1.0625E-03
7.0795E+01 -0.85 7.4787E-04
7.9433E+01 -0.85 5.2456E-04
8.9125E+01 -0.85 3.6878E-04
1.0000E+02 -0.85 2.5806E-04
1.1220E+02 -0.85 1.8069E-04
1.2589E+02 -0.85 1.2647E-04
1.4125E+02 -0.85 8.8326E-05
1.5849E+02 -0.85 6.1641E-05
1.7783E+02 -0.85 4.3030E-05
1.9953E+02 -0.85 3.0015E-05
2.2387E+02 -0.85 2.0933E-05
2.5119E+02 -0.85 1.4590E-05
2.8184E+02 -0.85 1.0125E-05
3.1623E+02 -0.85 7.0533E-06
3.5481E+02 -0.85 4.8721E-06
3.9811E+02 -0.85 3.3757E-06
4.4668E+02 -0.85 2.3362E-06
5.0119E+02 -0.85 1.6128E-06
5.6234E+02 -0.85 1.1201E-06
6.3096E+02 -0.85 7.6638E-07
7.0795E+02 -0.85 5.2561E-07
7.9433E+02 -0.85 3.5983E-07
8.9125E+02 -0.85 2.4565E-07
1.0000E+03 -0.85 1.6924E-07
1.1220E+03 -0.85 1.1416E-07
1.2589E+03 -0.85 7.7454E-08
1.4125E+03 -0.85 5.2333E-08
1.5849E+03 -0.85 3.5322E-08
1.7783E+03 -0.85 2.3787E-08
1.9953E+03 -0.85 1.6019E-08
2.2387E+03 -0.85 1.0710E-08
2.5119E+03 -0.85 7.1650E-09
2.8184E+03 -0.85 4.7922E-09
3.1623E+03 -0.85 3.2953E-09
3.5481E+03 -0.85 2.1235E-09
3.9811E+03 -0.85 1.4108E-09
4.4668E+03 -0.85 9.3847E-10
5.0119E+03 -0.85 6.1898E-10
5.6234E+03 -0.85 4.0858E-10
6.3096E+03 -0.85 2.7070E-10
7.0795E+03 -0.85 1.7766E-10
7.9433E+03 -0.85 1.1699E-10
8.9125E+03 -0.85 7.7339E-11
1.0000E+04 -0.85 5.0514E-11
1.0000E-01 -0.95 6.0737E+03
1.1220E-01 -0.95 5.5211E+03
1.2589E-01 -0.95 4.9796E+03
1.4125E-01 -0.95 4.4459E+03
1.5849E-01 -0.95 3.9210E+03
1.7783E-01 -0.95 3.4176E+03
1.9953E-01 -0.95 2.9415E+03
2.2387E-01 -0.95 2.5005E+03
2.5119E-01 -0.95 2.0990E+03
2.8184E-01 -0.95 1.7413E+03
3.1623E-01 -0.95 1.4301E+03
3.5481E-01 -0.95 1.1627E+03
3.9811E-01 -0.95 9.3793E+02
4.4668E-01 -0.95 7.5075E+02
5.0119E-01 -0.95 5.9614E+02
5.6234E-01 -0.95 4.6913E+02
6.3096E-01 -0.95 3.6598E+02
7.0795E-01 -0.95 2.8463E+02
7.9433E-01 -0.95 2.1982E+02
8.9125E-01 -0.95 1.6843E+02
1.0000E+00 -0.95 1.2903E+02
1.1220E+00 -0.95 9.8169E+01
1.2589E+00 -0.95 7.4507E+01
1.4125E+00 -0.95 5.6233E+01
1.5849E+00 -0.95 4.2283E+01
1.7783E+00 -0.95 3.1545E+01
1.9953E+00 -0.95 2.3424E+01
2.2387E+00 -0.95 1.7330E+01
2.5119E+00 -0.95 1.2756E+01
2.8184E+00 -0.95 9.3594E+00
3.1623E+00 -0.95 6.8244E+00
3.5481E+00 -0.95 4.9773E+00
3.9811E+00 -0.95 3.6080E+00
4.4668E+00 -0.95 2.6079E+00
5.0119E+00 -0.95 1.8836E+00
5.6234E+00 -0.95 1.3568E+00
6.3096E+00 -0.95 9.7532E-01
7.0795E+00 -0.95 6.9997E-01
7.9433E+00 -0.95 5.0115E-01
8.9125E+00 -0.95 3.5768E-01
1.0000E+01 -0.95 2.5577E-01
1.1220E+01 -0.95 1.8256E-01
1.2589E+01 -0.95 1.2983E-01
1.4125E+01 -0.95 9.2481E-02
1.5849E+01 -0.95 6.5730E-02
1.7783E+01 -0.95 4.6693E-02
1.9953E+01 -0.95 3.3221E-02
2.2387E+01 -0.95 2.3592E-02
2.5119E+01 -0.95 1.6703E-02
2.8184E+01 -0.95 1.1791E-02
3.1623E+01 -0.95 8.3591E-03
3.5481E+01 -0.95 5.9053E-03
3.9811E+01 -0.95 4.1652E-03
4.4668E+01 -0.95 2.9352E-03
5.0119E+01 -0.95 2.0682E-03
5.6234E+01 -0.95 1.4561E-03
6.3096E+01 -0.95 1.0230E-03
7.0795E+01 -0.95 7.1902E-04
7.9433E+01 -0.95 5.0426E-04
8.9125E+01 -0.95 3.5349E-04
1.0000E+02 -0.95 2.4780E-04
1.1220E+02 -0.95 1.7308E-04
1.2589E+02 -0.95 1.2082E-04
1.4125E+02 -0.95 8.4363E-05
1.5849E+02 -0.95 5.8979E-05
1.7783E+02 -0.95 4.1160E-05
1.9953E+02 -0.95 2.8653E-05
2.2387E+02 -0.95 1.9970E-05
2.5119E+02 -0.95 1.3870E-05
2.8184E+02 -0.95 9.6510E-06
3.1623E+02 -0.95 6.7092E-06
3.5481E+02 -0.95 4.6287E-06
3.9811E+02 -0.95 3.2017E-06
4.4668E+02 -0.95 2.2071E-06
5.0119E+02 -0.95 1.5220E-06
5.6234E+02 -0.95 1.0564E-06
6.3096E+02 -0.95 7.1928E-07
7.0795E+02 -0.95 4.9258E-07
7.9433E+02 -0.95 3.3776E-07
8.9125E+02 -0.95 2.3021E-07
1.0000E+03 -0.95 1.5814E-07
1.1220E+03 -0.95 1.0627E-07
1.2589E+03 -0.95 7.1791E-08
1.4125E+03 -0.95 4.8602E-08
1.5849E+03 -0.95 3.2716E-08
1.7783E+03 -0.95 2.2008E-08
1.9953E+03 -0.95 1.4753E-08
2.2387E+03 -0.95 9.8454E-09
2.5119E+03 -0.95 6.5830E-09
2.8184E+03 -0.95 4.3775E-09
3.1623E+03 -0.95 3.0028E-09
3.5481E+03 -0.95 1.9343E-09
3.9811E+03 -0.95 1.2796E-09
4.4668E+03 -0.95 8.4666E-10
5.0119E+03 -0.95 5.6095E-10
5.6234E+03 -0.95 3.7061E-10
6.3096E+03 -0.95 2.4456E-10
7.0795E+03 -0.95 1.6051E-10
7.9433E+03 -0.95 1.0511E-10
8.9125E+03 -0.95 6.9226E-11
1.0000E+04 -0.95 4.5547E-11
