1.0000E-01 0.95 5.0065E+03
1.1220E-01 0.95 4.5100E+03
1.2589E-01 0.95 4.0231E+03
1.4125E-01 0.95 3.5533E+03
1.5849E-01 0.95 3.1047E+03
1.7783E-01 0.95 2.6852E+03
1.9953E-01 0.95 2.2941E+03
2.2387E-01 0.95 1.9348E+03
2.5119E-01 0.95 1.6103E+03
2.8184E-01 0.95 1.3202E+03
3.1623E-01 0.95 1.0654E+03
3.5481E-01 0.95 8.4738E+02
3.9811E-01 0.95 6.6456E+02
4.4668E-01 0.95 5.1505E+02
5.0119E-01 0.95 3.9532E+02
5.6234E-01 0.95 3.0067E+02
6.3096E-01 0.95 2.2683E+02
7.0795E-01 0.95 1.6979E+02
7.9433E-01 0.95 1.2623E+02
8.9125E-01 0.95 9.3106E+01
1.0000E+00 0.95 6.8377E+01
1.1220E+00 0.95 4.9896E+01
1.2589E+00 0.95 3.6092E+01
1.4125E+00 0.95 2.6066E+01
1.5849E+00 0.95 1.8682E+01
1.7783E+00 0.95 1.3291E+01
1.9953E+00 0.95 9.3987E+00
2.2387E+00 0.95 6.5983E+00
2.5119E+00 0.95 4.6051E+00
2.8184E+00 0.95 3.2017E+00
3.1623E+00 0.95 2.2104E+00
3.5481E+00 0.95 1.5232E+00
3.9811E+00 0.95 1.0451E+00
4.4668E+00 0.95 7.1051E-01
5.0119E+00 0.95 4.7914E-01
5.6234E+00 0.95 3.2191E-01
6.3096E+00 0.95 2.1761E-01
7.0795E+00 0.95 1.4555E-01
7.9433E+00 0.95 9.6903E-02
8.9125E+00 0.95 6.4657E-02
1.0000E+01 0.95 4.2969E-02
1.1220E+01 0.95 2.8633E-02
1.2589E+01 0.95 1.9068E-02
1.4125E+01 0.95 1.2711E-02
1.5849E+01 0.95 8.4837E-03
1.7783E+01 0.95 5.6339E-03
1.9953E+01 0.95 3.7534E-03
2.2387E+01 0.95 2.5004E-03
2.5119E+01 0.95 1.6722E-03
2.8184E+01 0.95 1.1156E-03
3.1623E+01 0.95 7.4557E-04
3.5481E+01 0.95 4.9822E-04
3.9811E+01 0.95 3.3317E-04
4.4668E+01 0.95 2.2351E-04
5.0119E+01 0.95 1.4974E-04
5.6234E+01 0.95 1.0092E-04
6.3096E+01 0.95 6.8277E-05
7.0795E+01 0.95 4.5893E-05
7.9433E+01 0.95 3.0646E-05
8.9125E+01 0.95 2.0615E-05
1.0000E+02 0.95 1.4040E-05
1.1220E+02 0.95 9.5558E-06
1.2589E+02 0.95 6.4432E-06
1.4125E+02 0.95 4.3649E-06
1.5849E+02 0.95 2.9791E-06
1.7783E+02 0.95 2.0023E-06
1.9953E+02 0.95 1.3469E-06
2.2387E+02 0.95 9.1743E-07
2.5119E+02 0.95 6.1700E-07
2.8184E+02 0.95 4.1640E-07
3.1623E+02 0.95 2.8397E-07
3.5481E+02 0.95 1.9356E-07
3.9811E+02 0.95 1.3070E-07
4.4668E+02 0.95 8.8142E-08
5.0119E+02 0.95 5.9240E-08
5.6234E+02 0.95 3.9713E-08
6.3096E+02 0.95 2.6869E-08
7.0795E+02 0.95 1.8030E-08
7.9433E+02 0.95 1.1932E-08
8.9125E+02 0.95 7.9342E-09
1.0000E+03 0.95 5.3491E-09
1.1220E+03 0.95 3.5832E-09
1.2589E+03 0.95 2.3628E-09
1.4125E+03 0.95 1.5565E-09
1.5849E+03 0.95 1.0442E-09
1.7783E+03 0.95 6.8318E-10
1.9953E+03 0.95 4.4946E-10
2.2387E+03 0.95 3.0417E-10
2.5119E+03 0.95 1.9770E-10
2.8184E+03 0.95 1.3208E-10
3.1623E+03 0.95 8.8358E-11
3.5481E+03 0.95 5.6501E-11
3.9811E+03 0.95 3.7473E-11
4.4668E+03 0.95 2.4844E-11
5.0119E+03 0.95 1.6610E-11
5.6234E+03 0.95 1.1061E-11
6.3096E+03 0.95 6.9969E-12
7.0795E+03 0.95 4.5665E-12
7.9433E+03 0.95 3.0843E-12
8.9125E+03 0.95 1.9951E-12
1.0000E+04 0.95 1.2809E-12
1.0000E-01 0.85 5.1687E+03
1.1220E-01 0.85 4.6517E+03
1.2589E-01 0.85 4.1423E+03
1.4125E-01 0.85 3.6537E+03
1.5849E-01 0.85 3.1910E+03
1.7783E-01 0.85 2.7555E+03
1.9953E-01 0.85 2.3518E+03
2.2387E-01 0.85 1.9850E+03
2.5119E-01 0.85 1.6544E+03
2.8184E-01 0.85 1.3580E+03
3.1623E-01 0.85 1.0979E+03
3.5481E-01 0.85 8.7576E+02
3.9811E-01 0.85 6.8917E+02
4.4668E-01 0.85 5.3583E+02
5.0119E-01 0.85 4.1212E+02
5.6234E-01 0.85 3.1425E+02
6.3096E-01 0.85 2.3779E+02
7.0795E-01 0.85 1.7873E+02
7.9433E-01 0.85 1.3363E+02
8.9125E-01 0.85 9.9106E+01
1.0000E+00 0.85 7.2868E+01
1.1220E+00 0.85 5.3246E+01
1.2589E+00 0.85 3.8697E+01
1.4125E+00 0.85 2.8054E+01
1.5849E+00 0.85 2.0171E+01
1.7783E+00 0.85 1.4382E+01
1.9953E+00 0.85 1.0196E+01
2.2387E+00 0.85 7.1893E+00
2.5119E+00 0.85 5.0430E+00
2.8184E+00 0.85 3.5194E+00
3.1623E+00 0.85 2.4394E+00
3.5481E+00 0.85 1.6808E+00
3.9811E+00 0.85 1.1526E+00
4.4668E+00 0.85 7.8293E-01
5.0119E+00 0.85 5.3159E-01
5.6234E+00 0.85 3.6062E-01
6.3096E+00 0.85 2.4349E-01
7.0795E+00 0.85 1.6249E-01
7.9433E+00 0.85 1.0843E-01
8.9125E+00 0.85 7.2602E-02
1.0000E+01 0.85 4.8468E-02
1.1220E+01 0.85 3.2298E-02
1.2589E+01 0.85 2.1617E-02
1.4125E+01 0.85 1.4393E-02
1.5849E+01 0.85 9.5825E-03
1.7783E+01 0.85 6.3733E-03
1.9953E+01 0.85 4.2378E-03
2.2387E+01 0.85 2.8266E-03
2.5119E+01 0.85 1.8854E-03
2.8184E+01 0.85 1.2565E-03
3.1623E+01 0.85 8.3626E-04
3.5481E+01 0.85 5.5732E-04
3.9811E+01 0.85 3.7202E-04
4.4668E+01 0.85 2.4822E-04
5.0119E+01 0.85 1.6655E-04
5.6234E+01 0.85 1.1132E-04
6.3096E+01 0.85 7.4373E-05
7.0795E+01 0.85 4.9852E-05
7.9433E+01 0.85 3.3888E-05
8.9125E+01 0.85 2.3031E-05
1.0000E+02 0.85 1.5397E-05
1.1220E+02 0.85 1.0366E-05
1.2589E+02 0.85 7.0228E-06
1.4125E+02 0.85 4.7535E-06
1.5849E+02 0.85 3.2080E-06
1.7783E+02 0.85 2.1622E-06
1.9953E+02 0.85 1.4677E-06
2.2387E+02 0.85 9.9549E-07
2.5119E+02 0.85 6.7353E-07
2.8184E+02 0.85 4.5561E-07
3.1623E+02 0.85 3.0836E-07
3.5481E+02 0.85 2.0856E-07
3.9811E+02 0.85 1.4062E-07
4.4668E+02 0.85 9.4903E-08
5.0119E+02 0.85 6.3992E-08
5.6234E+02 0.85 4.3488E-08
6.3096E+02 0.85 2.9123E-08
7.0795E+02 0.85 1.9382E-08
7.9433E+02 0.85 1.3063E-08
8.9125E+02 0.85 8.7680E-09
1.0000E+03 0.85 5.8548E-09
1.1220E+03 0.85 3.9101E-09
1.2589E+03 0.85 2.5776E-09
1.4125E+03 0.85 1.7322E-09
1.5849E+03 0.85 1.1742E-09
1.7783E+03 0.85 7.6736E-10
1.9953E+03 0.85 4.9982E-10
2.2387E+03 0.85 3.2627E-10
2.5119E+03 0.85 2.1546E-10
2.8184E+03 0.85 1.4398E-10
3.1623E+03 0.85 9.7182E-11
3.5481E+03 0.85 6.2812E-11
3.9811E+03 0.85 4.1853E-11
4.4668E+03 0.85 2.8017E-11
5.0119E+03 0.85 1.8218E-11
5.6234E+03 0.85 1.2125E-11
6.3096E+03 0.85 7.7309E-12
7.0795E+03 0.85 5.0296E-12
7.9433E+03 0.85 3.3722E-12
8.9125E+03 0.85 2.1914E-12
1.0000E+04 0.85 1.4246E-12
1.0000E-01 0.75 5.3697E+03
1.1220E-01 0.75 4.8226E+03
1.2589E-01 0.75 4.2861E+03
1.4125E-01 0.75 3.7693E+03
1.5849E-01 0.75 3.2840E+03
1.7783E-01 0.75 2.8339E+03
1.9953E-01 0.75 2.4196E+03
2.2387E-01 0.75 2.0402E+03
2.5119E-01 0.75 1.6985E+03
2.8184E-01 0.75 1.3956E+03
3.1623E-01 0.75 1.1304E+03
3.5481E-01 0.75 9.0397E+02
3.9811E-01 0.75 7.1359E+02
4.4668E-01 0.75 5.5653E+02
5.0119E-01 0.75 4.2977E+02
5.6234E-01 0.75 3.2914E+02
6.3096E-01 0.75 2.5004E+02
7.0795E-01 0.75 1.8858E+02
7.9433E-01 0.75 1.4126E+02
8.9125E-01 0.75 1.0508E+02
1.0000E+00 0.75 7.7604E+01
1.1220E+00 0.75 5.6928E+01
1.2589E+00 0.75 4.1471E+01
1.4125E+00 0.75 3.0191E+01
1.5849E+00 0.75 2.1792E+01
1.7783E+00 0.75 1.5609E+01
1.9953E+00 0.75 1.1095E+01
2.2387E+00 0.75 7.8627E+00
2.5119E+00 0.75 5.5410E+00
2.8184E+00 0.75 3.8675E+00
3.1623E+00 0.75 2.6898E+00
3.5481E+00 0.75 1.8617E+00
3.9811E+00 0.75 1.2807E+00
4.4668E+00 0.75 8.7400E-01
5.0119E+00 0.75 5.9426E-01
5.6234E+00 0.75 4.0204E-01
6.3096E+00 0.75 2.7378E-01
7.0795E+00 0.75 1.8358E-01
7.9433E+00 0.75 1.2287E-01
8.9125E+00 0.75 8.2279E-02
1.0000E+01 0.75 5.4885E-02
1.1220E+01 0.75 3.6607E-02
1.2589E+01 0.75 2.4537E-02
1.4125E+01 0.75 1.6405E-02
1.5849E+01 0.75 1.0921E-02
1.7783E+01 0.75 7.2398E-03
1.9953E+01 0.75 4.8139E-03
2.2387E+01 0.75 3.2038E-03
2.5119E+01 0.75 2.1628E-03
2.8184E+01 0.75 1.4333E-03
3.1623E+01 0.75 9.5119E-04
3.5481E+01 0.75 6.3332E-04
3.9811E+01 0.75 4.2172E-04
4.4668E+01 0.75 2.8192E-04
5.0119E+01 0.75 1.8733E-04
5.6234E+01 0.75 1.2482E-04
6.3096E+01 0.75 8.4035E-05
7.0795E+01 0.75 5.6424E-05
7.9433E+01 0.75 3.7531E-05
8.9125E+01 0.75 2.5189E-05
1.0000E+02 0.75 1.7068E-05
1.1220E+02 0.75 1.1529E-05
1.2589E+02 0.75 7.7852E-06
1.4125E+02 0.75 5.2393E-06
1.5849E+02 0.75 3.5343E-06
1.7783E+02 0.75 2.3804E-06
1.9953E+02 0.75 1.6014E-06
2.2387E+02 0.75 1.0920E-06
2.5119E+02 0.75 7.5339E-07
2.8184E+02 0.75 5.1712E-07
3.1623E+02 0.75 3.4501E-07
3.5481E+02 0.75 2.2915E-07
3.9811E+02 0.75 1.5399E-07
4.4668E+02 0.75 1.0402E-07
5.0119E+02 0.75 7.0276E-08
5.6234E+02 0.75 4.7457E-08
6.3096E+02 0.75 3.2344E-08
7.0795E+02 0.75 2.1725E-08
7.9433E+02 0.75 1.4257E-08
8.9125E+02 0.75 9.5650E-09
1.0000E+03 0.75 6.4897E-09
1.1220E+03 0.75 4.3532E-09
1.2589E+03 0.75 2.8989E-09
1.4125E+03 0.75 1.9002E-09
1.5849E+03 0.75 1.2524E-09
1.7783E+03 0.75 8.4823E-10
1.9953E+03 0.75 5.6466E-10
2.2387E+03 0.75 3.7310E-10
2.5119E+03 0.75 2.4647E-10
2.8184E+03 0.75 1.6234E-10
3.1623E+03 0.75 1.0807E-10
3.5481E+03 0.75 7.0872E-11
3.9811E+03 0.75 4.6302E-11
4.4668E+03 0.75 3.0101E-11
5.0119E+03 0.75 1.9343E-11
5.6234E+03 0.75 1.3071E-11
6.3096E+03 0.75 8.7704E-12
7.0795E+03 0.75 5.4980E-12
7.9433E+03 0.75 3.4271E-12
8.9125E+03 0.75 2.3484E-12
1.0000E+04 0.75 1.5882E-12
1.0000E-01 0.65 5.6436E+03
1.1220E-01 0.65 5.0476E+03
1.2589E-01 0.65 4.4690E+03
1.4125E-01 0.65 3.9201E+03
1.5849E-01 0.65 3.4081E+03
1.7783E-01 0.65 2.9321E+03
1.9953E-01 0.65 2.4954E+03
2.2387E-01 0.65 2.1027E+03
2.5119E-01 0.65 1.7494E+03
2.8184E-01 0.65 1.4363E+03
3.1623E-01 0.65 1.1640E+03
3.5481E-01 0.65 9.3173E+02
3.9811E-01 0.65 7.3755E+02
4.4668E-01 0.65 5.7712E+02
5.0119E-01 0.65 4.4698E+02
5.6234E-01 0.65 3.4337E+02
6.3096E-01 0.65 2.6175E+02
7.0795E-01 0.65 1.9838E+02
7.9433E-01 0.65 1.4918E+02
8.9125E-01 0.65 1.1147E+02
1.0000E+00 0.65 8.2820E+01
1.1220E+00 0.65 6.1079E+01
1.2589E+00 0.65 4.4628E+01
1.4125E+00 0.65 3.2638E+01
1.5849E+00 0.65 2.3646E+01
1.7783E+00 0.65 1.7019E+01
1.9953E+00 0.65 1.2163E+01
2.2387E+00 0.65 8.6398E+00
2.5119E+00 0.65 6.1098E+00
2.8184E+00 0.65 4.2905E+00
3.1623E+00 0.65 3.0033E+00
3.5481E+00 0.65 2.0849E+00
3.9811E+00 0.65 1.4367E+00
4.4668E+00 0.65 9.8711E-01
5.0119E+00 0.65 6.7188E-01
5.6234E+00 0.65 4.5628E-01
6.3096E+00 0.65 3.1157E-01
7.0795E+00 0.65 2.0990E-01
7.9433E+00 0.65 1.4108E-01
8.9125E+00 0.65 9.4894E-02
1.0000E+01 0.65 6.3732E-02
1.1220E+01 0.65 4.2575E-02
1.2589E+01 0.65 2.8384E-02
1.4125E+01 0.65 1.8906E-02
1.5849E+01 0.65 1.2622E-02
1.7783E+01 0.65 8.4022E-03
1.9953E+01 0.65 5.5959E-03
2.2387E+01 0.65 3.7214E-03
2.5119E+01 0.65 2.4980E-03
2.8184E+01 0.65 1.6568E-03
3.1623E+01 0.65 1.1025E-03
3.5481E+01 0.65 7.3654E-04
3.9811E+01 0.65 4.8865E-04
4.4668E+01 0.65 3.2558E-04
5.0119E+01 0.65 2.1738E-04
5.6234E+01 0.65 1.4467E-04
6.3096E+01 0.65 9.6059E-05
7.0795E+01 0.65 6.4046E-05
7.9433E+01 0.65 4.3047E-05
8.9125E+01 0.65 2.8766E-05
1.0000E+02 0.65 1.9284E-05
1.1220E+02 0.65 1.3014E-05
1.2589E+02 0.65 8.7597E-06
1.4125E+02 0.65 5.9063E-06
1.5849E+02 0.65 3.9666E-06
1.7783E+02 0.65 2.6710E-06
1.9953E+02 0.65 1.8222E-06
2.2387E+02 0.65 1.2284E-06
2.5119E+02 0.65 8.2193E-07
2.8184E+02 0.65 5.5791E-07
3.1623E+02 0.65 3.7758E-07
3.5481E+02 0.65 2.5426E-07
3.9811E+02 0.65 1.7191E-07
4.4668E+02 0.65 1.1564E-07
5.0119E+02 0.65 7.7927E-08
5.6234E+02 0.65 5.3087E-08
6.3096E+02 0.65 3.5632E-08
7.0795E+02 0.65 2.3830E-08
7.9433E+02 0.65 1.6063E-08
8.9125E+02 0.65 1.0919E-08
1.0000E+03 0.65 7.2955E-09
1.1220E+03 0.65 4.8404E-09
1.2589E+03 0.65 3.2508E-09
1.4125E+03 0.65 2.1623E-09
1.5849E+03 0.65 1.4326E-09
1.7783E+03 0.65 9.3970E-10
1.9953E+03 0.65 6.2280E-10
2.2387E+03 0.65 4.2043E-10
2.5119E+03 0.65 2.8056E-10
2.8184E+03 0.65 1.8568E-10
3.1623E+03 0.65 1.2206E-10
3.5481E+03 0.65 7.8879E-11
3.9811E+03 0.65 5.1784E-11
4.4668E+03 0.65 3.4759E-11
5.0119E+03 0.65 2.3262E-11
5.6234E+03 0.65 1.5771E-11
6.3096E+03 0.65 1.0405E-11
7.0795E+03 0.65 6.4056E-12
7.9433E+03 0.65 4.1329E-12
8.9125E+03 0.65 2.6752E-12
1.0000E+04 0.65 1.7898E-12
1.0000E-01 0.55 6.0290E+03
1.1220E-01 0.55 5.3614E+03
1.2589E-01 0.55 4.7270E+03
1.4125E-01 0.55 4.1298E+03
1.5849E-01 0.55 3.5706E+03
1.7783E-01 0.55 3.0575E+03
1.9953E-01 0.55 2.5932E+03
2.2387E-01 0.55 2.1761E+03
2.5119E-01 0.55 1.8077E+03
2.8184E-01 0.55 1.4827E+03
3.1623E-01 0.55 1.2011E+03
3.5481E-01 0.55 9.6218E+02
3.9811E-01 0.55 7.6158E+02
4.4668E-01 0.55 5.9746E+02
5.0119E-01 0.55 4.6481E+02
5.6234E-01 0.55 3.5840E+02
6.3096E-01 0.55 2.7432E+02
7.0795E-01 0.55 2.0864E+02
7.9433E-01 0.55 1.5770E+02
8.9125E-01 0.55 1.1841E+02
1.0000E+00 0.55 8.8311E+01
1.1220E+00 0.55 6.5460E+01
1.2589E+00 0.55 4.8114E+01
1.4125E+00 0.55 3.5352E+01
1.5849E+00 0.55 2.5747E+01
1.7783E+00 0.55 1.8621E+01
1.9953E+00 0.55 1.3388E+01
2.2387E+00 0.55 9.5622E+00
2.5119E+00 0.55 6.7940E+00
2.8184E+00 0.55 4.7924E+00
3.1623E+00 0.55 3.3621E+00
3.5481E+00 0.55 2.3459E+00
3.9811E+00 0.55 1.6228E+00
4.4668E+00 0.55 1.1194E+00
5.0119E+00 0.55 7.6882E-01
5.6234E+00 0.55 5.2553E-01
6.3096E+00 0.55 3.5944E-01
7.0795E+00 0.55 2.4362E-01
7.9433E+00 0.55 1.6476E-01
8.9125E+00 0.55 1.1079E-01
1.0000E+01 0.55 7.4582E-02
1.1220E+01 0.55 5.0077E-02
1.2589E+01 0.55 3.3380E-02
1.4125E+01 0.55 2.2415E-02
1.5849E+01 0.55 1.5018E-02
1.7783E+01 0.55 9.9296E-03
1.9953E+01 0.55 6.5949E-03
2.2387E+01 0.55 4.4065E-03
2.5119E+01 0.55 2.9705E-03
2.8184E+01 0.55 1.9781E-03
3.1623E+01 0.55 1.3142E-03
3.5481E+01 0.55 8.7413E-04
3.9811E+01 0.55 5.8161E-04
4.4668E+01 0.55 3.8614E-04
5.0119E+01 0.55 2.5654E-04
5.6234E+01 0.55 1.7064E-04
6.3096E+01 0.55 1.1311E-04
7.0795E+01 0.55 7.5277E-05
7.9433E+01 0.55 5.0049E-05
8.9125E+01 0.55 3.3666E-05
1.0000E+02 0.55 2.2644E-05
1.1220E+02 0.55 1.5113E-05
1.2589E+02 0.55 1.0140E-05
1.4125E+02 0.55 6.8099E-06
1.5849E+02 0.55 4.5516E-06
1.7783E+02 0.55 3.0545E-06
1.9953E+02 0.55 2.0705E-06
2.2387E+02 0.55 1.3931E-06
2.5119E+02 0.55 9.3802E-07
2.8184E+02 0.55 6.2979E-07
3.1623E+02 0.55 4.2560E-07
3.5481E+02 0.55 2.8955E-07
3.9811E+02 0.55 1.9444E-07
4.4668E+02 0.55 1.3104E-07
5.0119E+02 0.55 8.9107E-08
5.6234E+02 0.55 6.0328E-08
6.3096E+02 0.55 4.0737E-08
7.0795E+02 0.55 2.7341E-08
7.9433E+02 0.55 1.8221E-08
8.9125E+02 0.55 1.2138E-08
1.0000E+03 0.55 8.1761E-09
1.1220E+03 0.55 5.5314E-09
1.2589E+03 0.55 3.6739E-09
1.4125E+03 0.55 2.4297E-09
1.5849E+03 0.55 1.6337E-09
1.7783E+03 0.55 1.0994E-09
1.9953E+03 0.55 7.5049E-10
2.2387E+03 0.55 5.0755E-10
2.5119E+03 0.55 3.2018E-10
2.8184E+03 0.55 2.0425E-10
3.1623E+03 0.55 1.3814E-10
3.5481E+03 0.55 9.2859E-11
3.9811E+03 0.55 6.2341E-11
4.4668E+03 0.55 4.1980E-11
5.0119E+03 0.55 2.7677E-11
5.6234E+03 0.55 1.8063E-11
6.3096E+03 0.55 1.1556E-11
7.0795E+03 0.55 7.8307E-12
7.9433E+03 0.55 5.0780E-12
8.9125E+03 0.55 3.2092E-12
1.0000E+04 0.55 2.1705E-12
1.0000E-01 0.45 6.6124E+03
1.1220E-01 0.45 5.8507E+03
1.2589E-01 0.45 5.1203E+03
1.4125E-01 0.45 4.4405E+03
1.5849E-01 0.45 3.8160E+03
1.7783E-01 0.45 3.2468E+03
1.9953E-01 0.45 2.7351E+03
2.2387E-01 0.45 2.2814E+03
2.5119E-01 0.45 1.8839E+03
2.8184E-01 0.45 1.5398E+03
3.1623E-01 0.45 1.2444E+03
3.5481E-01 0.45 9.9425E+02
3.9811E-01 0.45 7.8706E+02
4.4668E-01 0.45 6.1797E+02
5.0119E-01 0.45 4.8147E+02
5.6234E-01 0.45 3.7274E+02
6.3096E-01 0.45 2.8653E+02
7.0795E-01 0.45 2.1900E+02
7.9433E-01 0.45 1.6618E+02
8.9125E-01 0.45 1.2532E+02
1.0000E+00 0.45 9.4079E+01
1.1220E+00 0.45 7.0209E+01
1.2589E+00 0.45 5.1785E+01
1.4125E+00 0.45 3.8265E+01
1.5849E+00 0.45 2.8105E+01
1.7783E+00 0.45 2.0463E+01
1.9953E+00 0.45 1.4796E+01
2.2387E+00 0.45 1.0651E+01
2.5119E+00 0.45 7.6121E+00
2.8184E+00 0.45 5.4110E+00
3.1623E+00 0.45 3.8195E+00
3.5481E+00 0.45 2.6808E+00
3.9811E+00 0.45 1.8679E+00
4.4668E+00 0.45 1.2912E+00
5.0119E+00 0.45 8.8968E-01
5.6234E+00 0.45 6.1334E-01
6.3096E+00 0.45 4.2117E-01
7.0795E+00 0.45 2.8718E-01
7.9433E+00 0.45 1.9511E-01
8.9125E+00 0.45 1.3203E-01
1.0000E+01 0.45 8.9216E-02
1.1220E+01 0.45 6.0001E-02
1.2589E+01 0.45 4.0476E-02
1.4125E+01 0.45 2.7179E-02
1.5849E+01 0.45 1.8104E-02
1.7783E+01 0.45 1.2187E-02
1.9953E+01 0.45 8.1255E-03
2.2387E+01 0.45 5.4175E-03
2.5119E+01 0.45 3.6586E-03
2.8184E+01 0.45 2.4393E-03
3.1623E+01 0.45 1.6187E-03
3.5481E+01 0.45 1.0735E-03
3.9811E+01 0.45 7.1464E-04
4.4668E+01 0.45 4.7547E-04
5.0119E+01 0.45 3.1570E-04
5.6234E+01 0.45 2.0981E-04
6.3096E+01 0.45 1.3925E-04
7.0795E+01 0.45 9.2435E-05
7.9433E+01 0.45 6.1621E-05
8.9125E+01 0.45 4.0995E-05
1.0000E+02 0.45 2.7352E-05
1.1220E+02 0.45 1.8211E-05
1.2589E+02 0.45 1.2106E-05
1.4125E+02 0.45 8.0856E-06
1.5849E+02 0.45 5.4133E-06
1.7783E+02 0.45 3.6346E-06
1.9953E+02 0.45 2.4486E-06
2.2387E+02 0.45 1.6519E-06
2.5119E+02 0.45 1.1049E-06
2.8184E+02 0.45 7.3244E-07
3.1623E+02 0.45 4.9352E-07
3.5481E+02 0.45 3.3619E-07
3.9811E+02 0.45 2.2769E-07
4.4668E+02 0.45 1.5299E-07
5.0119E+02 0.45 1.0331E-07
5.6234E+02 0.45 6.9843E-08
6.3096E+02 0.45 4.6675E-08
7.0795E+02 0.45 3.1460E-08
7.9433E+02 0.45 2.1212E-08
8.9125E+02 0.45 1.4229E-08
1.0000E+03 0.45 9.6266E-09
1.1220E+03 0.45 6.4777E-09
1.2589E+03 0.45 4.3263E-09
1.4125E+03 0.45 2.8805E-09
1.5849E+03 0.45 1.9395E-09
1.7783E+03 0.45 1.3048E-09
1.9953E+03 0.45 8.6349E-10
2.2387E+03 0.45 5.6087E-10
2.5119E+03 0.45 3.7714E-10
2.8184E+03 0.45 2.5338E-10
3.1623E+03 0.45 1.6588E-10
3.5481E+03 0.45 1.0793E-10
3.9811E+03 0.45 7.2139E-11
4.4668E+03 0.45 4.7617E-11
5.0119E+03 0.45 3.2207E-11
5.6234E+03 0.45 2.2602E-11
6.3096E+03 0.45 1.4458E-11
7.0795E+03 0.45 9.4416E-12
7.9433E+03 0.45 6.2301E-12
8.9125E+03 0.45 4.2903E-12
1.0000E+04 0.45 2.8110E-12
1.0000E-01 0.35 7.5677E+03
1.1220E-01 0.35 6.6400E+03
1.2589E-01 0.35 5.7648E+03
1.4125E-01 0.35 4.9549E+03
1.5849E-01 0.35 4.2166E+03
1.7783E-01 0.35 3.5528E+03
1.9953E-01 0.35 2.9630E+03
2.2387E-01 0.35 2.4484E+03
2.5119E-01 0.35 2.0041E+03
2.8184E-01 0.35 1.6244E+03
3.1623E-01 0.35 1.3050E+03
3.5481E-01 0.35 1.0375E+03
3.9811E-01 0.35 8.1806E+02
4.4668E-01 0.35 6.4081E+02
5.0119E-01 0.35 4.9868E+02
5.6234E-01 0.35 3.8604E+02
6.3096E-01 0.35 2.9772E+02
7.0795E-01 0.35 2.2805E+02
7.9433E-01 0.35 1.7347E+02
8.9125E-01 0.35 1.3179E+02
1.0000E+00 0.35 9.9709E+01
1.1220E+00 0.35 7.4825E+01
1.2589E+00 0.35 5.5627E+01
1.4125E+00 0.35 4.1416E+01
1.5849E+00 0.35 3.0585E+01
1.7783E+00 0.35 2.2456E+01
1.9953E+00 0.35 1.6380E+01
2.2387E+00 0.35 1.1846E+01
2.5119E+00 0.35 8.5381E+00
2.8184E+00 0.35 6.1291E+00
3.1623E+00 0.35 4.3593E+00
3.5481E+00 0.35 3.0796E+00
3.9811E+00 0.35 2.1625E+00
4.4668E+00 0.35 1.5145E+00
5.0119E+00 0.35 1.0537E+00
5.6234E+00 0.35 7.2899E-01
6.3096E+00 0.35 5.0499E-01
7.0795E+00 0.35 3.4576E-01
7.9433E+00 0.35 2.3593E-01
8.9125E+00 0.35 1.6076E-01
1.0000E+01 0.35 1.0955E-01
1.1220E+01 0.35 7.4356E-02
1.2589E+01 0.35 5.0314E-02
1.4125E+01 0.35 3.4218E-02
1.5849E+01 0.35 2.3056E-02
1.7783E+01 0.35 1.5499E-02
1.9953E+01 0.35 1.0422E-02
2.2387E+01 0.35 7.0063E-03
2.5119E+01 0.35 4.6754E-03
2.8184E+01 0.35 3.1296E-03
3.1623E+01 0.35 2.0856E-03
3.5481E+01 0.35 1.3906E-03
3.9811E+01 0.35 9.2575E-04
4.4668E+01 0.35 6.1693E-04
5.0119E+01 0.35 4.1062E-04
5.6234E+01 0.35 2.7187E-04
6.3096E+01 0.35 1.7987E-04
7.0795E+01 0.35 1.1936E-04
7.9433E+01 0.35 7.9203E-05
8.9125E+01 0.35 5.2770E-05
1.0000E+02 0.35 3.5037E-05
1.1220E+02 0.35 2.3152E-05
1.2589E+02 0.35 1.5424E-05
1.4125E+02 0.35 1.0271E-05
1.5849E+02 0.35 6.8352E-06
1.7783E+02 0.35 4.5551E-06
1.9953E+02 0.35 3.0420E-06
2.2387E+02 0.35 2.0331E-06
2.5119E+02 0.35 1.3610E-06
2.8184E+02 0.35 9.1062E-07
3.1623E+02 0.35 6.1075E-07
3.5481E+02 0.35 4.0890E-07
3.9811E+02 0.35 2.7461E-07
4.4668E+02 0.35 1.8537E-07
5.0119E+02 0.35 1.2452E-07
5.6234E+02 0.35 8.3256E-08
6.3096E+02 0.35 5.5820E-08
7.0795E+02 0.35 3.7518E-08
7.9433E+02 0.35 2.5365E-08
8.9125E+02 0.35 1.7343E-08
1.0000E+03 0.35 1.1657E-08
1.1220E+03 0.35 7.7267E-09
1.2589E+03 0.35 5.1560E-09
1.4125E+03 0.35 3.4858E-09
1.5849E+03 0.35 2.3539E-09
1.7783E+03 0.35 1.5493E-09
1.9953E+03 0.35 1.0403E-09
2.2387E+03 0.35 6.9630E-10
2.5119E+03 0.35 4.5855E-10
2.8184E+03 0.35 3.1375E-10
3.1623E+03 0.35 2.0657E-10
3.5481E+03 0.35 1.3296E-10
3.9811E+03 0.35 8.8327E-11
4.4668E+03 0.35 5.9721E-11
5.0119E+03 0.35 3.8908E-11
5.6234E+03 0.35 2.5840E-11
6.3096E+03 0.35 1.6278E-11
7.0795E+03 0.35 1.1034E-11
7.9433E+03 0.35 7.7793E-12
8.9125E+03 0.35 4.8747E-12
1.0000E+04 0.35 3.2429E-12
1.0000E-01 0.25 9.2880E+03
1.1220E-01 0.25 8.0842E+03
1.2589E-01 0.25 6.9550E+03
1.4125E-01 0.25 5.9136E+03
1.5849E-01 0.25 4.9678E+03
1.7783E-01 0.25 4.1325E+03
1.9953E-01 0.25 3.4056E+03
2.2387E-01 0.25 2.7756E+03
2.5119E-01 0.25 2.2396E+03
2.8184E-01 0.25 1.7909E+03
3.1623E-01 0.25 1.4207E+03
3.5481E-01 0.25 1.1176E+03
3.9811E-01 0.25 8.7198E+02
4.4668E-01 0.25 6.7776E+02
5.0119E-01 0.25 5.2478E+02
5.6234E-01 0.25 4.0412E+02
6.3096E-01 0.25 3.1043E+02
7.0795E-01 0.25 2.3785E+02
7.9433E-01 0.25 1.8158E+02
8.9125E-01 0.25 1.3788E+02
1.0000E+00 0.25 1.0453E+02
1.1220E+00 0.25 7.9186E+01
1.2589E+00 0.25 5.8984E+01
1.4125E+00 0.25 4.4231E+01
1.5849E+00 0.25 3.2924E+01
1.7783E+00 0.25 2.4402E+01
1.9953E+00 0.25 1.8002E+01
2.2387E+00 0.25 1.3174E+01
2.5119E+00 0.25 9.5939E+00
2.8184E+00 0.25 6.9519E+00
3.1623E+00 0.25 4.9846E+00
3.5481E+00 0.25 3.5605E+00
3.9811E+00 0.25 2.5404E+00
4.4668E+00 0.25 1.7895E+00
5.0119E+00 0.25 1.2519E+00
5.6234E+00 0.25 8.7520E-01
6.3096E+00 0.25 6.1619E-01
7.0795E+00 0.25 4.2666E-01
7.9433E+00 0.25 2.9472E-01
8.9125E+00 0.25 2.0296E-01
1.0000E+01 0.25 1.3950E-01
1.1220E+01 0.25 9.5706E-02
1.2589E+01 0.25 6.5516E-02
1.4125E+01 0.25 4.4531E-02
1.5849E+01 0.25 3.0059E-02
1.7783E+01 0.25 2.0434E-02
1.9953E+01 0.25 1.3836E-02
2.2387E+01 0.25 9.3298E-03
2.5119E+01 0.25 6.3323E-03
2.8184E+01 0.25 4.2628E-03
3.1623E+01 0.25 2.8631E-03
3.5481E+01 0.25 1.9166E-03
3.9811E+01 0.25 1.2815E-03
4.4668E+01 0.25 8.5571E-04
5.0119E+01 0.25 5.7000E-04
5.6234E+01 0.25 3.7932E-04
6.3096E+01 0.25 2.5200E-04
7.0795E+01 0.25 1.6734E-04
7.9433E+01 0.25 1.1084E-04
8.9125E+01 0.25 7.3376E-05
1.0000E+02 0.25 4.8579E-05
1.1220E+02 0.25 3.2178E-05
1.2589E+02 0.25 2.1354E-05
1.4125E+02 0.25 1.4127E-05
1.5849E+02 0.25 9.3511E-06
1.7783E+02 0.25 6.1928E-06
1.9953E+02 0.25 4.1207E-06
2.2387E+02 0.25 2.7602E-06
2.5119E+02 0.25 1.8463E-06
2.8184E+02 0.25 1.2268E-06
3.1623E+02 0.25 8.1035E-07
3.5481E+02 0.25 5.4164E-07
3.9811E+02 0.25 3.6383E-07
4.4668E+02 0.25 2.4224E-07
5.0119E+02 0.25 1.6099E-07
5.6234E+02 0.25 1.0740E-07
6.3096E+02 0.25 7.1989E-08
7.0795E+02 0.25 4.8325E-08
7.9433E+02 0.25 3.2679E-08
8.9125E+02 0.25 2.2075E-08
1.0000E+03 0.25 1.4767E-08
1.1220E+03 0.25 9.9563E-09
1.2589E+03 0.25 6.6757E-09
1.4125E+03 0.25 4.4548E-09
1.5849E+03 0.25 2.9906E-09
1.7783E+03 0.25 2.0523E-09
1.9953E+03 0.25 1.3605E-09
2.2387E+03 0.25 8.8628E-10
2.5119E+03 0.25 6.0214E-10
2.8184E+03 0.25 3.9092E-10
3.1623E+03 0.25 2.5756E-10
3.5481E+03 0.25 1.7683E-10
3.9811E+03 0.25 1.2002E-10
4.4668E+03 0.25 8.0468E-11
5.0119E+03 0.25 5.1641E-11
5.6234E+03 0.25 3.3822E-11
6.3096E+03 0.25 2.3460E-11
7.0795E+03 0.25 1.4878E-11
7.9433E+03 0.25 9.4728E-12
8.9125E+03 0.25 6.7123E-12
1.0000E+04 0.25 4.4660E-12
1.0000E-01 0.15 1.2945E+04
1.1220E-01 0.15 1.1142E+04
1.2589E-01 0.15 9.4627E+03
1.4125E-01 0.15 7.9334E+03
1.5849E-01 0.15 6.5757E+03
1.7783E-01 0.15 5.3842E+03
1.9953E-01 0.15 4.3545E+03
2.2387E-01 0.15 3.4860E+03
2.5119E-01 0.15 2.7595E+03
2.8184E-01 0.15 2.1677E+03
3.1623E-01 0.15 1.6877E+03
3.5481E-01 0.15 1.3014E+03
3.9811E-01 0.15 1.0005E+03
4.4668E-01 0.15 7.6773E+02
5.0119E-01 0.15 5.8676E+02
5.6234E-01 0.15 4.4713E+02
6.3096E-01 0.15 3.4032E+02
7.0795E-01 0.15 2.5830E+02
7.9433E-01 0.15 1.9559E+02
8.9125E-01 0.15 1.4824E+02
1.0000E+00 0.15 1.1209E+02
1.1220E+00 0.15 8.4228E+01
1.2589E+00 0.15 6.3047E+01
1.4125E+00 0.15 4.7461E+01
1.5849E+00 0.15 3.5544E+01
1.7783E+00 0.15 2.6431E+01
1.9953E+00 0.15 1.9526E+01
2.2387E+00 0.15 1.4442E+01
2.5119E+00 0.15 1.0619E+01
2.8184E+00 0.15 7.7548E+00
3.1623E+00 0.15 5.6385E+00
3.5481E+00 0.15 4.0746E+00
3.9811E+00 0.15 2.9408E+00
4.4668E+00 0.15 2.1155E+00
5.0119E+00 0.15 1.5093E+00
5.6234E+00 0.15 1.0671E+00
6.3096E+00 0.15 7.5655E-01
7.0795E+00 0.15 5.3447E-01
7.9433E+00 0.15 3.7563E-01
8.9125E+00 0.15 2.6254E-01
1.0000E+01 0.15 1.8232E-01
1.1220E+01 0.15 1.2690E-01
1.2589E+01 0.15 8.8306E-02
1.4125E+01 0.15 6.0908E-02
1.5849E+01 0.15 4.1933E-02
1.7783E+01 0.15 2.9081E-02
1.9953E+01 0.15 1.9974E-02
2.2387E+01 0.15 1.3429E-02
2.5119E+01 0.15 9.2409E-03
2.8184E+01 0.15 6.2793E-03
3.1623E+01 0.15 4.2603E-03
3.5481E+01 0.15 2.8874E-03
3.9811E+01 0.15 1.9468E-03
4.4668E+01 0.15 1.3101E-03
5.0119E+01 0.15 8.7869E-04
5.6234E+01 0.15 5.8822E-04
6.3096E+01 0.15 3.9399E-04
7.0795E+01 0.15 2.6348E-04
7.9433E+01 0.15 1.7531E-04
8.9125E+01 0.15 1.1641E-04
1.0000E+02 0.15 7.7191E-05
1.1220E+02 0.15 5.1188E-05
1.2589E+02 0.15 3.3865E-05
1.4125E+02 0.15 2.2429E-05
1.5849E+02 0.15 1.4892E-05
1.7783E+02 0.15 9.8701E-06
1.9953E+02 0.15 6.5078E-06
2.2387E+02 0.15 4.2878E-06
2.5119E+02 0.15 2.8446E-06
2.8184E+02 0.15 1.8965E-06
3.1623E+02 0.15 1.2490E-06
3.5481E+02 0.15 8.2248E-07
3.9811E+02 0.15 5.4749E-07
4.4668E+02 0.15 3.6204E-07
5.0119E+02 0.15 2.3941E-07
5.6234E+02 0.15 1.5844E-07
6.3096E+02 0.15 1.0479E-07
7.0795E+02 0.15 6.9999E-08
7.9433E+02 0.15 4.6877E-08
8.9125E+02 0.15 3.0941E-08
1.0000E+03 0.15 2.0644E-08
1.1220E+03 0.15 1.3895E-08
1.2589E+03 0.15 9.3479E-09
1.4125E+03 0.15 6.2556E-09
1.5849E+03 0.15 4.1732E-09
1.7783E+03 0.15 2.7928E-09
1.9953E+03 0.15 1.8640E-09
2.2387E+03 0.15 1.2341E-09
2.5119E+03 0.15 8.3026E-10
2.8184E+03 0.15 5.5506E-10
3.1623E+03 0.15 3.6887E-10
3.5481E+03 0.15 2.4615E-10
3.9811E+03 0.15 1.6338E-10
4.4668E+03 0.15 1.1096E-10
5.0119E+03 0.15 7.6969E-11
5.6234E+03 0.15 5.1938E-11
6.3096E+03 0.15 3.2956E-11
7.0795E+03 0.15 2.1586E-11
7.9433E+03 0.15 1.4152E-11
8.9125E+03 0.15 9.7387E-12
1.0000E+04 0.15 6.4206E-12
1.0000E-01 0.05 2.0687E+04
1.1220E-01 0.05 1.7637E+04
1.2589E-01 0.05 1.4828E+04
1.4125E-01 0.05 1.2270E+04
1.5849E-01 0.05 1.0013E+04
1.7783E-01 0.05 8.0588E+03
1.9953E-01 0.05 6.4117E+03
2.2387E-01 0.05 5.0364E+03
2.5119E-01 0.05 3.9028E+03
2.8184E-01 0.05 2.9930E+03
3.1623E-01 0.05 2.2765E+03
3.5481E-01 0.05 1.7237E+03
3.9811E-01 0.05 1.2965E+03
4.4668E-01 0.05 9.7014E+02
5.0119E-01 0.05 7.2974E+02
5.6234E-01 0.05 5.4688E+02
6.3096E-01 0.05 4.0776E+02
7.0795E-01 0.05 3.0521E+02
7.9433E-01 0.05 2.2845E+02
8.9125E-01 0.05 1.7106E+02
1.0000E+00 0.05 1.2764E+02
1.1220E+00 0.05 9.4454E+01
1.2589E+00 0.05 7.0548E+01
1.4125E+00 0.05 5.2429E+01
1.5849E+00 0.05 3.9015E+01
1.7783E+00 0.05 2.8864E+01
1.9953E+00 0.05 2.1305E+01
2.2387E+00 0.05 1.5724E+01
2.5119E+00 0.05 1.1586E+01
2.8184E+00 0.05 8.5386E+00
3.1623E+00 0.05 6.2203E+00
3.5481E+00 0.05 4.5144E+00
3.9811E+00 0.05 3.2937E+00
4.4668E+00 0.05 2.4034E+00
5.0119E+00 0.05 1.7347E+00
5.6234E+00 0.05 1.2444E+00
6.3096E+00 0.05 8.8982E-01
7.0795E+00 0.05 6.3040E-01
7.9433E+00 0.05 4.5064E-01
8.9125E+00 0.05 3.2371E-01
1.0000E+01 0.05 2.3083E-01
1.1220E+01 0.05 1.6211E-01
1.2589E+01 0.05 1.1364E-01
1.4125E+01 0.05 8.0288E-02
1.5849E+01 0.05 5.6812E-02
1.7783E+01 0.05 3.9954E-02
1.9953E+01 0.05 2.7945E-02
2.2387E+01 0.05 1.9406E-02
2.5119E+01 0.05 1.3630E-02
2.8184E+01 0.05 9.4450E-03
3.1623E+01 0.05 6.5301E-03
3.5481E+01 0.05 4.4999E-03
3.9811E+01 0.05 3.0935E-03
4.4668E+01 0.05 2.1215E-03
5.0119E+01 0.05 1.4474E-03
5.6234E+01 0.05 9.8451E-04
6.3096E+01 0.05 6.7074E-04
7.0795E+01 0.05 4.5466E-04
7.9433E+01 0.05 3.0641E-04
8.9125E+01 0.05 2.0647E-04
1.0000E+02 0.05 1.3869E-04
1.1220E+02 0.05 9.3046E-05
1.2589E+02 0.05 6.2146E-05
1.4125E+02 0.05 4.1338E-05
1.5849E+02 0.05 2.7522E-05
1.7783E+02 0.05 1.8283E-05
1.9953E+02 0.05 1.2115E-05
2.2387E+02 0.05 7.9931E-06
2.5119E+02 0.05 5.2501E-06
2.8184E+02 0.05 3.4616E-06
3.1623E+02 0.05 2.2797E-06
3.5481E+02 0.05 1.4963E-06
3.9811E+02 0.05 9.8432E-07
4.4668E+02 0.05 6.4712E-07
5.0119E+02 0.05 4.2338E-07
5.6234E+02 0.05 2.8005E-07
6.3096E+02 0.05 1.8315E-07
7.0795E+02 0.05 1.1956E-07
7.9433E+02 0.05 7.8569E-08
8.9125E+02 0.05 5.1807E-08
1.0000E+03 0.05 3.4092E-08
1.1220E+03 0.05 2.2294E-08
1.2589E+03 0.05 1.4589E-08
1.4125E+03 0.05 9.6801E-09
1.5849E+03 0.05 6.4435E-09
1.7783E+03 0.05 4.2408E-09
1.9953E+03 0.05 2.8088E-09
2.2387E+03 0.05 1.8637E-09
2.5119E+03 0.05 1.2211E-09
2.8184E+03 0.05 7.9058E-10
3.1623E+03 0.05 5.4520E-10
3.5481E+03 0.05 3.7538E-10
3.9811E+03 0.05 2.4525E-10
4.4668E+03 0.05 1.6514E-10
5.0119E+03 0.05 1.1200E-10
5.6234E+03 0.05 7.3429E-11
6.3096E+03 0.05 4.7186E-11
7.0795E+03 0.05 3.1152E-11
7.9433E+03 0.05 2.0389E-11
8.9125E+03 0.05 1.3330E-11
1.0000E+04 0.05 8.8272E-12
1.0000E-01 -0.05 1.9764E+04
1.1220E-01 -0.05 1.6897E+04
1.2589E-01 -0.05 1.4236E+04
1.4125E-01 -0.05 1.1814E+04
1.5849E-01 -0.05 9.6610E+03
1.7783E-01 -0.05 7.7975E+03
1.9953E-01 -0.05 6.2292E+03
2.2387E-01 -0.05 4.9181E+03
2.5119E-01 -0.05 3.8309E+03
2.8184E-01 -0.05 2.9504E+03
3.1623E-01 -0.05 2.2507E+03
3.5481E-01 -0.05 1.7080E+03
3.9811E-01 -0.05 1.2913E+03
4.4668E-01 -0.05 9.7237E+02
5.0119E-01 -0.05 7.3362E+02
5.6234E-01 -0.05 5.5181E+02
6.3096E-01 -0.05 4.1232E+02
7.0795E-01 -0.05 3.0879E+02
7.9433E-01 -0.05 2.3150E+02
8.9125E-01 -0.05 1.7360E+02
1.0000E+00 -0.05 1.2970E+02
1.1220E+00 -0.05 9.6207E+01
1.2589E+00 -0.05 7.1530E+01
1.4125E+00 -0.05 5.3104E+01
1.5849E+00 -0.05 3.9414E+01
1.7783E+00 -0.05 2.9169E+01
1.9953E+00 -0.05 2.1567E+01
2.2387E+00 -0.05 1.5906E+01
2.5119E+00 -0.05 1.1709E+01
2.8184E+00 -0.05 8.6143E+00
3.1623E+00 -0.05 6.2427E+00
3.5481E+00 -0.05 4.5295E+00
3.9811E+00 -0.05 3.3217E+00
4.4668E+00 -0.05 2.4089E+00
5.0119E+00 -0.05 1.7305E+00
5.6234E+00 -0.05 1.2365E+00
6.3096E+00 -0.05 8.9069E-01
7.0795E+00 -0.05 6.3325E-01
7.9433E+00 -0.05 4.4920E-01
8.9125E+00 -0.05 3.2194E-01
1.0000E+01 -0.05 2.3042E-01
1.1220E+01 -0.05 1.6254E-01
1.2589E+01 -0.05 1.1440E-01
1.4125E+01 -0.05 8.0366E-02
1.5849E+01 -0.05 5.6680E-02
1.7783E+01 -0.05 4.0105E-02
1.9953E+01 -0.05 2.8175E-02
2.2387E+01 -0.05 1.9613E-02
2.5119E+01 -0.05 1.3628E-02
2.8184E+01 -0.05 9.4437E-03
3.1623E+01 -0.05 6.5294E-03
3.5481E+01 -0.05 4.4995E-03
3.9811E+01 -0.05 3.0934E-03
4.4668E+01 -0.05 2.1215E-03
5.0119E+01 -0.05 1.4474E-03
5.6234E+01 -0.05 9.8451E-04
6.3096E+01 -0.05 6.7074E-04
7.0795E+01 -0.05 4.5466E-04
7.9433E+01 -0.05 3.0641E-04
8.9125E+01 -0.05 2.0647E-04
1.0000E+02 -0.05 1.3869E-04
1.1220E+02 -0.05 9.3046E-05
1.2589E+02 -0.05 6.2146E-05
1.4125E+02 -0.05 4.1338E-05
1.5849E+02 -0.05 2.7522E-05
1.7783E+02 -0.05 1.8283E-05
1.9953E+02 -0.05 1.2115E-05
2.2387E+02 -0.05 7.9931E-06
2.5119E+02 -0.05 5.2501E-06
2.8184E+02 -0.05 3.4616E-06
3.1623E+02 -0.05 2.2797E-06
3.5481E+02 -0.05 1.4963E-06
3.9811E+02 -0.05 9.8432E-07
4.4668E+02 -0.05 6.4712E-07
5.0119E+02 -0.05 4.2338E-07
5.6234E+02 -0.05 2.8005E-07
6.3096E+02 -0.05 1.8315E-07
7.0795E+02 -0.05 1.1956E-07
7.9433E+02 -0.05 7.8569E-08
8.9125E+02 -0.05 5.1807E-08
1.0000E+03 -0.05 3.4092E-08
1.1220E+03 -0.05 2.2294E-08
1.2589E+03 -0.05 1.4589E-08
1.4125E+03 -0.05 9.6801E-09
1.5849E+03 -0.05 6.4435E-09
1.7783E+03 -0.05 4.2408E-09
1.9953E+03 -0.05 2.8088E-09
2.2387E+03 -0.05 1.8637E-09
2.5119E+03 -0.05 1.2211E-09
2.8184E+03 -0.05 7.9058E-10
3.1623E+03 -0.05 5.4520E-10
3.5481E+03 -0.05 3.7538E-10
3.9811E+03 -0.05 2.4525E-10
4.4668E+03 -0.05 1.6514E-10
5.0119E+03 -0.05 1.1200E-10
5.6234E+03 -0.05 7.3429E-11
6.3096E+03 -0.05 4.7186E-11
7.0795E+03 -0.05 3.1152E-11
7.9433E+03 -0.05 2.0389E-11
8.9125E+03 -0.05 1.3330E-11
1.0000E+04 -0.05 8.8272E-12
1.0000E-01 -0.15 1.0941E+04
1.1220E-01 -0.15 9.4665E+03
1.2589E-01 -0.15 8.0981E+03
1.4125E-01 -0.15 6.8352E+03
1.5849E-01 -0.15 5.7059E+03
1.7783E-01 -0.15 4.7149E+03
1.9953E-01 -0.15 3.8463E+03
2.2387E-01 -0.15 3.1124E+03
2.5119E-01 -0.15 2.4957E+03
2.8184E-01 -0.15 1.9785E+03
3.1623E-01 -0.15 1.5566E+03
3.5481E-01 -0.15 1.2182E+03
3.9811E-01 -0.15 9.4768E+02
4.4668E-01 -0.15 7.3391E+02
5.0119E-01 -0.15 5.6662E+02
5.6234E-01 -0.15 4.3545E+02
6.3096E-01 -0.15 3.3421E+02
7.0795E-01 -0.15 2.5611E+02
7.9433E-01 -0.15 1.9544E+02
8.9125E-01 -0.15 1.4886E+02
1.0000E+00 -0.15 1.1310E+02
1.1220E+00 -0.15 8.5211E+01
1.2589E+00 -0.15 6.3870E+01
1.4125E+00 -0.15 4.7943E+01
1.5849E+00 -0.15 3.5909E+01
1.7783E+00 -0.15 2.6775E+01
1.9953E+00 -0.15 1.9831E+01
2.2387E+00 -0.15 1.4628E+01
2.5119E+00 -0.15 1.0744E+01
2.8184E+00 -0.15 7.8391E+00
3.1623E+00 -0.15 5.7073E+00
3.5481E+00 -0.15 4.1263E+00
3.9811E+00 -0.15 2.9724E+00
4.4668E+00 -0.15 2.1358E+00
5.0119E+00 -0.15 1.5137E+00
5.6234E+00 -0.15 1.0685E+00
6.3096E+00 -0.15 7.5741E-01
7.0795E+00 -0.15 5.3486E-01
7.9433E+00 -0.15 3.7537E-01
8.9125E+00 -0.15 2.6205E-01
1.0000E+01 -0.15 1.8163E-01
1.1220E+01 -0.15 1.2560E-01
1.2589E+01 -0.15 8.7401E-02
1.4125E+01 -0.15 6.0604E-02
1.5849E+01 -0.15 4.1476E-02
1.7783E+01 -0.15 2.8597E-02
1.9953E+01 -0.15 1.9880E-02
2.2387E+01 -0.15 1.3624E-02
2.5119E+01 -0.15 9.2397E-03
2.8184E+01 -0.15 6.2787E-03
3.1623E+01 -0.15 4.2600E-03
3.5481E+01 -0.15 2.8873E-03
3.9811E+01 -0.15 1.9468E-03
4.4668E+01 -0.15 1.3101E-03
5.0119E+01 -0.15 8.7869E-04
5.6234E+01 -0.15 5.8822E-04
6.3096E+01 -0.15 3.9399E-04
7.0795E+01 -0.15 2.6348E-04
7.9433E+01 -0.15 1.7531E-04
8.9125E+01 -0.15 1.1641E-04
1.0000E+02 -0.15 7.7191E-05
1.1220E+02 -0.15 5.1188E-05
1.2589E+02 -0.15 3.3865E-05
1.4125E+02 -0.15 2.2429E-05
1.5849E+02 -0.15 1.4892E-05
1.7783E+02 -0.15 9.8701E-06
1.9953E+02 -0.15 6.5078E-06
2.2387E+02 -0.15 4.2878E-06
2.5119E+02 -0.15 2.8446E-06
2.8184E+02 -0.15 1.8965E-06
3.1623E+02 -0.15 1.2490E-06
3.5481E+02 -0.15 8.2248E-07
3.9811E+02 -0.15 5.4749E-07
4.4668E+02 -0.15 3.6204E-07
5.0119E+02 -0.15 2.3941E-07
5.6234E+02 -0.15 1.5844E-07
6.3096E+02 -0.15 1.0479E-07
7.0795E+02 -0.15 6.9999E-08
7.9433E+02 -0.15 4.6877E-08
8.9125E+02 -0.15 3.0941E-08
1.0000E+03 -0.15 2.0644E-08
1.1220E+03 -0.15 1.3895E-08
1.2589E+03 -0.15 9.3479E-09
1.4125E+03 -0.15 6.2556E-09
1.5849E+03 -0.15 4.1732E-09
1.7783E+03 -0.15 2.7928E-09
1.9953E+03 -0.15 1.8640E-09
2.2387E+03 -0.15 1.2341E-09
2.5119E+03 -0.15 8.3026E-10
2.8184E+03 -0.15 5.5506E-10
3.1623E+03 -0.15 3.6887E-10
3.5481E+03 -0.15 2.4615E-10
3.9811E+03 -0.15 1.6338E-10
4.4668E+03 -0.15 1.1096E-10
5.0119E+03 -0.15 7.6969E-11
5.6234E+03 -0.15 5.1938E-11
6.3096E+03 -0.15 3.2956E-11
7.0795E+03 -0.15 2.1586E-11
7.9433E+03 -0.15 1.4152E-11
8.9125E+03 -0.15 9.7387E-12
1.0000E+04 -0.15 6.4206E-12
1.0000E-01 -0.25 6.5906E+03
1.1220E-01 -0.25 5.7714E+03
1.2589E-01 -0.25 4.9926E+03
1.4125E-01 -0.25 4.2800E+03
1.5849E-01 -0.25 3.6352E+03
1.7783E-01 -0.25 3.0583E+03
1.9953E-01 -0.25 2.5481E+03
2.2387E-01 -0.25 2.1031E+03
2.5119E-01 -0.25 1.7240E+03
2.8184E-01 -0.25 1.3999E+03
3.1623E-01 -0.25 1.1270E+03
3.5481E-01 -0.25 9.0188E+02
3.9811E-01 -0.25 7.1753E+02
4.4668E-01 -0.25 5.6742E+02
5.0119E-01 -0.25 4.4619E+02
5.6234E-01 -0.25 3.4981E+02
6.3096E-01 -0.25 2.7360E+02
7.0795E-01 -0.25 2.1266E+02
7.9433E-01 -0.25 1.6437E+02
8.9125E-01 -0.25 1.2677E+02
1.0000E+00 -0.25 9.7175E+01
1.1220E+00 -0.25 7.4039E+01
1.2589E+00 -0.25 5.6079E+01
1.4125E+00 -0.25 4.2433E+01
1.5849E+00 -0.25 3.1836E+01
1.7783E+00 -0.25 2.3725E+01
1.9953E+00 -0.25 1.7566E+01
2.2387E+00 -0.25 1.2917E+01
2.5119E+00 -0.25 9.4591E+00
2.8184E+00 -0.25 6.8800E+00
3.1623E+00 -0.25 4.9649E+00
3.5481E+00 -0.25 3.5564E+00
3.9811E+00 -0.25 2.5242E+00
4.4668E+00 -0.25 1.7842E+00
5.0119E+00 -0.25 1.2650E+00
5.6234E+00 -0.25 8.8252E-01
6.3096E+00 -0.25 6.1304E-01
7.0795E+00 -0.25 4.2569E-01
7.9433E+00 -0.25 2.9458E-01
8.9125E+00 -0.25 2.0210E-01
1.0000E+01 -0.25 1.3870E-01
1.1220E+01 -0.25 9.5393E-02
1.2589E+01 -0.25 6.5420E-02
1.4125E+01 -0.25 4.4547E-02
1.5849E+01 -0.25 3.0206E-02
1.7783E+01 -0.25 2.0603E-02
1.9953E+01 -0.25 1.3909E-02
2.2387E+01 -0.25 9.3688E-03
2.5119E+01 -0.25 6.3322E-03
2.8184E+01 -0.25 4.2628E-03
3.1623E+01 -0.25 2.8631E-03
3.5481E+01 -0.25 1.9166E-03
3.9811E+01 -0.25 1.2815E-03
4.4668E+01 -0.25 8.5571E-04
5.0119E+01 -0.25 5.7000E-04
5.6234E+01 -0.25 3.7932E-04
6.3096E+01 -0.25 2.5200E-04
7.0795E+01 -0.25 1.6734E-04
7.9433E+01 -0.25 1.1084E-04
8.9125E+01 -0.25 7.3376E-05
1.0000E+02 -0.25 4.8579E-05
1.1220E+02 -0.25 3.2178E-05
1.2589E+02 -0.25 2.1354E-05
1.4125E+02 -0.25 1.4127E-05
1.5849E+02 -0.25 9.3511E-06
1.7783E+02 -0.25 6.1928E-06
1.9953E+02 -0.25 4.1207E-06
2.2387E+02 -0.25 2.7602E-06
2.5119E+02 -0.25 1.8463E-06
2.8184E+02 -0.25 1.2268E-06
3.1623E+02 -0.25 8.1035E-07
3.5481E+02 -0.25 5.4164E-07
3.9811E+02 -0.25 3.6383E-07
4.4668E+02 -0.25 2.4224E-07
5.0119E+02 -0.25 1.6099E-07
5.6234E+02 -0.25 1.0740E-07
6.3096E+02 -0.25 7.1989E-08
7.0795E+02 -0.25 4.8325E-08
7.9433E+02 -0.25 3.2679E-08
8.9125E+02 -0.25 2.2075E-08
1.0000E+03 -0.25 1.4767E-08
1.1220E+03 -0.25 9.9563E-09
1.2589E+03 -0.25 6.6757E-09
1.4125E+03 -0.25 4.4548E-09
1.5849E+03 -0.25 2.9906E-09
1.7783E+03 -0.25 2.0523E-09
1.9953E+03 -0.25 1.3605E-09
2.2387E+03 -0.25 8.8628E-10
2.5119E+03 -0.25 6.0214E-10
2.8184E+03 -0.25 3.9092E-10
3.1623E+03 -0.25 2.5756E-10
3.5481E+03 -0.25 1.7683E-10
3.9811E+03 -0.25 1.2002E-10
4.4668E+03 -0.25 8.0468E-11
5.0119E+03 -0.25 5.1641E-11
5.6234E+03 -0.25 3.3822E-11
6.3096E+03 -0.25 2.3460E-11
7.0795E+03 -0.25 1.4878E-11
7.9433E+03 -0.25 9.4728E-12
8.9125E+03 -0.25 6.7123E-12
1.0000E+04 -0.25 4.4660E-12
1.0000E-01 -0.35 4.5818E+03
1.1220E-01 -0.35 4.0499E+03
1.2589E-01 -0.35 3.5419E+03
1.4125E-01 -0.35 3.0703E+03
1.5849E-01 -0.35 2.6410E+03
1.7783E-01 -0.35 2.2477E+03
1.9953E-01 -0.35 1.8973E+03
2.2387E-01 -0.35 1.5902E+03
2.5119E-01 -0.35 1.3205E+03
2.8184E-01 -0.35 1.0869E+03
3.1623E-01 -0.35 8.8852E+02
3.5481E-01 -0.35 7.1988E+02
3.9811E-01 -0.35 5.7870E+02
4.4668E-01 -0.35 4.6236E+02
5.0119E-01 -0.35 3.6730E+02
5.6234E-01 -0.35 2.9005E+02
6.3096E-01 -0.35 2.2815E+02
7.0795E-01 -0.35 1.7877E+02
7.9433E-01 -0.35 1.3928E+02
8.9125E-01 -0.35 1.0781E+02
1.0000E+00 -0.35 8.3066E+01
1.1220E+00 -0.35 6.3596E+01
1.2589E+00 -0.35 4.8264E+01
1.4125E+00 -0.35 3.6549E+01
1.5849E+00 -0.35 2.7485E+01
1.7783E+00 -0.35 2.0488E+01
1.9953E+00 -0.35 1.5139E+01
2.2387E+00 -0.35 1.1088E+01
2.5119E+00 -0.35 8.0740E+00
2.8184E+00 -0.35 5.8598E+00
3.1623E+00 -0.35 4.2031E+00
3.5481E+00 -0.35 2.9874E+00
3.9811E+00 -0.35 2.1120E+00
4.4668E+00 -0.35 1.4850E+00
5.0119E+00 -0.35 1.0405E+00
5.6234E+00 -0.35 7.2359E-01
6.3096E+00 -0.35 5.0120E-01
7.0795E+00 -0.35 3.4447E-01
7.9433E+00 -0.35 2.3556E-01
8.9125E+00 -0.35 1.6078E-01
1.0000E+01 -0.35 1.0921E-01
1.1220E+01 -0.35 7.4357E-02
1.2589E+01 -0.35 5.0477E-02
1.4125E+01 -0.35 3.3917E-02
1.5849E+01 -0.35 2.2792E-02
1.7783E+01 -0.35 1.5388E-02
1.9953E+01 -0.35 1.0331E-02
2.2387E+01 -0.35 6.9263E-03
2.5119E+01 -0.35 4.6751E-03
2.8184E+01 -0.35 3.1295E-03
3.1623E+01 -0.35 2.0855E-03
3.5481E+01 -0.35 1.3906E-03
3.9811E+01 -0.35 9.2573E-04
4.4668E+01 -0.35 6.1693E-04
5.0119E+01 -0.35 4.1062E-04
5.6234E+01 -0.35 2.7187E-04
6.3096E+01 -0.35 1.7987E-04
7.0795E+01 -0.35 1.1936E-04
7.9433E+01 -0.35 7.9203E-05
8.9125E+01 -0.35 5.2770E-05
1.0000E+02 -0.35 3.5037E-05
1.1220E+02 -0.35 2.3152E-05
1.2589E+02 -0.35 1.5424E-05
1.4125E+02 -0.35 1.0271E-05
1.5849E+02 -0.35 6.8352E-06
1.7783E+02 -0.35 4.5551E-06
1.9953E+02 -0.35 3.0420E-06
2.2387E+02 -0.35 2.0331E-06
2.5119E+02 -0.35 1.3610E-06
2.8184E+02 -0.35 9.1062E-07
3.1623E+02 -0.35 6.1075E-07
3.5481E+02 -0.35 4.0890E-07
3.9811E+02 -0.35 2.7461E-07
4.4668E+02 -0.35 1.8537E-07
5.0119E+02 -0.35 1.2452E-07
5.6234E+02 -0.35 8.3256E-08
6.3096E+02 -0.35 5.5820E-08
7.0795E+02 -0.35 3.7518E-08
7.9433E+02 -0.35 2.5365E-08
8.9125E+02 -0.35 1.7343E-08
1.0000E+03 -0.35 1.1657E-08
1.1220E+03 -0.35 7.7267E-09
1.2589E+03 -0.35 5.1560E-09
1.4125E+03 -0.35 3.4858E-09
1.5849E+03 -0.35 2.3539E-09
1.7783E+03 -0.35 1.5493E-09
1.9953E+03 -0.35 1.0403E-09
2.2387E+03 -0.35 6.9630E-10
2.5119E+03 -0.35 4.5855E-10
2.8184E+03 -0.35 3.1375E-10
3.1623E+03 -0.35 2.0657E-10
3.5481E+03 -0.35 1.3296E-10
3.9811E+03 -0.35 8.8327E-11
4.4668E+03 -0.35 5.9721E-11
5.0119E+03 -0.35 3.8908E-11
5.6234E+03 -0.35 2.5840E-11
6.3096E+03 -0.35 1.6278E-11
7.0795E+03 -0.35 1.1034E-11
7.9433E+03 -0.35 7.7793E-12
8.9125E+03 -0.35 4.8747E-12
1.0000E+04 -0.35 3.2429E-12
1.0000E-01 -0.45 3.5667E+03
1.1220E-01 -0.45 3.1743E+03
1.2589E-01 -0.45 2.8015E+03
1.4125E-01 -0.45 2.4499E+03
1.5849E-01 -0.45 2.1266E+03
1.7783E-01 -0.45 1.8311E+03
1.9953E-01 -0.45 1.5616E+03
2.2387E-01 -0.45 1.3218E+03
2.5119E-01 -0.45 1.1083E+03
2.8184E-01 -0.45 9.1900E+02
3.1623E-01 -0.45 7.5590E+02
3.5481E-01 -0.45 6.1664E+02
3.9811E-01 -0.45 4.9863E+02
4.4668E-01 -0.45 4.0035E+02
5.0119E-01 -0.45 3.1925E+02
5.6234E-01 -0.45 2.5340E+02
6.3096E-01 -0.45 1.9976E+02
7.0795E-01 -0.45 1.5662E+02
7.9433E-01 -0.45 1.2194E+02
8.9125E-01 -0.45 9.4523E+01
1.0000E+00 -0.45 7.2985E+01
1.1220E+00 -0.45 5.5758E+01
1.2589E+00 -0.45 4.2337E+01
1.4125E+00 -0.45 3.1998E+01
1.5849E+00 -0.45 2.3964E+01
1.7783E+00 -0.45 1.7826E+01
1.9953E+00 -0.45 1.3139E+01
2.2387E+00 -0.45 9.6191E+00
2.5119E+00 -0.45 6.9938E+00
2.8184E+00 -0.45 5.0296E+00
3.1623E+00 -0.45 3.6048E+00
3.5481E+00 -0.45 2.5634E+00
3.9811E+00 -0.45 1.8042E+00
4.4668E+00 -0.45 1.2604E+00
5.0119E+00 -0.45 8.7827E-01
5.6234E+00 -0.45 6.0932E-01
6.3096E+00 -0.45 4.1788E-01
7.0795E+00 -0.45 2.8548E-01
7.9433E+00 -0.45 1.9402E-01
8.9125E+00 -0.45 1.3155E-01
1.0000E+01 -0.45 8.8799E-02
1.1220E+01 -0.45 6.0040E-02
1.2589E+01 -0.45 4.0540E-02
1.4125E+01 -0.45 2.7169E-02
1.5849E+01 -0.45 1.8170E-02
1.7783E+01 -0.45 1.2204E-02
1.9953E+01 -0.45 8.2141E-03
2.2387E+01 -0.45 5.4983E-03
2.5119E+01 -0.45 3.6586E-03
2.8184E+01 -0.45 2.4393E-03
3.1623E+01 -0.45 1.6187E-03
3.5481E+01 -0.45 1.0735E-03
3.9811E+01 -0.45 7.1464E-04
4.4668E+01 -0.45 4.7547E-04
5.0119E+01 -0.45 3.1570E-04
5.6234E+01 -0.45 2.0981E-04
6.3096E+01 -0.45 1.3925E-04
7.0795E+01 -0.45 9.2435E-05
7.9433E+01 -0.45 6.1621E-05
8.9125E+01 -0.45 4.0995E-05
1.0000E+02 -0.45 2.7352E-05
1.1220E+02 -0.45 1.8211E-05
1.2589E+02 -0.45 1.2106E-05
1.4125E+02 -0.45 8.0856E-06
1.5849E+02 -0.45 5.4133E-06
1.7783E+02 -0.45 3.6346E-06
1.9953E+02 -0.45 2.4486E-06
2.2387E+02 -0.45 1.6519E-06
2.5119E+02 -0.45 1.1049E-06
2.8184E+02 -0.45 7.3244E-07
3.1623E+02 -0.45 4.9352E-07
3.5481E+02 -0.45 3.3619E-07
3.9811E+02 -0.45 2.2769E-07
4.4668E+02 -0.45 1.5299E-07
5.0119E+02 -0.45 1.0331E-07
5.6234E+02 -0.45 6.9843E-08
6.3096E+02 -0.45 4.6675E-08
7.0795E+02 -0.45 3.1460E-08
7.9433E+02 -0.45 2.1212E-08
8.9125E+02 -0.45 1.4229E-08
1.0000E+03 -0.45 9.6266E-09
1.1220E+03 -0.45 6.4777E-09
1.2589E+03 -0.45 4.3263E-09
1.4125E+03 -0.45 2.8805E-09
1.5849E+03 -0.45 1.9395E-09
1.7783E+03 -0.45 1.3048E-09
1.9953E+03 -0.45 8.6349E-10
2.2387E+03 -0.45 5.6087E-10
2.5119E+03 -0.45 3.7714E-10
2.8184E+03 -0.45 2.5338E-10
3.1623E+03 -0.45 1.6588E-10
3.5481E+03 -0.45 1.0793E-10
3.9811E+03 -0.45 7.2139E-11
4.4668E+03 -0.45 4.7617E-11
5.0119E+03 -0.45 3.2207E-11
5.6234E+03 -0.45 2.2602E-11
6.3096E+03 -0.45 1.4458E-11
7.0795E+03 -0.45 9.4416E-12
7.9433E+03 -0.45 6.2301E-12
8.9125E+03 -0.45 4.2903E-12
1.0000E+04 -0.45 2.8110E-12
1.0000E-01 -0.55 2.9259E+03
1.1220E-01 -0.55 2.6231E+03
1.2589E-01 -0.55 2.3301E+03
1.4125E-01 -0.55 2.0562E+03
1.5849E-01 -0.55 1.7998E+03
1.7783E-01 -0.55 1.5599E+03
1.9953E-01 -0.55 1.3398E+03
2.2387E-01 -0.55 1.1421E+03
2.5119E-01 -0.55 9.6407E+02
2.8184E-01 -0.55 8.0506E+02
3.1623E-01 -0.55 6.6605E+02
3.5481E-01 -0.55 5.4651E+02
3.9811E-01 -0.55 4.4423E+02
4.4668E-01 -0.55 3.5825E+02
5.0119E-01 -0.55 2.8701E+02
5.6234E-01 -0.55 2.2797E+02
6.3096E-01 -0.55 1.8004E+02
7.0795E-01 -0.55 1.4137E+02
7.9433E-01 -0.55 1.1023E+02
8.9125E-01 -0.55 8.5513E+01
1.0000E+00 -0.55 6.5697E+01
1.1220E+00 -0.55 5.0204E+01
1.2589E+00 -0.55 3.8151E+01
1.4125E+00 -0.55 2.8738E+01
1.5849E+00 -0.55 2.1451E+01
1.7783E+00 -0.55 1.5909E+01
1.9953E+00 -0.55 1.1713E+01
2.2387E+00 -0.55 8.5548E+00
2.5119E+00 -0.55 6.1912E+00
2.8184E+00 -0.55 4.4342E+00
3.1623E+00 -0.55 3.1564E+00
3.5481E+00 -0.55 2.2350E+00
3.9811E+00 -0.55 1.5646E+00
4.4668E+00 -0.55 1.0887E+00
5.0119E+00 -0.55 7.5377E-01
5.6234E+00 -0.55 5.1839E-01
6.3096E+00 -0.55 3.5617E-01
7.0795E+00 -0.55 2.4182E-01
7.9433E+00 -0.55 1.6330E-01
8.9125E+00 -0.55 1.1020E-01
1.0000E+01 -0.55 7.4161E-02
1.1220E+01 -0.55 4.9751E-02
1.2589E+01 -0.55 3.3363E-02
1.4125E+01 -0.55 2.2375E-02
1.5849E+01 -0.55 1.4974E-02
1.7783E+01 -0.55 9.9563E-03
1.9953E+01 -0.55 6.6057E-03
2.2387E+01 -0.55 4.3822E-03
2.5119E+01 -0.55 2.9703E-03
2.8184E+01 -0.55 1.9780E-03
3.1623E+01 -0.55 1.3141E-03
3.5481E+01 -0.55 8.7411E-04
3.9811E+01 -0.55 5.8159E-04
4.4668E+01 -0.55 3.8613E-04
5.0119E+01 -0.55 2.5654E-04
5.6234E+01 -0.55 1.7064E-04
6.3096E+01 -0.55 1.1311E-04
7.0795E+01 -0.55 7.5277E-05
7.9433E+01 -0.55 5.0049E-05
8.9125E+01 -0.55 3.3666E-05
1.0000E+02 -0.55 2.2644E-05
1.1220E+02 -0.55 1.5113E-05
1.2589E+02 -0.55 1.0140E-05
1.4125E+02 -0.55 6.8099E-06
1.5849E+02 -0.55 4.5516E-06
1.7783E+02 -0.55 3.0545E-06
1.9953E+02 -0.55 2.0705E-06
2.2387E+02 -0.55 1.3931E-06
2.5119E+02 -0.55 9.3802E-07
2.8184E+02 -0.55 6.2979E-07
3.1623E+02 -0.55 4.2560E-07
3.5481E+02 -0.55 2.8955E-07
3.9811E+02 -0.55 1.9444E-07
4.4668E+02 -0.55 1.3104E-07
5.0119E+02 -0.55 8.9107E-08
5.6234E+02 -0.55 6.0328E-08
6.3096E+02 -0.55 4.0737E-08
7.0795E+02 -0.55 2.7341E-08
7.9433E+02 -0.55 1.8221E-08
8.9125E+02 -0.55 1.2138E-08
1.0000E+03 -0.55 8.1761E-09
1.1220E+03 -0.55 5.5314E-09
1.2589E+03 -0.55 3.6739E-09
1.4125E+03 -0.55 2.4297E-09
1.5849E+03 -0.55 1.6337E-09
1.7783E+03 -0.55 1.0994E-09
1.9953E+03 -0.55 7.5049E-10
2.2387E+03 -0.55 5.0755E-10
2.5119E+03 -0.55 3.2018E-10
2.8184E+03 -0.55 2.0425E-10
3.1623E+03 -0.55 1.3814E-10
3.5481E+03 -0.55 9.2859E-11
3.9811E+03 -0.55 6.2341E-11
4.4668E+03 -0.55 4.1980E-11
5.0119E+03 -0.55 2.7677E-11
5.6234E+03 -0.55 1.8063E-11
6.3096E+03 -0.55 1.1556E-11
7.0795E+03 -0.55 7.8307E-12
7.9433E+03 -0.55 5.0780E-12
8.9125E+03 -0.55 3.2092E-12
1.0000E+04 -0.55 2.1705E-12
1.0000E-01 -0.65 2.4103E+03
1.1220E-01 -0.65 2.1806E+03
1.2589E-01 -0.65 1.9540E+03
1.4125E-01 -0.65 1.7365E+03
1.5849E-01 -0.65 1.5314E+03
1.7783E-01 -0.65 1.3401E+03
1.9953E-01 -0.65 1.1629E+03
2.2387E-01 -0.65 9.9849E+02
2.5119E-01 -0.65 8.4952E+02
2.8184E-01 -0.65 7.1592E+02
3.1623E-01 -0.65 5.9713E+02
3.5481E-01 -0.65 4.9385E+02
3.9811E-01 -0.65 4.0392E+02
4.4668E-01 -0.65 3.2732E+02
5.0119E-01 -0.65 2.6364E+02
5.6234E-01 -0.65 2.1056E+02
6.3096E-01 -0.65 1.6668E+02
7.0795E-01 -0.65 1.3107E+02
7.9433E-01 -0.65 1.0244E+02
8.9125E-01 -0.65 7.9392E+01
1.0000E+00 -0.65 6.1038E+01
1.1220E+00 -0.65 4.6647E+01
1.2589E+00 -0.65 3.5403E+01
1.4125E+00 -0.65 2.6618E+01
1.5849E+00 -0.65 1.9821E+01
1.7783E+00 -0.65 1.4636E+01
1.9953E+00 -0.65 1.0706E+01
2.2387E+00 -0.65 7.7719E+00
2.5119E+00 -0.65 5.6003E+00
2.8184E+00 -0.65 4.0010E+00
3.1623E+00 -0.65 2.8315E+00
3.5481E+00 -0.65 1.9894E+00
3.9811E+00 -0.65 1.3860E+00
4.4668E+00 -0.65 9.5817E-01
5.0119E+00 -0.65 6.6023E-01
5.6234E+00 -0.65 4.5195E-01
6.3096E+00 -0.65 3.0923E-01
7.0795E+00 -0.65 2.0915E-01
7.9433E+00 -0.65 1.4079E-01
8.9125E+00 -0.65 9.4436E-02
1.0000E+01 -0.65 6.3311E-02
1.1220E+01 -0.65 4.2309E-02
1.2589E+01 -0.65 2.8324E-02
1.4125E+01 -0.65 1.8948E-02
1.5849E+01 -0.65 1.2632E-02
1.7783E+01 -0.65 8.3905E-03
1.9953E+01 -0.65 5.5769E-03
2.2387E+01 -0.65 3.7165E-03
2.5119E+01 -0.65 2.4979E-03
2.8184E+01 -0.65 1.6567E-03
3.1623E+01 -0.65 1.1025E-03
3.5481E+01 -0.65 7.3653E-04
3.9811E+01 -0.65 4.8865E-04
4.4668E+01 -0.65 3.2558E-04
5.0119E+01 -0.65 2.1738E-04
5.6234E+01 -0.65 1.4467E-04
6.3096E+01 -0.65 9.6059E-05
7.0795E+01 -0.65 6.4046E-05
7.9433E+01 -0.65 4.3047E-05
8.9125E+01 -0.65 2.8766E-05
1.0000E+02 -0.65 1.9284E-05
1.1220E+02 -0.65 1.3014E-05
1.2589E+02 -0.65 8.7597E-06
1.4125E+02 -0.65 5.9063E-06
1.5849E+02 -0.65 3.9666E-06
1.7783E+02 -0.65 2.6710E-06
1.9953E+02 -0.65 1.8222E-06
2.2387E+02 -0.65 1.2284E-06
2.5119E+02 -0.65 8.2193E-07
2.8184E+02 -0.65 5.5791E-07
3.1623E+02 -0.65 3.7758E-07
3.5481E+02 -0.65 2.5426E-07
3.9811E+02 -0.65 1.7191E-07
4.4668E+02 -0.65 1.1564E-07
5.0119E+02 -0.65 7.7927E-08
5.6234E+02 -0.65 5.3087E-08
6.3096E+02 -0.65 3.5632E-08
7.0795E+02 -0.65 2.3830E-08
7.9433E+02 -0.65 1.6063E-08
8.9125E+02 -0.65 1.0919E-08
1.0000E+03 -0.65 7.2955E-09
1.1220E+03 -0.65 4.8404E-09
1.2589E+03 -0.65 3.2508E-09
1.4125E+03 -0.65 2.1623E-09
1.5849E+03 -0.65 1.4326E-09
1.7783E+03 -0.65 9.3970E-10
1.9953E+03 -0.65 6.2280E-10
2.2387E+03 -0.65 4.2043E-10
2.5119E+03 -0.65 2.8056E-10
2.8184E+03 -0.65 1.8568E-10
3.1623E+03 -0.65 1.2206E-10
3.5481E+03 -0.65 7.8879E-11
3.9811E+03 -0.65 5.1784E-11
4.4668E+03 -0.65 3.4759E-11
5.0119E+03 -0.65 2.3262E-11
5.6234E+03 -0.65 1.5771E-11
6.3096E+03 -0.65 1.0405E-11
7.0795E+03 -0.65 6.4056E-12
7.9433E+03 -0.65 4.1329E-12
8.9125E+03 -0.65 2.6752E-12
1.0000E+04 -0.65 1.7898E-12
1.0000E-01 -0.75 2.2715E+03
1.1220E-01 -0.75 2.0637E+03
1.2589E-01 -0.75 1.8604E+03
1.4125E-01 -0.75 1.6608E+03
1.5849E-01 -0.75 1.4700E+03
1.7783E-01 -0.75 1.2912E+03
1.9953E-01 -0.75 1.1238E+03
2.2387E-01 -0.75 9.6878E+02
2.5119E-01 -0.75 8.2703E+02
2.8184E-01 -0.75 6.9879E+02
3.1623E-01 -0.75 5.8393E+02
3.5481E-01 -0.75 4.8294E+02
3.9811E-01 -0.75 3.9528E+02
4.4668E-01 -0.75 3.2037E+02
5.0119E-01 -0.75 2.5737E+02
5.6234E-01 -0.75 2.0473E+02
6.3096E-01 -0.75 1.6176E+02
7.0795E-01 -0.75 1.2704E+02
7.9433E-01 -0.75 9.8745E+01
8.9125E-01 -0.75 7.6147E+01
1.0000E+00 -0.75 5.8339E+01
1.1220E+00 -0.75 4.4315E+01
1.2589E+00 -0.75 3.3451E+01
1.4125E+00 -0.75 2.4989E+01
1.5849E+00 -0.75 1.8506E+01
1.7783E+00 -0.75 1.3586E+01
1.9953E+00 -0.75 9.8829E+00
2.2387E+00 -0.75 7.1347E+00
2.5119E+00 -0.75 5.1109E+00
2.8184E+00 -0.75 3.6258E+00
3.1623E+00 -0.75 2.5539E+00
3.5481E+00 -0.75 1.7855E+00
3.9811E+00 -0.75 1.2422E+00
4.4668E+00 -0.75 8.5789E-01
5.0119E+00 -0.75 5.8421E-01
5.6234E+00 -0.75 3.9777E-01
6.3096E+00 -0.75 2.7203E-01
7.0795E+00 -0.75 1.8280E-01
7.9433E+00 -0.75 1.2267E-01
8.9125E+00 -0.75 8.2374E-02
1.0000E+01 -0.75 5.5058E-02
1.1220E+01 -0.75 3.6677E-02
1.2589E+01 -0.75 2.4479E-02
1.4125E+01 -0.75 1.6357E-02
1.5849E+01 -0.75 1.0889E-02
1.7783E+01 -0.75 7.2489E-03
1.9953E+01 -0.75 4.8604E-03
2.2387E+01 -0.75 3.2552E-03
2.5119E+01 -0.75 2.1626E-03
2.8184E+01 -0.75 1.4332E-03
3.1623E+01 -0.75 9.5115E-04
3.5481E+01 -0.75 6.3330E-04
3.9811E+01 -0.75 4.2171E-04
4.4668E+01 -0.75 2.8191E-04
5.0119E+01 -0.75 1.8733E-04
5.6234E+01 -0.75 1.2482E-04
6.3096E+01 -0.75 8.4035E-05
7.0795E+01 -0.75 5.6424E-05
7.9433E+01 -0.75 3.7531E-05
8.9125E+01 -0.75 2.5189E-05
1.0000E+02 -0.75 1.7068E-05
1.1220E+02 -0.75 1.1529E-05
1.2589E+02 -0.75 7.7852E-06
1.4125E+02 -0.75 5.2393E-06
1.5849E+02 -0.75 3.5343E-06
1.7783E+02 -0.75 2.3804E-06
1.9953E+02 -0.75 1.6014E-06
2.2387E+02 -0.75 1.0920E-06
2.5119E+02 -0.75 7.5339E-07
2.8184E+02 -0.75 5.1712E-07
3.1623E+02 -0.75 3.4501E-07
3.5481E+02 -0.75 2.2915E-07
3.9811E+02 -0.75 1.5399E-07
4.4668E+02 -0.75 1.0402E-07
5.0119E+02 -0.75 7.0276E-08
5.6234E+02 -0.75 4.7457E-08
6.3096E+02 -0.75 3.2344E-08
7.0795E+02 -0.75 2.1725E-08
7.9433E+02 -0.75 1.4257E-08
8.9125E+02 -0.75 9.5650E-09
1.0000E+03 -0.75 6.4897E-09
1.1220E+03 -0.75 4.3532E-09
1.2589E+03 -0.75 2.8989E-09
1.4125E+03 -0.75 1.9002E-09
1.5849E+03 -0.75 1.2524E-09
1.7783E+03 -0.75 8.4823E-10
1.9953E+03 -0.75 5.6466E-10
2.2387E+03 -0.75 3.7310E-10
2.5119E+03 -0.75 2.4647E-10
2.8184E+03 -0.75 1.6234E-10
3.1623E+03 -0.75 1.0807E-10
3.5481E+03 -0.75 7.0872E-11
3.9811E+03 -0.75 4.6302E-11
4.4668E+03 -0.75 3.0101E-11
5.0119E+03 -0.75 1.9343E-11
5.6234E+03 -0.75 1.3071E-11
6.3096E+03 -0.75 8.7704E-12
7.0795E+03 -0.75 5.4980E-12
7.9433E+03 -0.75 3.4271E-12
8.9125E+03 -0.75 2.3484E-12
1.0000E+04 -0.75 1.5882E-12
1.0000E-01 -0.85 2.7055E+03
1.1220E-01 -0.85 2.4512E+03
1.2589E-01 -0.85 2.1991E+03
1.4125E-01 -0.85 1.9572E+03
1.5849E-01 -0.85 1.7247E+03
1.7783E-01 -0.85 1.5053E+03
1.9953E-01 -0.85 1.3014E+03
2.2387E-01 -0.85 1.1115E+03
2.5119E-01 -0.85 9.3896E+02
2.8184E-01 -0.85 7.8445E+02
3.1623E-01 -0.85 6.4610E+02
3.5481E-01 -0.85 5.2597E+02
3.9811E-01 -0.85 4.2389E+02
4.4668E-01 -0.85 3.3813E+02
5.0119E-01 -0.85 2.6718E+02
5.6234E-01 -0.85 2.0939E+02
6.3096E-01 -0.85 1.6266E+02
7.0795E-01 -0.85 1.2563E+02
7.9433E-01 -0.85 9.6400E+01
8.9125E-01 -0.85 7.3291E+01
1.0000E+00 -0.85 5.5459E+01
1.1220E+00 -0.85 4.1723E+01
1.2589E+00 -0.85 3.1197E+01
1.4125E+00 -0.85 2.3127E+01
1.5849E+00 -0.85 1.7042E+01
1.7783E+00 -0.85 1.2439E+01
1.9953E+00 -0.85 8.9936E+00
2.2387E+00 -0.85 6.4579E+00
2.5119E+00 -0.85 4.6067E+00
2.8184E+00 -0.85 3.2565E+00
3.1623E+00 -0.85 2.2901E+00
3.5481E+00 -0.85 1.5985E+00
3.9811E+00 -0.85 1.1065E+00
4.4668E+00 -0.85 7.6248E-01
5.0119E+00 -0.85 5.2057E-01
5.6234E+00 -0.85 3.5429E-01
6.3096E+00 -0.85 2.4145E-01
7.0795E+00 -0.85 1.6214E-01
7.9433E+00 -0.85 1.0848E-01
8.9125E+00 -0.85 7.2442E-02
1.0000E+01 -0.85 4.8293E-02
1.1220E+01 -0.85 3.2252E-02
1.2589E+01 -0.85 2.1496E-02
1.4125E+01 -0.85 1.4243E-02
1.5849E+01 -0.85 9.4373E-03
1.7783E+01 -0.85 6.2979E-03
1.9953E+01 -0.85 4.2280E-03
2.2387E+01 -0.85 2.8181E-03
2.5119E+01 -0.85 1.8855E-03
2.8184E+01 -0.85 1.2565E-03
3.1623E+01 -0.85 8.3627E-04
3.5481E+01 -0.85 5.5732E-04
3.9811E+01 -0.85 3.7202E-04
4.4668E+01 -0.85 2.4822E-04
5.0119E+01 -0.85 1.6655E-04
5.6234E+01 -0.85 1.1132E-04
6.3096E+01 -0.85 7.4373E-05
7.0795E+01 -0.85 4.9852E-05
7.9433E+01 -0.85 3.3888E-05
8.9125E+01 -0.85 2.3031E-05
1.0000E+02 -0.85 1.5397E-05
1.1220E+02 -0.85 1.0366E-05
1.2589E+02 -0.85 7.0228E-06
1.4125E+02 -0.85 4.7535E-06
1.5849E+02 -0.85 3.2080E-06
1.7783E+02 -0.85 2.1622E-06
1.9953E+02 -0.85 1.4677E-06
2.2387E+02 -0.85 9.9549E-07
2.5119E+02 -0.85 6.7353E-07
2.8184E+02 -0.85 4.5561E-07
3.1623E+02 -0.85 3.0836E-07
3.5481E+02 -0.85 2.0856E-07
3.9811E+02 -0.85 1.4062E-07
4.4668E+02 -0.85 9.4903E-08
5.0119E+02 -0.85 6.3992E-08
5.6234E+02 -0.85 4.3488E-08
6.3096E+02 -0.85 2.9123E-08
7.0795E+02 -0.85 1.9382E-08
7.9433E+02 -0.85 1.3063E-08
8.9125E+02 -0.85 8.7680E-09
1.0000E+03 -0.85 5.8548E-09
1.1220E+03 -0.85 3.9101E-09
1.2589E+03 -0.85 2.5776E-09
1.4125E+03 -0.85 1.7322E-09
1.5849E+03 -0.85 1.1742E-09
1.7783E+03 -0.85 7.6736E-10
1.9953E+03 -0.85 4.9982E-10
2.2387E+03 -0.85 3.2627E-10
2.5119E+03 -0.85 2.1546E-10
2.8184E+03 -0.85 1.4398E-10
3.1623E+03 -0.85 9.7182E-11
3.5481E+03 -0.85 6.2812E-11
3.9811E+03 -0.85 4.1853E-11
4.4668E+03 -0.85 2.8017E-11
5.0119E+03 -0.85 1.8218E-11
5.6234E+03 -0.85 1.2125E-11
6.3096E+03 -0.85 7.7309E-12
7.0795E+03 -0.85 5.0296E-12
7.9433E+03 -0.85 3.3722E-12
8.9125E+03 -0.85 2.1914E-12
1.0000E+04 -0.85 1.4246E-12
1.0000E-01 -0.95 3.4986E+03
1.1220E-01 -0.95 3.1647E+03
1.2589E-01 -0.95 2.8333E+03
1.4125E-01 -0.95 2.5123E+03
1.5849E-01 -0.95 2.2079E+03
1.7783E-01 -0.95 1.9200E+03
1.9953E-01 -0.95 1.6506E+03
2.2387E-01 -0.95 1.4028E+03
2.5119E-01 -0.95 1.1771E+03
2.8184E-01 -0.95 9.7401E+02
3.1623E-01 -0.95 7.9424E+02
3.5481E-01 -0.95 6.3872E+02
3.9811E-01 -0.95 5.0805E+02
4.4668E-01 -0.95 3.9952E+02
5.0119E-01 -0.95 3.1079E+02
5.6234E-01 -0.95 2.4017E+02
6.3096E-01 -0.95 1.8420E+02
7.0795E-01 -0.95 1.4013E+02
7.9433E-01 -0.95 1.0589E+02
8.9125E-01 -0.95 7.9499E+01
1.0000E+00 -0.95 5.9286E+01
1.1220E+00 -0.95 4.3922E+01
1.2589E+00 -0.95 3.2293E+01
1.4125E+00 -0.95 2.3627E+01
1.5849E+00 -0.95 1.7138E+01
1.7783E+00 -0.95 1.2322E+01
1.9953E+00 -0.95 8.8081E+00
2.2387E+00 -0.95 6.2575E+00
2.5119E+00 -0.95 4.4128E+00
2.8184E+00 -0.95 3.0917E+00
3.1623E+00 -0.95 2.1533E+00
3.5481E+00 -0.95 1.4912E+00
3.9811E+00 -0.95 1.0229E+00
4.4668E+00 -0.95 6.9692E-01
5.0119E+00 -0.95 4.7361E-01
5.6234E+00 -0.95 3.1993E-01
6.3096E+00 -0.95 2.1720E-01
7.0795E+00 -0.95 1.4537E-01
7.9433E+00 -0.95 9.7195E-02
8.9125E+00 -0.95 6.4843E-02
1.0000E+01 -0.95 4.3065E-02
1.1220E+01 -0.95 2.8606E-02
1.2589E+01 -0.95 1.8944E-02
1.4125E+01 -0.95 1.2626E-02
1.5849E+01 -0.95 8.4355E-03
1.7783E+01 -0.95 5.5885E-03
1.9953E+01 -0.95 3.7588E-03
2.2387E+01 -0.95 2.5086E-03
2.5119E+01 -0.95 1.6722E-03
2.8184E+01 -0.95 1.1156E-03
3.1623E+01 -0.95 7.4557E-04
3.5481E+01 -0.95 4.9822E-04
3.9811E+01 -0.95 3.3317E-04
4.4668E+01 -0.95 2.2351E-04
5.0119E+01 -0.95 1.4974E-04
5.6234E+01 -0.95 1.0092E-04
6.3096E+01 -0.95 6.8277E-05
7.0795E+01 -0.95 4.5893E-05
7.9433E+01 -0.95 3.0646E-05
8.9125E+01 -0.95 2.0615E-05
1.0000E+02 -0.95 1.4040E-05
1.1220E+02 -0.95 9.5558E-06
1.2589E+02 -0.95 6.4432E-06
1.4125E+02 -0.95 4.3649E-06
1.5849E+02 -0.95 2.9791E-06
1.7783E+02 -0.95 2.0023E-06
1.9953E+02 -0.95 1.3469E-06
2.2387E+02 -0.95 9.1743E-07
2.5119E+02 -0.95 6.1700E-07
2.8184E+02 -0.95 4.1640E-07
3.1623E+02 -0.95 2.8397E-07
3.5481E+02 -0.95 1.9356E-07
3.9811E+02 -0.95 1.3070E-07
4.4668E+02 -0.95 8.8142E-08
5.0119E+02 -0.95 5.9240E-08
5.6234E+02 -0.95 3.9713E-08
6.3096E+02 -0.95 2.6869E-08
7.0795E+02 -0.95 1.8030E-08
7.9433E+02 -0.95 1.1932E-08
8.9125E+02 -0.95 7.9342E-09
1.0000E+03 -0.95 5.3491E-09
1.1220E+03 -0.95 3.5832E-09
1.2589E+03 -0.95 2.3628E-09
1.4125E+03 -0.95 1.5565E-09
1.5849E+03 -0.95 1.0442E-09
1.7783E+03 -0.95 6.8318E-10
1.9953E+03 -0.95 4.4946E-10
2.2387E+03 -0.95 3.0417E-10
2.5119E+03 -0.95 1.9770E-10
2.8184E+03 -0.95 1.3208E-10
3.1623E+03 -0.95 8.8358E-11
3.5481E+03 -0.95 5.6501E-11
3.9811E+03 -0.95 3.7473E-11
4.4668E+03 -0.95 2.4844E-11
5.0119E+03 -0.95 1.6610E-11
5.6234E+03 -0.95 1.1061E-11
6.3096E+03 -0.95 6.9969E-12
7.0795E+03 -0.95 4.5665E-12
7.9433E+03 -0.95 3.0843E-12
8.9125E+03 -0.95 1.9951E-12
1.0000E+04 -0.95 1.2809E-12
