2.08
2.16
2.24
2.32
2.4
2.48
2.56
2.64
2.72
2.8
2.88
2.96
3.04
3.12
3.2
3.28
3.36
3.44
3.52
3.6
3.68
3.76
3.84
3.92
4
4.08
4.16
4.24
4.32
4.4
4.48
4.56
4.64
4.72
4.8
4.88
4.96
5.04
5.12
5.2
5.28
5.36
5.44
5.52
5.6
5.68
5.76
5.84
5.92
6
6.08
6.16
6.24
6.32
6.4
6.48
6.56
6.64
6.72
6.8
6.88
6.96
7.04
7.12
7.2
7.28
7.36
7.44
7.52
7.6
7.68
7.76
7.84
7.92
8
8.08
8.16
8.24
8.32
8.4
8.48
8.56
8.64
8.72
8.8
8.88
8.96
9.04
9.12
9.2
9.28
9.36
9.44
9.52
9.6
9.68
9.76
9.84
9.92
10
0.919582
0.929117
0.938757
0.948486
0.958288
0.96815
0.978054
0.987983
0.997918
1.00783
1.01771
1.02751
1.0372
1.04674
1.05609
1.06518
1.07397
1.08237
1.09031
1.0977
1.10444
1.11041
1.11548
1.11952
1.12236
1.12384
1.12377
1.12195
1.11818
1.11222
1.10385
1.09283
1.07894
1.06196
1.04168
1.01792
0.990561
0.95951
0.924757
0.886371
0.844518
0.79947
0.75162
0.701478
0.649675
0.596944
0.5441
0.492008
0.441536
0.393505
0.348636
0.307497
0.270465
0.237695
0.209129
0.18451
0.163436
0.145418
0.129948
0.116558
0.104863
0.0945856
0.0855454
0.0776415
0.0708161
0.0650191
0.0601801
0.0561931
0.0529175
0.0501882
0.0478331
0.0456899
0.0436199
0.0415158
0.0393052
0.0369478
0.0344305
0.031761
0.0289627
0.02607
0.0231261
0.0201809
0.0172891
0.0145076
0.0118925
0.00949538
0.00735932
0.0055152
0.00397878
0.00274903
0.00180839
0.00112493
0.000656528
0.000356191
0.000177732
8.05492e-05
3.2673e-05
1.16586e-05
3.5858e-06
9.28053e-07
0.118465
0.119877
0.121088
0.122104
0.122934
0.12357
0.123997
0.124192
0.124122
0.123749
0.123025
0.121894
0.120293
0.118149
0.115379
0.111892
0.107583
0.102339
0.0960314
0.0885238
0.079666
0.0692974
0.0572476
0.0433388
0.027388
0.00921216
-0.0113674
-0.0345172
-0.0603829
-0.0890783
-0.120672
-0.155173
-0.19251
-0.232516
-0.274905
-0.319254
-0.364979
-0.411326
-0.457356
-0.50195
-0.543823
-0.581553
-0.613641
-0.63858
-0.654965
-0.661606
-0.65767
-0.642808
-0.617272
-0.581984
-0.53854
-0.489129
-0.436361
-0.383009
-0.331703
-0.284626
-0.243261
-0.208266
-0.179481
-0.156085
-0.136852
-0.120456
-0.105748
-0.0919576
-0.0787715
-0.0662939
-0.0549034
-0.0450674
-0.0371738
-0.0314235
-0.0277965
-0.0260746
-0.0259009
-0.0268502
-0.0284967
-0.030464
-0.0324513
-0.0342346
-0.0356505
-0.0365764
-0.0369168
-0.0365988
-0.0355773
-0.0338421
-0.0314261
-0.0284106
-0.0249256
-0.021144
-0.0172687
-0.0135122
-0.0100718
-0.00710435
-0.00470571
-0.00290067
-0.00164647
-0.000850033
-0.000393112
-0.000160919
-5.39831e-05
-2.55433e-05
0.00945562
0.00819505
0.00693447
0.00577372
0.00459598
0.0033532
0.00198691
0.000446981
-0.00131575
-0.00334962
-0.00570393
-0.00843
-0.0115821
-0.0152182
-0.0193999
-0.024193
-0.0296666
-0.0358931
-0.042946
-0.050899
-0.0598233
-0.0697844
-0.0808376
-0.0930234
-0.10636
-0.120838
-0.136406
-0.152966
-0.170355
-0.188337
-0.206586
-0.22467
-0.242043
-0.258033
-0.271836
-0.282521
-0.289045
-0.290286
-0.285089
-0.27234
-0.251068
-0.220565
-0.180528
-0.131216
-0.0735895
-0.0094279
0.0586304
0.127143
0.192056
0.249046
0.294007
0.323628
0.335973
0.330929
0.310391
0.27808
0.238976
0.198459
0.161352
0.131105
0.109309
0.0956412
0.0882028
0.0841796
0.0806466
0.0753236
0.0670572
0.0558924
0.0427785
0.0290996
0.0162388
0.00528409
-0.00311257
-0.00875414
-0.0118271
-0.0127642
-0.0120772
-0.0102132
-0.00748554
-0.0040892
-0.000164703
0.00413929
0.00862982
0.0130602
0.0171393
0.0205546
0.0230083
0.0242611
0.0241798
0.0227766
0.0202285
0.0168647
0.0131182
0.00944484
0.00623266
0.00372276
0.00198876
0.00091365
0.000423049
0.08
-0.0052524
-0.0052524
-0.00483645
-0.00490724
-0.00517829
-0.00569287
-0.00641636
-0.00734471
-0.00847445
-0.00980962
-0.0113587
-0.0131339
-0.0151502
-0.0174238
-0.0199711
-0.022807
-0.0259434
-0.0293871
-0.0331377
-0.0371847
-0.0415043
-0.0460551
-0.0507742
-0.0555711
-0.060323
-0.0648678
-0.0689982
-0.0724557
-0.0749257
-0.0760348
-0.0753511
-0.0723894
-0.0666241
-0.0575108
-0.0445201
-0.027186
-0.00517017
0.0216567
0.0531191
0.0886318
0.127097
0.16682
0.205469
0.240109
0.26734
0.283576
0.285469
0.27047
0.237458
0.187337
0.123423
0.051438
-0.0210176
-0.085576
-0.134629
-0.162932
-0.168821
-0.154613
-0.12603
-0.0908131
-0.0569514
-0.0309933
-0.0167632
-0.0147209
-0.0221791
-0.0344435
-0.0465197
-0.0546415
-0.0569954
-0.0535865
-0.0456447
-0.0349861
-0.0235066
-0.0128039
-0.00390453
0.00286243
0.00776649
0.0113653
0.0141514
0.0163521
0.0179333
0.0187106
0.0184599
0.016996
0.0142307
0.0102237
0.00522002
-0.000338728
-0.00584663
-0.0106173
-0.0140156
-0.0156106
-0.0153057
-0.0133841
-0.0104579
-0.00722501
-0.00447962
-0.00204417
-0.00204417
0.0371281
