1.0000E-01 0.95 9.8054E+03
1.1220E-01 0.95 8.8115E+03
1.2589E-01 0.95 7.8512E+03
1.4125E-01 0.95 6.9259E+03
1.5849E-01 0.95 6.0264E+03
1.7783E-01 0.95 5.1678E+03
1.9953E-01 0.95 4.3703E+03
2.2387E-01 0.95 3.6433E+03
2.5119E-01 0.95 2.9917E+03
2.8184E-01 0.95 2.4287E+03
3.1623E-01 0.95 1.9511E+03
3.5481E-01 0.95 1.5488E+03
3.9811E-01 0.95 1.2190E+03
4.4668E-01 0.95 9.5163E+02
5.0119E-01 0.95 7.3511E+02
5.6234E-01 0.95 5.6268E+02
6.3096E-01 0.95 4.2902E+02
7.0795E-01 0.95 3.2539E+02
7.9433E-01 0.95 2.4592E+02
8.9125E-01 0.95 1.8511E+02
1.0000E+00 0.95 1.3891E+02
1.1220E+00 0.95 1.0404E+02
1.2589E+00 0.95 7.7778E+01
1.4125E+00 0.95 5.7926E+01
1.5849E+00 0.95 4.2939E+01
1.7783E+00 0.95 3.1742E+01
1.9953E+00 0.95 2.3387E+01
2.2387E+00 0.95 1.7169E+01
2.5119E+00 0.95 1.2558E+01
2.8184E+00 0.95 9.1767E+00
3.1623E+00 0.95 6.6745E+00
3.5481E+00 0.95 4.8460E+00
3.9811E+00 0.95 3.5133E+00
4.4668E+00 0.95 2.5431E+00
5.0119E+00 0.95 1.8359E+00
5.6234E+00 0.95 1.3234E+00
6.3096E+00 0.95 9.5206E-01
7.0795E+00 0.95 6.8290E-01
7.9433E+00 0.95 4.8870E-01
8.9125E+00 0.95 3.4943E-01
1.0000E+01 0.95 2.4951E-01
1.1220E+01 0.95 1.7794E-01
1.2589E+01 0.95 1.2699E-01
1.4125E+01 0.95 9.0343E-02
1.5849E+01 0.95 6.4277E-02
1.7783E+01 0.95 4.5773E-02
1.9953E+01 0.95 3.2436E-02
2.2387E+01 0.95 2.3012E-02
2.5119E+01 0.95 1.6383E-02
2.8184E+01 0.95 1.1583E-02
3.1623E+01 0.95 8.2020E-03
3.5481E+01 0.95 5.7930E-03
3.9811E+01 0.95 4.0931E-03
4.4668E+01 0.95 2.8870E-03
5.0119E+01 0.95 2.0327E-03
5.6234E+01 0.95 1.4303E-03
6.3096E+01 0.95 1.0046E-03
7.0795E+01 0.95 7.0606E-04
7.9433E+01 0.95 4.9593E-04
8.9125E+01 0.95 3.4765E-04
1.0000E+02 0.95 2.4307E-04
1.1220E+02 0.95 1.6984E-04
1.2589E+02 0.95 1.1877E-04
1.4125E+02 0.95 8.2969E-05
1.5849E+02 0.95 5.7893E-05
1.7783E+02 0.95 4.0366E-05
1.9953E+02 0.95 2.8163E-05
2.2387E+02 0.95 1.9600E-05
2.5119E+02 0.95 1.3640E-05
2.8184E+02 0.95 9.5106E-06
3.1623E+02 0.95 6.6020E-06
3.5481E+02 0.95 4.5498E-06
3.9811E+02 0.95 3.1475E-06
4.4668E+02 0.95 2.1743E-06
5.0119E+02 0.95 1.4975E-06
5.6234E+02 0.95 1.0377E-06
6.3096E+02 0.95 7.0735E-07
7.0795E+02 0.95 4.8378E-07
7.9433E+02 0.95 3.3060E-07
8.9125E+02 0.95 2.2535E-07
1.0000E+03 0.95 1.5479E-07
1.1220E+03 0.95 1.0422E-07
1.2589E+03 0.95 7.0498E-08
1.4125E+03 0.95 4.7629E-08
1.5849E+03 0.95 3.2103E-08
1.7783E+03 0.95 2.1538E-08
1.9953E+03 0.95 1.4453E-08
2.2387E+03 0.95 9.6623E-09
2.5119E+03 0.95 6.4658E-09
2.8184E+03 0.95 4.3006E-09
3.1623E+03 0.95 2.9241E-09
3.5481E+03 0.95 1.9002E-09
3.9811E+03 0.95 1.2637E-09
4.4668E+03 0.95 8.3534E-10
5.0119E+03 0.95 5.5092E-10
5.6234E+03 0.95 3.6399E-10
6.3096E+03 0.95 2.3990E-10
7.0795E+03 0.95 1.5771E-10
7.9433E+03 0.95 1.0343E-10
8.9125E+03 0.95 6.7890E-11
1.0000E+04 0.95 4.4742E-11
1.0000E-01 0.85 1.0098E+04
1.1220E-01 0.85 9.0427E+03
1.2589E-01 0.85 8.0362E+03
1.4125E-01 0.85 7.0650E+03
1.5849E-01 0.85 6.1341E+03
1.7783E-01 0.85 5.2580E+03
1.9953E-01 0.85 4.4406E+03
2.2387E-01 0.85 3.6964E+03
2.5119E-01 0.85 3.0374E+03
2.8184E-01 0.85 2.4672E+03
3.1623E-01 0.85 1.9833E+03
3.5481E-01 0.85 1.5780E+03
3.9811E-01 0.85 1.2418E+03
4.4668E-01 0.85 9.6980E+02
5.0119E-01 0.85 7.5137E+02
5.6234E-01 0.85 5.7604E+02
6.3096E-01 0.85 4.3926E+02
7.0795E-01 0.85 3.3417E+02
7.9433E-01 0.85 2.5255E+02
8.9125E-01 0.85 1.9021E+02
1.0000E+00 0.85 1.4294E+02
1.1220E+00 0.85 1.0694E+02
1.2589E+00 0.85 7.9917E+01
1.4125E+00 0.85 5.9699E+01
1.5849E+00 0.85 4.4359E+01
1.7783E+00 0.85 3.2751E+01
1.9953E+00 0.85 2.4120E+01
2.2387E+00 0.85 1.7717E+01
2.5119E+00 0.85 1.2958E+01
2.8184E+00 0.85 9.4471E+00
3.1623E+00 0.85 6.8731E+00
3.5481E+00 0.85 4.9896E+00
3.9811E+00 0.85 3.6144E+00
4.4668E+00 0.85 2.6083E+00
5.0119E+00 0.85 1.8831E+00
5.6234E+00 0.85 1.3574E+00
6.3096E+00 0.85 9.7532E-01
7.0795E+00 0.85 6.9981E-01
7.9433E+00 0.85 5.0204E-01
8.9125E+00 0.85 3.5884E-01
1.0000E+01 0.85 2.5646E-01
1.1220E+01 0.85 1.8267E-01
1.2589E+01 0.85 1.3009E-01
1.4125E+01 0.85 9.2795E-02
1.5849E+01 0.85 6.6086E-02
1.7783E+01 0.85 4.6990E-02
1.9953E+01 0.85 3.3420E-02
2.2387E+01 0.85 2.3792E-02
2.5119E+01 0.85 1.6929E-02
2.8184E+01 0.85 1.2026E-02
3.1623E+01 0.85 8.4938E-03
3.5481E+01 0.85 6.0113E-03
3.9811E+01 0.85 4.2465E-03
4.4668E+01 0.85 2.9945E-03
5.0119E+01 0.85 2.1116E-03
5.6234E+01 0.85 1.4887E-03
6.3096E+01 0.85 1.0470E-03
7.0795E+01 0.85 7.3694E-04
7.9433E+01 0.85 5.1851E-04
8.9125E+01 0.85 3.6270E-04
1.0000E+02 0.85 2.5446E-04
1.1220E+02 0.85 1.7819E-04
1.2589E+02 0.85 1.2469E-04
1.4125E+02 0.85 8.7125E-05
1.5849E+02 0.85 6.0973E-05
1.7783E+02 0.85 4.2567E-05
1.9953E+02 0.85 2.9626E-05
2.2387E+02 0.85 2.0616E-05
2.5119E+02 0.85 1.4357E-05
2.8184E+02 0.85 1.0003E-05
3.1623E+02 0.85 6.9627E-06
3.5481E+02 0.85 4.8098E-06
3.9811E+02 0.85 3.3276E-06
4.4668E+02 0.85 2.2999E-06
5.0119E+02 0.85 1.5885E-06
5.6234E+02 0.85 1.1039E-06
6.3096E+02 0.85 7.5668E-07
7.0795E+02 0.85 5.1853E-07
7.9433E+02 0.85 3.5454E-07
8.9125E+02 0.85 2.4296E-07
1.0000E+03 0.85 1.6676E-07
1.1220E+03 0.85 1.1206E-07
1.2589E+03 0.85 7.6105E-08
1.4125E+03 0.85 5.1512E-08
1.5849E+03 0.85 3.4697E-08
1.7783E+03 0.85 2.3378E-08
1.9953E+03 0.85 1.5729E-08
2.2387E+03 0.85 1.0543E-08
2.5119E+03 0.85 7.0718E-09
2.8184E+03 0.85 4.7162E-09
3.1623E+03 0.85 3.2171E-09
3.5481E+03 0.85 2.0874E-09
3.9811E+03 0.85 1.3828E-09
4.4668E+03 0.85 9.1480E-10
5.0119E+03 0.85 6.0651E-10
5.6234E+03 0.85 4.0261E-10
6.3096E+03 0.85 2.6514E-10
7.0795E+03 0.85 1.7461E-10
7.9433E+03 0.85 1.1500E-10
8.9125E+03 0.85 7.5768E-11
1.0000E+04 0.85 4.9575E-11
1.0000E-01 0.75 1.0499E+04
1.1220E-01 0.75 9.3449E+03
1.2589E-01 0.75 8.2613E+03
1.4125E-01 0.75 7.2354E+03
1.5849E-01 0.75 6.2682E+03
1.7783E-01 0.75 5.3633E+03
1.9953E-01 0.75 4.5230E+03
2.2387E-01 0.75 3.7619E+03
2.5119E-01 0.75 3.0917E+03
2.8184E-01 0.75 2.5100E+03
3.1623E-01 0.75 2.0160E+03
3.5481E-01 0.75 1.6037E+03
3.9811E-01 0.75 1.2662E+03
4.4668E-01 0.75 9.8977E+02
5.0119E-01 0.75 7.6678E+02
5.6234E-01 0.75 5.9063E+02
6.3096E-01 0.75 4.5096E+02
7.0795E-01 0.75 3.4175E+02
7.9433E-01 0.75 2.5853E+02
8.9125E-01 0.75 1.9534E+02
1.0000E+00 0.75 1.4692E+02
1.1220E+00 0.75 1.1028E+02
1.2589E+00 0.75 8.2565E+01
1.4125E+00 0.75 6.1552E+01
1.5849E+00 0.75 4.5766E+01
1.7783E+00 0.75 3.3868E+01
1.9953E+00 0.75 2.4936E+01
2.2387E+00 0.75 1.8291E+01
2.5119E+00 0.75 1.3381E+01
2.8184E+00 0.75 9.7605E+00
3.1623E+00 0.75 7.1047E+00
3.5481E+00 0.75 5.1573E+00
3.9811E+00 0.75 3.7368E+00
4.4668E+00 0.75 2.6986E+00
5.0119E+00 0.75 1.9458E+00
5.6234E+00 0.75 1.3999E+00
6.3096E+00 0.75 1.0064E+00
7.0795E+00 0.75 7.2241E-01
7.9433E+00 0.75 5.1663E-01
8.9125E+00 0.75 3.7039E-01
1.0000E+01 0.75 2.6472E-01
1.1220E+01 0.75 1.8887E-01
1.2589E+01 0.75 1.3493E-01
1.4125E+01 0.75 9.6121E-02
1.5849E+01 0.75 6.8568E-02
1.7783E+01 0.75 4.8745E-02
1.9953E+01 0.75 3.4658E-02
2.2387E+01 0.75 2.4743E-02
2.5119E+01 0.75 1.7607E-02
2.8184E+01 0.75 1.2459E-02
3.1623E+01 0.75 8.8295E-03
3.5481E+01 0.75 6.2523E-03
3.9811E+01 0.75 4.4215E-03
4.4668E+01 0.75 3.1257E-03
5.0119E+01 0.75 2.2049E-03
5.6234E+01 0.75 1.5563E-03
6.3096E+01 0.75 1.0970E-03
7.0795E+01 0.75 7.7163E-04
7.9433E+01 0.75 5.4234E-04
8.9125E+01 0.75 3.8107E-04
1.0000E+02 0.75 2.6783E-04
1.1220E+02 0.75 1.8757E-04
1.2589E+02 0.75 1.3145E-04
1.4125E+02 0.75 9.1953E-05
1.5849E+02 0.75 6.4318E-05
1.7783E+02 0.75 4.4973E-05
1.9953E+02 0.75 3.1388E-05
2.2387E+02 0.75 2.1878E-05
2.5119E+02 0.75 1.5247E-05
2.8184E+02 0.75 1.0606E-05
3.1623E+02 0.75 7.4004E-06
3.5481E+02 0.75 5.1234E-06
3.9811E+02 0.75 3.5557E-06
4.4668E+02 0.75 2.4651E-06
5.0119E+02 0.75 1.7035E-06
5.6234E+02 0.75 1.1826E-06
6.3096E+02 0.75 8.1169E-07
7.0795E+02 0.75 5.5747E-07
7.9433E+02 0.75 3.8204E-07
8.9125E+02 0.75 2.6201E-07
1.0000E+03 0.75 1.8024E-07
1.1220E+03 0.75 1.2197E-07
1.2589E+03 0.75 8.3008E-08
1.4125E+03 0.75 5.6313E-08
1.5849E+03 0.75 3.8085E-08
1.7783E+03 0.75 2.5689E-08
1.9953E+03 0.75 1.7313E-08
2.2387E+03 0.75 1.1654E-08
2.5119E+03 0.75 7.8119E-09
2.8184E+03 0.75 5.2182E-09
3.1623E+03 0.75 3.5615E-09
3.5481E+03 0.75 2.3216E-09
3.9811E+03 0.75 1.5460E-09
4.4668E+03 0.75 1.0243E-09
5.0119E+03 0.75 6.7836E-10
5.6234E+03 0.75 4.4832E-10
6.3096E+03 0.75 2.9702E-10
7.0795E+03 0.75 1.9616E-10
7.9433E+03 0.75 1.2915E-10
8.9125E+03 0.75 8.5305E-11
1.0000E+04 0.75 5.6051E-11
1.0000E-01 0.65 1.1018E+04
1.1220E-01 0.65 9.7397E+03
1.2589E-01 0.65 8.5755E+03
1.4125E-01 0.65 7.4791E+03
1.5849E-01 0.65 6.4477E+03
1.7783E-01 0.65 5.4995E+03
1.9953E-01 0.65 4.6247E+03
2.2387E-01 0.65 3.8377E+03
2.5119E-01 0.65 3.1482E+03
2.8184E-01 0.65 2.5532E+03
3.1623E-01 0.65 2.0517E+03
3.5481E-01 0.65 1.6332E+03
3.9811E-01 0.65 1.2895E+03
4.4668E-01 0.65 1.0110E+03
5.0119E-01 0.65 7.8395E+02
5.6234E-01 0.65 6.0327E+02
6.3096E-01 0.65 4.6243E+02
7.0795E-01 0.65 3.5137E+02
7.9433E-01 0.65 2.6638E+02
8.9125E-01 0.65 2.0123E+02
1.0000E+00 0.65 1.5162E+02
1.1220E+00 0.65 1.1375E+02
1.2589E+00 0.65 8.5158E+01
1.4125E+00 0.65 6.3679E+01
1.5849E+00 0.65 4.7453E+01
1.7783E+00 0.65 3.5046E+01
1.9953E+00 0.65 2.5760E+01
2.2387E+00 0.65 1.8978E+01
2.5119E+00 0.65 1.3892E+01
2.8184E+00 0.65 1.0133E+01
3.1623E+00 0.65 7.3699E+00
3.5481E+00 0.65 5.3515E+00
3.9811E+00 0.65 3.8689E+00
4.4668E+00 0.65 2.7902E+00
5.0119E+00 0.65 2.0125E+00
5.6234E+00 0.65 1.4524E+00
6.3096E+00 0.65 1.0428E+00
7.0795E+00 0.65 7.4637E-01
7.9433E+00 0.65 5.3524E-01
8.9125E+00 0.65 3.8350E-01
1.0000E+01 0.65 2.7415E-01
1.1220E+01 0.65 1.9554E-01
1.2589E+01 0.65 1.3945E-01
1.4125E+01 0.65 9.9574E-02
1.5849E+01 0.65 7.1064E-02
1.7783E+01 0.65 5.0527E-02
1.9953E+01 0.65 3.5860E-02
2.2387E+01 0.65 2.5612E-02
2.5119E+01 0.65 1.8209E-02
2.8184E+01 0.65 1.2959E-02
3.1623E+01 0.65 9.2086E-03
3.5481E+01 0.65 6.5267E-03
3.9811E+01 0.65 4.6286E-03
4.4668E+01 0.65 3.2756E-03
5.0119E+01 0.65 2.3132E-03
5.6234E+01 0.65 1.6352E-03
6.3096E+01 0.65 1.1542E-03
7.0795E+01 0.65 8.1261E-04
7.9433E+01 0.65 5.7149E-04
8.9125E+01 0.65 4.0174E-04
1.0000E+02 0.65 2.8274E-04
1.1220E+02 0.65 1.9844E-04
1.2589E+02 0.65 1.3905E-04
1.4125E+02 0.65 9.7306E-05
1.5849E+02 0.65 6.8088E-05
1.7783E+02 0.65 4.7583E-05
1.9953E+02 0.65 3.3274E-05
2.2387E+02 0.65 2.3256E-05
2.5119E+02 0.65 1.6224E-05
2.8184E+02 0.65 1.1316E-05
3.1623E+02 0.65 7.9029E-06
3.5481E+02 0.65 5.4771E-06
3.9811E+02 0.65 3.8005E-06
4.4668E+02 0.65 2.6417E-06
5.0119E+02 0.65 1.8307E-06
5.6234E+02 0.65 1.2730E-06
6.3096E+02 0.65 8.7467E-07
7.0795E+02 0.65 6.0274E-07
7.9433E+02 0.65 4.1551E-07
8.9125E+02 0.65 2.8515E-07
1.0000E+03 0.65 1.9660E-07
1.1220E+03 0.65 1.3320E-07
1.2589E+03 0.65 9.0909E-08
1.4125E+03 0.65 6.1728E-08
1.5849E+03 0.65 4.1844E-08
1.7783E+03 0.65 2.8368E-08
1.9953E+03 0.65 1.9165E-08
2.2387E+03 0.65 1.2944E-08
2.5119E+03 0.65 8.7137E-09
2.8184E+03 0.65 5.8385E-09
3.1623E+03 0.65 4.0051E-09
3.5481E+03 0.65 2.6067E-09
3.9811E+03 0.65 1.7361E-09
4.4668E+03 0.65 1.1536E-09
5.0119E+03 0.65 7.6456E-10
5.6234E+03 0.65 5.0862E-10
6.3096E+03 0.65 3.3616E-10
7.0795E+03 0.65 2.2233E-10
7.9433E+03 0.65 1.4663E-10
8.9125E+03 0.65 9.6464E-11
1.0000E+04 0.65 6.3575E-11
1.0000E-01 0.55 1.1779E+04
1.1220E-01 0.55 1.0340E+04
1.2589E-01 0.55 9.0259E+03
1.4125E-01 0.55 7.8229E+03
1.5849E-01 0.55 6.7126E+03
1.7783E-01 0.55 5.6919E+03
1.9953E-01 0.55 4.7617E+03
2.2387E-01 0.55 3.9385E+03
2.5119E-01 0.55 3.2272E+03
2.8184E-01 0.55 2.6138E+03
3.1623E-01 0.55 2.0956E+03
3.5481E-01 0.55 1.6676E+03
3.9811E-01 0.55 1.3138E+03
4.4668E-01 0.55 1.0279E+03
5.0119E-01 0.55 8.0076E+02
5.6234E-01 0.55 6.1719E+02
6.3096E-01 0.55 4.7282E+02
7.0795E-01 0.55 3.6064E+02
7.9433E-01 0.55 2.7372E+02
8.9125E-01 0.55 2.0744E+02
1.0000E+00 0.55 1.5657E+02
1.1220E+00 0.55 1.1756E+02
1.2589E+00 0.55 8.8320E+01
1.4125E+00 0.55 6.6120E+01
1.5849E+00 0.55 4.9221E+01
1.7783E+00 0.55 3.6492E+01
1.9953E+00 0.55 2.6939E+01
2.2387E+00 0.55 1.9786E+01
2.5119E+00 0.55 1.4494E+01
2.8184E+00 0.55 1.0590E+01
3.1623E+00 0.55 7.6922E+00
3.5481E+00 0.55 5.5778E+00
3.9811E+00 0.55 4.0336E+00
4.4668E+00 0.55 2.9088E+00
5.0119E+00 0.55 2.1006E+00
5.6234E+00 0.55 1.5120E+00
6.3096E+00 0.55 1.0832E+00
7.0795E+00 0.55 7.7800E-01
7.9433E+00 0.55 5.5878E-01
8.9125E+00 0.55 3.9935E-01
1.0000E+01 0.55 2.8540E-01
1.1220E+01 0.55 2.0407E-01
1.2589E+01 0.55 1.4565E-01
1.4125E+01 0.55 1.0381E-01
1.5849E+01 0.55 7.4075E-02
1.7783E+01 0.55 5.2807E-02
1.9953E+01 0.55 3.7737E-02
2.2387E+01 0.55 2.6864E-02
2.5119E+01 0.55 1.9102E-02
2.8184E+01 0.55 1.3584E-02
3.1623E+01 0.55 9.6587E-03
3.5481E+01 0.55 6.8595E-03
3.9811E+01 0.55 4.8696E-03
4.4668E+01 0.55 3.4515E-03
5.0119E+01 0.55 2.4441E-03
5.6234E+01 0.55 1.7297E-03
6.3096E+01 0.55 1.2226E-03
7.0795E+01 0.55 8.6241E-04
7.9433E+01 0.55 6.0812E-04
8.9125E+01 0.55 4.2860E-04
1.0000E+02 0.55 3.0158E-04
1.1220E+02 0.55 2.1178E-04
1.2589E+02 0.55 1.4868E-04
1.4125E+02 0.55 1.0416E-04
1.5849E+02 0.55 7.2968E-05
1.7783E+02 0.55 5.1148E-05
1.9953E+02 0.55 3.5781E-05
2.2387E+02 0.55 2.5009E-05
2.5119E+02 0.55 1.7453E-05
2.8184E+02 0.55 1.2190E-05
3.1623E+02 0.55 8.5147E-06
3.5481E+02 0.55 5.9207E-06
3.9811E+02 0.55 4.1172E-06
4.4668E+02 0.55 2.8613E-06
5.0119E+02 0.55 1.9895E-06
5.6234E+02 0.55 1.3848E-06
6.3096E+02 0.55 9.5340E-07
7.0795E+02 0.55 6.6026E-07
7.9433E+02 0.55 4.5580E-07
8.9125E+02 0.55 3.1308E-07
1.0000E+03 0.55 2.1678E-07
1.1220E+03 0.55 1.4789E-07
1.2589E+03 0.55 1.0100E-07
1.4125E+03 0.55 6.8853E-08
1.5849E+03 0.55 4.6893E-08
1.7783E+03 0.55 3.1885E-08
1.9953E+03 0.55 2.1608E-08
2.2387E+03 0.55 1.4617E-08
2.5119E+03 0.55 9.8365E-09
2.8184E+03 0.55 6.6109E-09
3.1623E+03 0.55 4.5433E-09
3.5481E+03 0.55 2.9692E-09
3.9811E+03 0.55 1.9826E-09
4.4668E+03 0.55 1.3212E-09
5.0119E+03 0.55 8.8232E-10
5.6234E+03 0.55 5.8536E-10
6.3096E+03 0.55 3.8897E-10
7.0795E+03 0.55 2.5826E-10
7.9433E+03 0.55 1.7006E-10
8.9125E+03 0.55 1.1237E-10
1.0000E+04 0.55 7.4128E-11
1.0000E-01 0.45 1.2908E+04
1.1220E-01 0.45 1.1223E+04
1.2589E-01 0.45 9.7211E+03
1.4125E-01 0.45 8.3602E+03
1.5849E-01 0.45 7.1214E+03
1.7783E-01 0.45 5.9996E+03
1.9953E-01 0.45 4.9923E+03
2.2387E-01 0.45 4.1045E+03
2.5119E-01 0.45 3.3403E+03
2.8184E-01 0.45 2.6922E+03
3.1623E-01 0.45 2.1516E+03
3.5481E-01 0.45 1.7090E+03
3.9811E-01 0.45 1.3481E+03
4.4668E-01 0.45 1.0550E+03
5.0119E-01 0.45 8.1984E+02
5.6234E-01 0.45 6.3373E+02
6.3096E-01 0.45 4.8583E+02
7.0795E-01 0.45 3.7128E+02
7.9433E-01 0.45 2.8250E+02
8.9125E-01 0.45 2.1411E+02
1.0000E+00 0.45 1.6169E+02
1.1220E+00 0.45 1.2158E+02
1.2589E+00 0.45 9.1409E+01
1.4125E+00 0.45 6.8669E+01
1.5849E+00 0.45 5.1218E+01
1.7783E+00 0.45 3.8009E+01
1.9953E+00 0.45 2.8013E+01
2.2387E+00 0.45 2.0589E+01
2.5119E+00 0.45 1.5125E+01
2.8184E+00 0.45 1.1047E+01
3.1623E+00 0.45 8.0708E+00
3.5481E+00 0.45 5.8593E+00
3.9811E+00 0.45 4.2402E+00
4.4668E+00 0.45 3.0641E+00
5.0119E+00 0.45 2.2116E+00
5.6234E+00 0.45 1.5907E+00
6.3096E+00 0.45 1.1411E+00
7.0795E+00 0.45 8.1745E-01
7.9433E+00 0.45 5.8580E-01
8.9125E+00 0.45 4.2001E-01
1.0000E+01 0.45 3.0080E-01
1.1220E+01 0.45 2.1486E-01
1.2589E+01 0.45 1.5340E-01
1.4125E+01 0.45 1.0935E-01
1.5849E+01 0.45 7.7879E-02
1.7783E+01 0.45 5.5600E-02
1.9953E+01 0.45 3.9714E-02
2.2387E+01 0.45 2.8318E-02
2.5119E+01 0.45 2.0189E-02
2.8184E+01 0.45 1.4420E-02
3.1623E+01 0.45 1.0205E-02
3.5481E+01 0.45 7.2596E-03
3.9811E+01 0.45 5.1606E-03
4.4668E+01 0.45 3.6664E-03
5.0119E+01 0.45 2.6005E-03
5.6234E+01 0.45 1.8430E-03
6.3096E+01 0.45 1.3032E-03
7.0795E+01 0.45 9.2241E-04
7.9433E+01 0.45 6.5228E-04
8.9125E+01 0.45 4.6066E-04
1.0000E+02 0.45 3.2389E-04
1.1220E+02 0.45 2.2794E-04
1.2589E+02 0.45 1.6041E-04
1.4125E+02 0.45 1.1271E-04
1.5849E+02 0.45 7.9082E-05
1.7783E+02 0.45 5.5481E-05
1.9953E+02 0.45 3.8835E-05
2.2387E+02 0.45 2.7182E-05
2.5119E+02 0.45 1.9030E-05
2.8184E+02 0.45 1.3264E-05
3.1623E+02 0.45 9.2814E-06
3.5481E+02 0.45 6.4672E-06
3.9811E+02 0.45 4.5103E-06
4.4668E+02 0.45 3.1396E-06
5.0119E+02 0.45 2.1819E-06
5.6234E+02 0.45 1.5226E-06
6.3096E+02 0.45 1.0539E-06
7.0795E+02 0.45 7.3054E-07
7.9433E+02 0.45 5.0538E-07
8.9125E+02 0.45 3.4951E-07
1.0000E+03 0.45 2.4208E-07
1.1220E+03 0.45 1.6571E-07
1.2589E+03 0.45 1.1348E-07
1.4125E+03 0.45 7.7534E-08
1.5849E+03 0.45 5.3130E-08
1.7783E+03 0.45 3.6230E-08
1.9953E+03 0.45 2.4650E-08
2.2387E+03 0.45 1.6740E-08
2.5119E+03 0.45 1.1312E-08
2.8184E+03 0.45 7.6122E-09
3.1623E+03 0.45 5.2603E-09
3.5481E+03 0.45 3.4557E-09
3.9811E+03 0.45 2.3182E-09
4.4668E+03 0.45 1.5533E-09
5.0119E+03 0.45 1.0388E-09
5.6234E+03 0.45 6.9144E-10
6.3096E+03 0.45 4.6081E-10
7.0795E+03 0.45 3.0639E-10
7.9433E+03 0.45 2.0255E-10
8.9125E+03 0.45 1.3399E-10
1.0000E+04 0.45 8.8897E-11
1.0000E-01 0.35 1.4761E+04
1.1220E-01 0.35 1.2700E+04
1.2589E-01 0.35 1.0888E+04
1.4125E-01 0.35 9.2738E+03
1.5849E-01 0.35 7.8304E+03
1.7783E-01 0.35 6.5262E+03
1.9953E-01 0.35 5.3722E+03
2.2387E-01 0.35 4.3822E+03
2.5119E-01 0.35 3.5414E+03
2.8184E-01 0.35 2.8358E+03
3.1623E-01 0.35 2.2554E+03
3.5481E-01 0.35 1.7812E+03
3.9811E-01 0.35 1.3957E+03
4.4668E-01 0.35 1.0883E+03
5.0119E-01 0.35 8.4417E+02
5.6234E-01 0.35 6.5046E+02
6.3096E-01 0.35 4.9992E+02
7.0795E-01 0.35 3.8264E+02
7.9433E-01 0.35 2.9118E+02
8.9125E-01 0.35 2.2157E+02
1.0000E+00 0.35 1.6684E+02
1.1220E+00 0.35 1.2597E+02
1.2589E+00 0.35 9.5120E+01
1.4125E+00 0.35 7.1302E+01
1.5849E+00 0.35 5.3245E+01
1.7783E+00 0.35 3.9714E+01
1.9953E+00 0.35 2.9487E+01
2.2387E+00 0.35 2.1805E+01
2.5119E+00 0.35 1.5966E+01
2.8184E+00 0.35 1.1649E+01
3.1623E+00 0.35 8.4947E+00
3.5481E+00 0.35 6.1869E+00
3.9811E+00 0.35 4.4908E+00
4.4668E+00 0.35 3.2478E+00
5.0119E+00 0.35 2.3443E+00
5.6234E+00 0.35 1.6884E+00
6.3096E+00 0.35 1.2117E+00
7.0795E+00 0.35 8.6773E-01
7.9433E+00 0.35 6.2232E-01
8.9125E+00 0.35 4.4621E-01
1.0000E+01 0.35 3.1917E-01
1.1220E+01 0.35 2.2807E-01
1.2589E+01 0.35 1.6262E-01
1.4125E+01 0.35 1.1577E-01
1.5849E+01 0.35 8.2909E-02
1.7783E+01 0.35 5.9455E-02
1.9953E+01 0.35 4.2306E-02
2.2387E+01 0.35 3.0144E-02
2.5119E+01 0.35 2.1529E-02
2.8184E+01 0.35 1.5378E-02
3.1623E+01 0.35 1.0917E-02
3.5481E+01 0.35 7.7767E-03
3.9811E+01 0.35 5.5364E-03
4.4668E+01 0.35 3.9389E-03
5.0119E+01 0.35 2.8034E-03
5.6234E+01 0.35 1.9915E-03
6.3096E+01 0.35 1.4108E-03
7.0795E+01 0.35 9.9955E-04
7.9433E+01 0.35 7.0763E-04
8.9125E+01 0.35 5.0139E-04
1.0000E+02 0.35 3.5321E-04
1.1220E+02 0.35 2.4918E-04
1.2589E+02 0.35 1.7567E-04
1.4125E+02 0.35 1.2365E-04
1.5849E+02 0.35 8.6967E-05
1.7783E+02 0.35 6.1069E-05
1.9953E+02 0.35 4.2833E-05
2.2387E+02 0.35 3.0078E-05
2.5119E+02 0.35 2.1094E-05
2.8184E+02 0.35 1.4747E-05
3.1623E+02 0.35 1.0323E-05
3.5481E+02 0.35 7.1977E-06
3.9811E+02 0.35 5.0252E-06
4.4668E+02 0.35 3.5110E-06
5.0119E+02 0.35 2.4488E-06
5.6234E+02 0.35 1.7073E-06
6.3096E+02 0.35 1.1869E-06
7.0795E+02 0.35 8.2579E-07
7.9433E+02 0.35 5.7263E-07
8.9125E+02 0.35 3.9661E-07
1.0000E+03 0.35 2.7510E-07
1.1220E+03 0.35 1.8905E-07
1.2589E+03 0.35 1.3022E-07
1.4125E+03 0.35 8.9566E-08
1.5849E+03 0.35 6.1475E-08
1.7783E+03 0.35 4.2150E-08
1.9953E+03 0.35 2.8846E-08
2.2387E+03 0.35 1.9629E-08
2.5119E+03 0.35 1.3414E-08
2.8184E+03 0.35 9.1037E-09
3.1623E+03 0.35 6.2583E-09
3.5481E+03 0.35 4.1475E-09
3.9811E+03 0.35 2.7964E-09
4.4668E+03 0.35 1.8789E-09
5.0119E+03 0.35 1.2563E-09
5.6234E+03 0.35 8.4173E-10
6.3096E+03 0.35 5.6245E-10
7.0795E+03 0.35 3.7501E-10
7.9433E+03 0.35 2.4958E-10
8.9125E+03 0.35 1.6598E-10
1.0000E+04 0.35 1.0982E-10
1.0000E-01 0.25 1.8119E+04
1.1220E-01 0.25 1.5401E+04
1.2589E-01 0.25 1.3049E+04
1.4125E-01 0.25 1.0982E+04
1.5849E-01 0.25 9.1563E+03
1.7783E-01 0.25 7.5425E+03
1.9953E-01 0.25 6.1434E+03
2.2387E-01 0.25 4.9524E+03
2.5119E-01 0.25 3.9499E+03
2.8184E-01 0.25 3.1238E+03
3.1623E-01 0.25 2.4557E+03
3.5481E-01 0.25 1.9202E+03
3.9811E-01 0.25 1.4902E+03
4.4668E-01 0.25 1.1535E+03
5.0119E-01 0.25 8.8991E+02
5.6234E-01 0.25 6.8250E+02
6.3096E-01 0.25 5.2239E+02
7.0795E-01 0.25 3.9736E+02
7.9433E-01 0.25 3.0189E+02
8.9125E-01 0.25 2.2900E+02
1.0000E+00 0.25 1.7331E+02
1.1220E+00 0.25 1.3107E+02
1.2589E+00 0.25 9.8589E+01
1.4125E+00 0.25 7.4212E+01
1.5849E+00 0.25 5.5688E+01
1.7783E+00 0.25 4.1619E+01
1.9953E+00 0.25 3.0930E+01
2.2387E+00 0.25 2.2872E+01
2.5119E+00 0.25 1.6846E+01
2.8184E+00 0.25 1.2351E+01
3.1623E+00 0.25 9.0611E+00
3.5481E+00 0.25 6.6092E+00
3.9811E+00 0.25 4.8065E+00
4.4668E+00 0.25 3.4883E+00
5.0119E+00 0.25 2.5210E+00
5.6234E+00 0.25 1.8129E+00
6.3096E+00 0.25 1.3032E+00
7.0795E+00 0.25 9.4132E-01
7.9433E+00 0.25 6.7506E-01
8.9125E+00 0.25 4.8147E-01
1.0000E+01 0.25 3.4479E-01
1.1220E+01 0.25 2.4646E-01
1.2589E+01 0.25 1.7558E-01
1.4125E+01 0.25 1.2567E-01
1.5849E+01 0.25 8.9899E-02
1.7783E+01 0.25 6.4073E-02
1.9953E+01 0.25 4.5746E-02
2.2387E+01 0.25 3.2569E-02
2.5119E+01 0.25 2.3224E-02
2.8184E+01 0.25 1.6540E-02
3.1623E+01 0.25 1.1871E-02
3.5481E+01 0.25 8.4672E-03
3.9811E+01 0.25 6.0387E-03
4.4668E+01 0.25 4.3053E-03
5.0119E+01 0.25 3.0656E-03
5.6234E+01 0.25 2.1802E-03
6.3096E+01 0.25 1.5517E-03
7.0795E+01 0.25 1.1020E-03
7.9433E+01 0.25 7.8152E-04
8.9125E+01 0.25 5.5431E-04
1.0000E+02 0.25 3.9306E-04
1.1220E+02 0.25 2.7817E-04
1.2589E+02 0.25 1.9646E-04
1.4125E+02 0.25 1.3866E-04
1.5849E+02 0.25 9.7762E-05
1.7783E+02 0.25 6.8939E-05
1.9953E+02 0.25 4.8494E-05
2.2387E+02 0.25 3.4029E-05
2.5119E+02 0.25 2.3925E-05
2.8184E+02 0.25 1.6791E-05
3.1623E+02 0.25 1.1770E-05
3.5481E+02 0.25 8.2334E-06
3.9811E+02 0.25 5.7623E-06
4.4668E+02 0.25 4.0311E-06
5.0119E+02 0.25 2.8144E-06
5.6234E+02 0.25 1.9693E-06
6.3096E+02 0.25 1.3716E-06
7.0795E+02 0.25 9.5555E-07
7.9433E+02 0.25 6.6486E-07
8.9125E+02 0.25 4.6263E-07
1.0000E+03 0.25 3.2200E-07
1.1220E+03 0.25 2.2258E-07
1.2589E+03 0.25 1.5392E-07
1.4125E+03 0.25 1.0632E-07
1.5849E+03 0.25 7.3294E-08
1.7783E+03 0.25 5.0454E-08
1.9953E+03 0.25 3.4797E-08
2.2387E+03 0.25 2.3838E-08
2.5119E+03 0.25 1.6291E-08
2.8184E+03 0.25 1.1138E-08
3.1623E+03 0.25 7.6924E-09
3.5481E+03 0.25 5.1440E-09
3.9811E+03 0.25 3.4799E-09
4.4668E+03 0.25 2.3519E-09
5.0119E+03 0.25 1.5890E-09
5.6234E+03 0.25 1.0701E-09
6.3096E+03 0.25 7.1902E-10
7.0795E+03 0.25 4.8145E-10
7.9433E+03 0.25 3.2150E-10
8.9125E+03 0.25 2.1457E-10
1.0000E+04 0.25 1.4293E-10
1.0000E-01 0.15 2.5426E+04
1.1220E-01 0.15 2.1312E+04
1.2589E-01 0.15 1.7787E+04
1.4125E-01 0.15 1.4748E+04
1.5849E-01 0.15 1.2102E+04
1.7783E-01 0.15 9.8195E+03
1.9953E-01 0.15 7.8781E+03
2.2387E-01 0.15 6.2457E+03
2.5119E-01 0.15 4.9006E+03
2.8184E-01 0.15 3.8106E+03
3.1623E-01 0.15 2.9405E+03
3.5481E-01 0.15 2.2635E+03
3.9811E-01 0.15 1.7303E+03
4.4668E-01 0.15 1.3142E+03
5.0119E-01 0.15 1.0008E+03
5.6234E-01 0.15 7.5738E+02
6.3096E-01 0.15 5.7091E+02
7.0795E-01 0.15 4.2953E+02
7.9433E-01 0.15 3.2464E+02
8.9125E-01 0.15 2.4503E+02
1.0000E+00 0.15 1.8401E+02
1.1220E+00 0.15 1.3839E+02
1.2589E+00 0.15 1.0399E+02
1.4125E+00 0.15 7.8238E+01
1.5849E+00 0.15 5.8702E+01
1.7783E+00 0.15 4.3889E+01
1.9953E+00 0.15 3.2599E+01
2.2387E+00 0.15 2.4098E+01
2.5119E+00 0.15 1.7887E+01
2.8184E+00 0.15 1.3178E+01
3.1623E+00 0.15 9.6705E+00
3.5481E+00 0.15 7.0652E+00
3.9811E+00 0.15 5.1380E+00
4.4668E+00 0.15 3.7485E+00
5.0119E+00 0.15 2.7277E+00
5.6234E+00 0.15 1.9682E+00
6.3096E+00 0.15 1.4163E+00
7.0795E+00 0.15 1.0268E+00
7.9433E+00 0.15 7.3862E-01
8.9125E+00 0.15 5.2915E-01
1.0000E+01 0.15 3.8197E-01
1.1220E+01 0.15 2.7329E-01
1.2589E+01 0.15 1.9535E-01
1.4125E+01 0.15 1.3984E-01
1.5849E+01 0.15 1.0043E-01
1.7783E+01 0.15 7.1773E-02
1.9953E+01 0.15 5.1219E-02
2.2387E+01 0.15 3.6874E-02
2.5119E+01 0.15 2.6333E-02
2.8184E+01 0.15 1.8725E-02
3.1623E+01 0.15 1.3356E-02
3.5481E+01 0.15 9.5337E-03
3.9811E+01 0.15 6.8086E-03
4.4668E+01 0.15 4.8574E-03
5.0119E+01 0.15 3.4629E-03
5.6234E+01 0.15 2.4661E-03
6.3096E+01 0.15 1.7582E-03
7.0795E+01 0.15 1.2547E-03
7.9433E+01 0.15 8.9288E-04
8.9125E+01 0.15 6.3388E-04
1.0000E+02 0.15 4.5108E-04
1.1220E+02 0.15 3.1985E-04
1.2589E+02 0.15 2.2684E-04
1.4125E+02 0.15 1.6063E-04
1.5849E+02 0.15 1.1358E-04
1.7783E+02 0.15 8.0288E-05
1.9953E+02 0.15 5.6658E-05
2.2387E+02 0.15 3.9974E-05
2.5119E+02 0.15 2.8158E-05
2.8184E+02 0.15 1.9798E-05
3.1623E+02 0.15 1.3927E-05
3.5481E+02 0.15 9.7742E-06
3.9811E+02 0.15 6.8599E-06
4.4668E+02 0.15 4.8092E-06
5.0119E+02 0.15 3.3674E-06
5.6234E+02 0.15 2.3604E-06
6.3096E+02 0.15 1.6483E-06
7.0795E+02 0.15 1.1513E-06
7.9433E+02 0.15 8.0405E-07
8.9125E+02 0.15 5.6092E-07
1.0000E+03 0.15 3.9099E-07
1.1220E+03 0.15 2.7153E-07
1.2589E+03 0.15 1.8869E-07
1.4125E+03 0.15 1.3109E-07
1.5849E+03 0.15 9.1038E-08
1.7783E+03 0.15 6.2953E-08
1.9953E+03 0.15 4.3592E-08
2.2387E+03 0.15 3.0056E-08
2.5119E+03 0.15 2.0679E-08
2.8184E+03 0.15 1.4202E-08
3.1623E+03 0.15 9.8487E-09
3.5481E+03 0.15 6.6791E-09
3.9811E+03 0.15 4.5588E-09
4.4668E+03 0.15 3.1050E-09
5.0119E+03 0.15 2.1130E-09
5.6234E+03 0.15 1.4296E-09
6.3096E+03 0.15 9.7039E-10
7.0795E+03 0.15 6.5642E-10
7.9433E+03 0.15 4.4146E-10
8.9125E+03 0.15 2.9573E-10
1.0000E+04 0.15 1.9830E-10
1.0000E-01 0.05 4.3206E+04
1.1220E-01 0.05 3.5646E+04
1.2589E-01 0.05 2.9308E+04
1.4125E-01 0.05 2.3893E+04
1.5849E-01 0.05 1.9258E+04
1.7783E-01 0.05 1.5318E+04
1.9953E-01 0.05 1.2043E+04
2.2387E-01 0.05 9.3387E+03
2.5119E-01 0.05 7.1731E+03
2.8184E-01 0.05 5.4645E+03
3.1623E-01 0.05 4.1184E+03
3.5481E-01 0.05 3.1088E+03
3.9811E-01 0.05 2.3390E+03
4.4668E-01 0.05 1.7367E+03
5.0119E-01 0.05 1.2773E+03
5.6234E-01 0.05 9.4202E+02
6.3096E-01 0.05 6.9880E+02
7.0795E-01 0.05 5.1543E+02
7.9433E-01 0.05 3.8114E+02
8.9125E-01 0.05 2.8356E+02
1.0000E+00 0.05 2.1058E+02
1.1220E+00 0.05 1.5678E+02
1.2589E+00 0.05 1.1705E+02
1.4125E+00 0.05 8.6397E+01
1.5849E+00 0.05 6.3689E+01
1.7783E+00 0.05 4.7296E+01
1.9953E+00 0.05 3.5127E+01
2.2387E+00 0.05 2.5919E+01
2.5119E+00 0.05 1.8966E+01
2.8184E+00 0.05 1.4133E+01
3.1623E+00 0.05 1.0263E+01
3.5481E+00 0.05 7.5356E+00
3.9811E+00 0.05 5.5447E+00
4.4668E+00 0.05 4.0474E+00
5.0119E+00 0.05 2.9398E+00
5.6234E+00 0.05 2.1416E+00
6.3096E+00 0.05 1.5605E+00
7.0795E+00 0.05 1.1205E+00
7.9433E+00 0.05 8.1108E-01
8.9125E+00 0.05 5.8765E-01
1.0000E+01 0.05 4.2152E-01
1.1220E+01 0.05 3.0229E-01
1.2589E+01 0.05 2.1790E-01
1.4125E+01 0.05 1.5721E-01
1.5849E+01 0.05 1.1338E-01
1.7783E+01 0.05 8.2000E-02
1.9953E+01 0.05 5.8607E-02
2.2387E+01 0.05 4.2077E-02
2.5119E+01 0.05 3.0243E-02
2.8184E+01 0.05 2.1634E-02
3.1623E+01 0.05 1.5673E-02
3.5481E+01 0.05 1.1218E-02
3.9811E+01 0.05 8.0303E-03
4.4668E+01 0.05 5.7421E-03
5.0119E+01 0.05 4.1064E-03
5.6234E+01 0.05 2.9342E-03
6.3096E+01 0.05 2.0920E-03
7.0795E+01 0.05 1.4894E-03
7.9433E+01 0.05 1.0627E-03
8.9125E+01 0.05 7.5765E-04
1.0000E+02 0.05 5.3939E-04
1.1220E+02 0.05 3.8371E-04
1.2589E+02 0.05 2.7261E-04
1.4125E+02 0.05 1.9347E-04
1.5849E+02 0.05 1.3717E-04
1.7783E+02 0.05 9.7140E-05
1.9953E+02 0.05 6.8634E-05
2.2387E+02 0.05 4.8499E-05
2.5119E+02 0.05 3.4255E-05
2.8184E+02 0.05 2.4157E-05
3.1623E+02 0.05 1.7011E-05
3.5481E+02 0.05 1.1963E-05
3.9811E+02 0.05 8.4066E-06
4.4668E+02 0.05 5.9108E-06
5.0119E+02 0.05 4.1427E-06
5.6234E+02 0.05 2.9026E-06
6.3096E+02 0.05 2.0302E-06
7.0795E+02 0.05 1.4205E-06
7.9433E+02 0.05 9.9396E-07
8.9125E+02 0.05 6.9445E-07
1.0000E+03 0.05 4.8436E-07
1.1220E+03 0.05 3.3752E-07
1.2589E+03 0.05 2.3519E-07
1.4125E+03 0.05 1.6356E-07
1.5849E+03 0.05 1.1371E-07
1.7783E+03 0.05 7.9206E-08
1.9953E+03 0.05 5.5094E-08
2.2387E+03 0.05 3.8146E-08
2.5119E+03 0.05 2.6435E-08
2.8184E+03 0.05 1.8286E-08
3.1623E+03 0.05 1.2698E-08
3.5481E+03 0.05 8.7016E-09
3.9811E+03 0.05 5.9824E-09
4.4668E+03 0.05 4.0986E-09
5.0119E+03 0.05 2.8035E-09
5.6234E+03 0.05 1.9171E-09
6.3096E+03 0.05 1.3115E-09
7.0795E+03 0.05 8.9258E-10
7.9433E+03 0.05 6.0589E-10
8.9125E+03 0.05 4.1128E-10
1.0000E+04 0.05 2.7774E-10
1.0000E-01 -0.05 4.3646E+04
1.1220E-01 -0.05 3.5931E+04
1.2589E-01 -0.05 2.9478E+04
1.4125E-01 -0.05 2.4045E+04
1.5849E-01 -0.05 1.9396E+04
1.7783E-01 -0.05 1.5440E+04
1.9953E-01 -0.05 1.2126E+04
2.2387E-01 -0.05 9.4129E+03
2.5119E-01 -0.05 7.2290E+03
2.8184E-01 -0.05 5.5066E+03
3.1623E-01 -0.05 4.1703E+03
3.5481E-01 -0.05 3.1403E+03
3.9811E-01 -0.05 2.3509E+03
4.4668E-01 -0.05 1.7449E+03
5.0119E-01 -0.05 1.2880E+03
5.6234E-01 -0.05 9.5439E+02
6.3096E-01 -0.05 7.0582E+02
7.0795E-01 -0.05 5.2084E+02
7.9433E-01 -0.05 3.8748E+02
8.9125E-01 -0.05 2.8666E+02
1.0000E+00 -0.05 2.1300E+02
1.1220E+00 -0.05 1.5766E+02
1.2589E+00 -0.05 1.1719E+02
1.4125E+00 -0.05 8.7044E+01
1.5849E+00 -0.05 6.3807E+01
1.7783E+00 -0.05 4.7242E+01
1.9953E+00 -0.05 3.5298E+01
2.2387E+00 -0.05 2.6175E+01
2.5119E+00 -0.05 1.9134E+01
2.8184E+00 -0.05 1.4077E+01
3.1623E+00 -0.05 1.0289E+01
3.5481E+00 -0.05 7.5511E+00
3.9811E+00 -0.05 5.5480E+00
4.4668E+00 -0.05 4.0451E+00
5.0119E+00 -0.05 2.9493E+00
5.6234E+00 -0.05 2.1454E+00
6.3096E+00 -0.05 1.5581E+00
7.0795E+00 -0.05 1.1161E+00
7.9433E+00 -0.05 8.1531E-01
8.9125E+00 -0.05 6.0162E-01
1.0000E+01 -0.05 4.2526E-01
1.1220E+01 -0.05 3.0593E-01
1.2589E+01 -0.05 2.2100E-01
1.4125E+01 -0.05 1.5932E-01
1.5849E+01 -0.05 1.1508E-01
1.7783E+01 -0.05 8.2893E-02
1.9953E+01 -0.05 5.9539E-02
2.2387E+01 -0.05 4.2942E-02
2.5119E+01 -0.05 3.0409E-02
2.8184E+01 -0.05 2.1835E-02
3.1623E+01 -0.05 1.5857E-02
3.5481E+01 -0.05 1.1362E-02
3.9811E+01 -0.05 8.1368E-03
4.4668E+01 -0.05 5.8215E-03
5.0119E+01 -0.05 4.1621E-03
5.6234E+01 -0.05 2.9759E-03
6.3096E+01 -0.05 2.1259E-03
7.0795E+01 -0.05 1.5160E-03
7.9433E+01 -0.05 1.0813E-03
8.9125E+01 -0.05 7.7064E-04
1.0000E+02 -0.05 5.4739E-04
1.1220E+02 -0.05 3.8902E-04
1.2589E+02 -0.05 2.7643E-04
1.4125E+02 -0.05 1.9623E-04
1.5849E+02 -0.05 1.3897E-04
1.7783E+02 -0.05 9.8343E-05
1.9953E+02 -0.05 6.9578E-05
2.2387E+02 -0.05 4.9163E-05
2.5119E+02 -0.05 3.4644E-05
2.8184E+02 -0.05 2.4385E-05
3.1623E+02 -0.05 1.7184E-05
3.5481E+02 -0.05 1.2075E-05
3.9811E+02 -0.05 8.4834E-06
4.4668E+02 -0.05 5.9539E-06
5.0119E+02 -0.05 4.1699E-06
5.6234E+02 -0.05 2.9256E-06
6.3096E+02 -0.05 2.0422E-06
7.0795E+02 -0.05 1.4269E-06
7.9433E+02 -0.05 9.9868E-07
8.9125E+02 -0.05 6.9715E-07
1.0000E+03 -0.05 4.8630E-07
1.1220E+03 -0.05 3.3847E-07
1.2589E+03 -0.05 2.3582E-07
1.4125E+03 -0.05 1.6409E-07
1.5849E+03 -0.05 1.1415E-07
1.7783E+03 -0.05 7.9281E-08
1.9953E+03 -0.05 5.5166E-08
2.2387E+03 -0.05 3.8260E-08
2.5119E+03 -0.05 2.6482E-08
2.8184E+03 -0.05 1.8277E-08
3.1623E+03 -0.05 1.2693E-08
3.5481E+03 -0.05 8.7013E-09
3.9811E+03 -0.05 5.9716E-09
4.4668E+03 -0.05 4.0965E-09
5.0119E+03 -0.05 2.8164E-09
5.6234E+03 -0.05 1.9280E-09
6.3096E+03 -0.05 1.3139E-09
7.0795E+03 -0.05 8.9394E-10
7.9433E+03 -0.05 6.0766E-10
8.9125E+03 -0.05 4.1158E-10
1.0000E+04 -0.05 2.7808E-10
1.0000E-01 -0.15 2.5620E+04
1.1220E-01 -0.15 2.1499E+04
1.2589E-01 -0.15 1.7975E+04
1.4125E-01 -0.15 1.4948E+04
1.5849E-01 -0.15 1.2282E+04
1.7783E-01 -0.15 9.9590E+03
1.9953E-01 -0.15 7.9932E+03
2.2387E-01 -0.15 6.3443E+03
2.5119E-01 -0.15 4.9827E+03
2.8184E-01 -0.15 3.8832E+03
3.1623E-01 -0.15 2.9987E+03
3.5481E-01 -0.15 2.2990E+03
3.9811E-01 -0.15 1.7625E+03
4.4668E-01 -0.15 1.3428E+03
5.0119E-01 -0.15 1.0163E+03
5.6234E-01 -0.15 7.7030E+02
6.3096E-01 -0.15 5.8134E+02
7.0795E-01 -0.15 4.3717E+02
7.9433E-01 -0.15 3.2876E+02
8.9125E-01 -0.15 2.4722E+02
1.0000E+00 -0.15 1.8629E+02
1.1220E+00 -0.15 1.3982E+02
1.2589E+00 -0.15 1.0508E+02
1.4125E+00 -0.15 7.8942E+01
1.5849E+00 -0.15 5.9051E+01
1.7783E+00 -0.15 4.4017E+01
1.9953E+00 -0.15 3.2750E+01
2.2387E+00 -0.15 2.4281E+01
2.5119E+00 -0.15 1.7926E+01
2.8184E+00 -0.15 1.3203E+01
3.1623E+00 -0.15 9.7219E+00
3.5481E+00 -0.15 7.1188E+00
3.9811E+00 -0.15 5.1900E+00
4.4668E+00 -0.15 3.7845E+00
5.0119E+00 -0.15 2.7428E+00
5.6234E+00 -0.15 1.9808E+00
6.3096E+00 -0.15 1.4366E+00
7.0795E+00 -0.15 1.0428E+00
7.9433E+00 -0.15 7.4953E-01
8.9125E+00 -0.15 5.3819E-01
1.0000E+01 -0.15 3.8571E-01
1.1220E+01 -0.15 2.7637E-01
1.2589E+01 -0.15 1.9779E-01
1.4125E+01 -0.15 1.4145E-01
1.5849E+01 -0.15 1.0145E-01
1.7783E+01 -0.15 7.2552E-02
1.9953E+01 -0.15 5.1805E-02
2.2387E+01 -0.15 3.7063E-02
2.5119E+01 -0.15 2.6626E-02
2.8184E+01 -0.15 1.9030E-02
3.1623E+01 -0.15 1.3564E-02
3.5481E+01 -0.15 9.6919E-03
3.9811E+01 -0.15 6.9222E-03
4.4668E+01 -0.15 4.9343E-03
5.0119E+01 -0.15 3.5195E-03
5.6234E+01 -0.15 2.5118E-03
6.3096E+01 -0.15 1.7894E-03
7.0795E+01 -0.15 1.2739E-03
7.9433E+01 -0.15 9.0530E-04
8.9125E+01 -0.15 6.4322E-04
1.0000E+02 -0.15 4.5700E-04
1.1220E+02 -0.15 3.2404E-04
1.2589E+02 -0.15 2.2960E-04
1.4125E+02 -0.15 1.6266E-04
1.5849E+02 -0.15 1.1495E-04
1.7783E+02 -0.15 8.1080E-05
1.9953E+02 -0.15 5.7231E-05
2.2387E+02 -0.15 4.0327E-05
2.5119E+02 -0.15 2.8359E-05
2.8184E+02 -0.15 1.9908E-05
3.1623E+02 -0.15 1.4054E-05
3.5481E+02 -0.15 9.8717E-06
3.9811E+02 -0.15 6.9217E-06
4.4668E+02 -0.15 4.8447E-06
5.0119E+02 -0.15 3.3903E-06
5.6234E+02 -0.15 2.3776E-06
6.3096E+02 -0.15 1.6605E-06
7.0795E+02 -0.15 1.1594E-06
7.9433E+02 -0.15 8.0957E-07
8.9125E+02 -0.15 5.6386E-07
1.0000E+03 -0.15 3.9365E-07
1.1220E+03 -0.15 2.7353E-07
1.2589E+03 -0.15 1.9033E-07
1.4125E+03 -0.15 1.3212E-07
1.5849E+03 -0.15 9.1478E-08
1.7783E+03 -0.15 6.3167E-08
1.9953E+03 -0.15 4.3870E-08
2.2387E+03 -0.15 3.0259E-08
2.5119E+03 -0.15 2.0834E-08
2.8184E+03 -0.15 1.4318E-08
3.1623E+03 -0.15 9.9340E-09
3.5481E+03 -0.15 6.7224E-09
3.9811E+03 -0.15 4.5980E-09
4.4668E+03 -0.15 3.1324E-09
5.0119E+03 -0.15 2.1308E-09
5.6234E+03 -0.15 1.4433E-09
6.3096E+03 -0.15 9.7562E-10
7.0795E+03 -0.15 6.5926E-10
7.9433E+03 -0.15 4.4412E-10
8.9125E+03 -0.15 2.9853E-10
1.0000E+04 -0.15 2.0017E-10
1.0000E-01 -0.25 1.7835E+04
1.1220E-01 -0.25 1.5223E+04
1.2589E-01 -0.25 1.2906E+04
1.4125E-01 -0.25 1.0880E+04
1.5849E-01 -0.25 9.0906E+03
1.7783E-01 -0.25 7.5079E+03
1.9953E-01 -0.25 6.1360E+03
2.2387E-01 -0.25 4.9632E+03
2.5119E-01 -0.25 3.9628E+03
2.8184E-01 -0.25 3.1430E+03
3.1623E-01 -0.25 2.4790E+03
3.5481E-01 -0.25 1.9409E+03
3.9811E-01 -0.25 1.5127E+03
4.4668E-01 -0.25 1.1710E+03
5.0119E-01 -0.25 9.0114E+02
5.6234E-01 -0.25 6.9008E+02
6.3096E-01 -0.25 5.2761E+02
7.0795E-01 -0.25 4.0189E+02
7.9433E-01 -0.25 3.0547E+02
8.9125E-01 -0.25 2.3170E+02
1.0000E+00 -0.25 1.7497E+02
1.1220E+00 -0.25 1.3226E+02
1.2589E+00 -0.25 9.9828E+01
1.4125E+00 -0.25 7.5075E+01
1.5849E+00 -0.25 5.6260E+01
1.7783E+00 -0.25 4.1932E+01
1.9953E+00 -0.25 3.1155E+01
2.2387E+00 -0.25 2.3060E+01
2.5119E+00 -0.25 1.7023E+01
2.8184E+00 -0.25 1.2502E+01
3.1623E+00 -0.25 9.1696E+00
3.5481E+00 -0.25 6.6903E+00
3.9811E+00 -0.25 4.8513E+00
4.4668E+00 -0.25 3.5176E+00
5.0119E+00 -0.25 2.5504E+00
5.6234E+00 -0.25 1.8403E+00
6.3096E+00 -0.25 1.3250E+00
7.0795E+00 -0.25 9.5209E-01
7.9433E+00 -0.25 6.8454E-01
8.9125E+00 -0.25 4.8962E-01
1.0000E+01 -0.25 3.5121E-01
1.1220E+01 -0.25 2.5165E-01
1.2589E+01 -0.25 1.8004E-01
1.4125E+01 -0.25 1.2874E-01
1.5849E+01 -0.25 9.1715E-02
1.7783E+01 -0.25 6.5225E-02
1.9953E+01 -0.25 4.6604E-02
2.2387E+01 -0.25 3.3281E-02
2.5119E+01 -0.25 2.3739E-02
2.8184E+01 -0.25 1.6985E-02
3.1623E+01 -0.25 1.2116E-02
3.5481E+01 -0.25 8.6425E-03
3.9811E+01 -0.25 6.1579E-03
4.4668E+01 -0.25 4.3860E-03
5.0119E+01 -0.25 3.1239E-03
5.6234E+01 -0.25 2.2218E-03
6.3096E+01 -0.25 1.5793E-03
7.0795E+01 -0.25 1.1225E-03
7.9433E+01 -0.25 7.9608E-04
8.9125E+01 -0.25 5.6416E-04
1.0000E+02 -0.25 3.9981E-04
1.1220E+02 -0.25 2.8273E-04
1.2589E+02 -0.25 1.9997E-04
1.4125E+02 -0.25 1.4114E-04
1.5849E+02 -0.25 9.9523E-05
1.7783E+02 -0.25 7.0102E-05
1.9953E+02 -0.25 4.9260E-05
2.2387E+02 -0.25 3.4620E-05
2.5119E+02 -0.25 2.4281E-05
2.8184E+02 -0.25 1.7001E-05
3.1623E+02 -0.25 1.1935E-05
3.5481E+02 -0.25 8.3528E-06
3.9811E+02 -0.25 5.8444E-06
4.4668E+02 -0.25 4.0882E-06
5.0119E+02 -0.25 2.8602E-06
5.6234E+02 -0.25 2.0004E-06
6.3096E+02 -0.25 1.3913E-06
7.0795E+02 -0.25 9.6887E-07
7.9433E+02 -0.25 6.7477E-07
8.9125E+02 -0.25 4.7024E-07
1.0000E+03 -0.25 3.2703E-07
1.1220E+03 -0.25 2.2599E-07
1.2589E+03 -0.25 1.5639E-07
1.4125E+03 -0.25 1.0788E-07
1.5849E+03 -0.25 7.4345E-08
1.7783E+03 -0.25 5.1364E-08
1.9953E+03 -0.25 3.5315E-08
2.2387E+03 -0.25 2.4176E-08
2.5119E+03 -0.25 1.6592E-08
2.8184E+03 -0.25 1.1327E-08
3.1623E+03 -0.25 7.8319E-09
3.5481E+03 -0.25 5.2287E-09
3.9811E+03 -0.25 3.5374E-09
4.4668E+03 -0.25 2.3930E-09
5.0119E+03 -0.25 1.6174E-09
5.6234E+03 -0.25 1.0899E-09
6.3096E+03 -0.25 7.3080E-10
7.0795E+03 -0.25 4.9047E-10
7.9433E+03 -0.25 3.2810E-10
8.9125E+03 -0.25 2.1859E-10
1.0000E+04 -0.25 1.4616E-10
1.0000E-01 -0.35 1.3246E+04
1.1220E-01 -0.35 1.1462E+04
1.2589E-01 -0.35 9.8804E+03
1.4125E-01 -0.35 8.4614E+03
1.5849E-01 -0.35 7.1804E+03
1.7783E-01 -0.35 6.0282E+03
1.9953E-01 -0.35 5.0092E+03
2.2387E-01 -0.35 4.1137E+03
2.5119E-01 -0.35 3.3453E+03
2.8184E-01 -0.35 2.6998E+03
3.1623E-01 -0.35 2.1562E+03
3.5481E-01 -0.35 1.7136E+03
3.9811E-01 -0.35 1.3570E+03
4.4668E-01 -0.35 1.0639E+03
5.0119E-01 -0.35 8.2779E+02
5.6234E-01 -0.35 6.4116E+02
6.3096E-01 -0.35 4.9507E+02
7.0795E-01 -0.35 3.8125E+02
7.9433E-01 -0.35 2.9120E+02
8.9125E-01 -0.35 2.2079E+02
1.0000E+00 -0.35 1.6716E+02
1.1220E+00 -0.35 1.2651E+02
1.2589E+00 -0.35 9.5573E+01
1.4125E+00 -0.35 7.1884E+01
1.5849E+00 -0.35 5.3903E+01
1.7783E+00 -0.35 4.0180E+01
1.9953E+00 -0.35 2.9745E+01
2.2387E+00 -0.35 2.1946E+01
2.5119E+00 -0.35 1.6119E+01
2.8184E+00 -0.35 1.1783E+01
3.1623E+00 -0.35 8.6448E+00
3.5481E+00 -0.35 6.2931E+00
3.9811E+00 -0.35 4.5592E+00
4.4668E+00 -0.35 3.2997E+00
5.0119E+00 -0.35 2.3846E+00
5.6234E+00 -0.35 1.7204E+00
6.3096E+00 -0.35 1.2351E+00
7.0795E+00 -0.35 8.8478E-01
7.9433E+00 -0.35 6.3712E-01
8.9125E+00 -0.35 4.5649E-01
1.0000E+01 -0.35 3.2617E-01
1.1220E+01 -0.35 2.3340E-01
1.2589E+01 -0.35 1.6624E-01
1.4125E+01 -0.35 1.1822E-01
1.5849E+01 -0.35 8.4690E-02
1.7783E+01 -0.35 6.0593E-02
1.9953E+01 -0.35 4.3274E-02
2.2387E+01 -0.35 3.0832E-02
2.5119E+01 -0.35 2.1901E-02
2.8184E+01 -0.35 1.5584E-02
3.1623E+01 -0.35 1.1139E-02
3.5481E+01 -0.35 7.9436E-03
3.9811E+01 -0.35 5.6592E-03
4.4668E+01 -0.35 4.0232E-03
5.0119E+01 -0.35 2.8597E-03
5.6234E+01 -0.35 2.0283E-03
6.3096E+01 -0.35 1.4389E-03
7.0795E+01 -0.35 1.0202E-03
7.9433E+01 -0.35 7.2181E-04
8.9125E+01 -0.35 5.1061E-04
1.0000E+02 -0.35 3.6022E-04
1.1220E+02 -0.35 2.5407E-04
1.2589E+02 -0.35 1.7917E-04
1.4125E+02 -0.35 1.2619E-04
1.5849E+02 -0.35 8.8687E-05
1.7783E+02 -0.35 6.2232E-05
1.9953E+02 -0.35 4.3598E-05
2.2387E+02 -0.35 3.0604E-05
2.5119E+02 -0.35 2.1458E-05
2.8184E+02 -0.35 1.4970E-05
3.1623E+02 -0.35 1.0508E-05
3.5481E+02 -0.35 7.3427E-06
3.9811E+02 -0.35 5.1189E-06
4.4668E+02 -0.35 3.5767E-06
5.0119E+02 -0.35 2.4968E-06
5.6234E+02 -0.35 1.7419E-06
6.3096E+02 -0.35 1.2092E-06
7.0795E+02 -0.35 8.4047E-07
7.9433E+02 -0.35 5.8344E-07
8.9125E+02 -0.35 4.0373E-07
1.0000E+03 -0.35 2.8045E-07
1.1220E+03 -0.35 1.9323E-07
1.2589E+03 -0.35 1.3342E-07
1.4125E+03 -0.35 9.1632E-08
1.5849E+03 -0.35 6.2865E-08
1.7783E+03 -0.35 4.3136E-08
1.9953E+03 -0.35 2.9534E-08
2.2387E+03 -0.35 2.0117E-08
2.5119E+03 -0.35 1.3678E-08
2.8184E+03 -0.35 9.2907E-09
3.1623E+03 -0.35 6.4079E-09
3.5481E+03 -0.35 4.2432E-09
3.9811E+03 -0.35 2.8586E-09
4.4668E+03 -0.35 1.9201E-09
5.0119E+03 -0.35 1.2905E-09
5.6234E+03 -0.35 8.6337E-10
6.3096E+03 -0.35 5.7507E-10
7.0795E+03 -0.35 3.8324E-10
7.9433E+03 -0.35 2.5517E-10
8.9125E+03 -0.35 1.6968E-10
1.0000E+04 -0.35 1.1259E-10
1.0000E-01 -0.45 9.2260E+03
1.1220E-01 -0.45 8.1218E+03
1.2589E-01 -0.45 7.1117E+03
1.4125E-01 -0.45 6.1964E+03
1.5849E-01 -0.45 5.3520E+03
1.7783E-01 -0.45 4.5658E+03
1.9953E-01 -0.45 3.8642E+03
2.2387E-01 -0.45 3.2396E+03
2.5119E-01 -0.45 2.6839E+03
2.8184E-01 -0.45 2.2043E+03
3.1623E-01 -0.45 1.7969E+03
3.5481E-01 -0.45 1.4533E+03
3.9811E-01 -0.45 1.1652E+03
4.4668E-01 -0.45 9.2951E+02
5.0119E-01 -0.45 7.3686E+02
5.6234E-01 -0.45 5.7824E+02
6.3096E-01 -0.45 4.5116E+02
7.0795E-01 -0.45 3.4998E+02
7.9433E-01 -0.45 2.6926E+02
8.9125E-01 -0.45 2.0629E+02
1.0000E+00 -0.45 1.5754E+02
1.1220E+00 -0.45 1.1982E+02
1.2589E+00 -0.45 9.0360E+01
1.4125E+00 -0.45 6.8118E+01
1.5849E+00 -0.45 5.1279E+01
1.7783E+00 -0.45 3.8260E+01
1.9953E+00 -0.45 2.8305E+01
2.2387E+00 -0.45 2.0850E+01
2.5119E+00 -0.45 1.5319E+01
2.8184E+00 -0.45 1.1237E+01
3.1623E+00 -0.45 8.1963E+00
3.5481E+00 -0.45 5.9618E+00
3.9811E+00 -0.45 4.3174E+00
4.4668E+00 -0.45 3.1269E+00
5.0119E+00 -0.45 2.2599E+00
5.6234E+00 -0.45 1.6243E+00
6.3096E+00 -0.45 1.1677E+00
7.0795E+00 -0.45 8.3847E-01
7.9433E+00 -0.45 6.0055E-01
8.9125E+00 -0.45 4.3004E-01
1.0000E+01 -0.45 3.0738E-01
1.1220E+01 -0.45 2.1887E-01
1.2589E+01 -0.45 1.5620E-01
1.4125E+01 -0.45 1.1137E-01
1.5849E+01 -0.45 7.9380E-02
1.7783E+01 -0.45 5.6602E-02
1.9953E+01 -0.45 4.0271E-02
2.2387E+01 -0.45 2.8705E-02
2.5119E+01 -0.45 2.0532E-02
2.8184E+01 -0.45 1.4659E-02
3.1623E+01 -0.45 1.0417E-02
3.5481E+01 -0.45 7.4012E-03
3.9811E+01 -0.45 5.2587E-03
4.4668E+01 -0.45 3.7336E-03
5.0119E+01 -0.45 2.6482E-03
5.6234E+01 -0.45 1.8779E-03
6.3096E+01 -0.45 1.3279E-03
7.0795E+01 -0.45 9.3800E-04
7.9433E+01 -0.45 6.6344E-04
8.9125E+01 -0.45 4.6812E-04
1.0000E+02 -0.45 3.2945E-04
1.1220E+02 -0.45 2.3162E-04
1.2589E+02 -0.45 1.6300E-04
1.4125E+02 -0.45 1.1450E-04
1.5849E+02 -0.45 8.0356E-05
1.7783E+02 -0.45 5.6432E-05
1.9953E+02 -0.45 3.9478E-05
2.2387E+02 -0.45 2.7596E-05
2.5119E+02 -0.45 1.9345E-05
2.8184E+02 -0.45 1.3506E-05
3.1623E+02 -0.45 9.4367E-06
3.5481E+02 -0.45 6.5789E-06
3.9811E+02 -0.45 4.5866E-06
4.4668E+02 -0.45 3.1916E-06
5.0119E+02 -0.45 2.2246E-06
5.6234E+02 -0.45 1.5504E-06
6.3096E+02 -0.45 1.0731E-06
7.0795E+02 -0.45 7.4330E-07
7.9433E+02 -0.45 5.1365E-07
8.9125E+02 -0.45 3.5480E-07
1.0000E+03 -0.45 2.4635E-07
1.1220E+03 -0.45 1.6874E-07
1.2589E+03 -0.45 1.1573E-07
1.4125E+03 -0.45 7.9191E-08
1.5849E+03 -0.45 5.4324E-08
1.7783E+03 -0.45 3.7106E-08
1.9953E+03 -0.45 2.5185E-08
2.2387E+03 -0.45 1.7095E-08
2.5119E+03 -0.45 1.1580E-08
2.8184E+03 -0.45 7.8396E-09
3.1623E+03 -0.45 5.3995E-09
3.5481E+03 -0.45 3.5427E-09
3.9811E+03 -0.45 2.3754E-09
4.4668E+03 -0.45 1.5886E-09
5.0119E+03 -0.45 1.0581E-09
5.6234E+03 -0.45 7.0573E-10
6.3096E+03 -0.45 4.7113E-10
7.0795E+03 -0.45 3.1276E-10
7.9433E+03 -0.45 2.0706E-10
8.9125E+03 -0.45 1.3700E-10
1.0000E+04 -0.45 9.0331E-11
1.0000E-01 -0.55 5.4847E+03
1.1220E-01 -0.55 4.9132E+03
1.2589E-01 -0.55 4.3847E+03
1.4125E-01 -0.55 3.8873E+03
1.5849E-01 -0.55 3.4152E+03
1.7783E-01 -0.55 2.9740E+03
1.9953E-01 -0.55 2.5659E+03
2.2387E-01 -0.55 2.1921E+03
2.5119E-01 -0.55 1.8533E+03
2.8184E-01 -0.55 1.5537E+03
3.1623E-01 -0.55 1.2954E+03
3.5481E-01 -0.55 1.0717E+03
3.9811E-01 -0.55 8.7732E+02
4.4668E-01 -0.55 7.1197E+02
5.0119E-01 -0.55 5.7605E+02
5.6234E-01 -0.55 4.6129E+02
6.3096E-01 -0.55 3.6694E+02
7.0795E-01 -0.55 2.9070E+02
7.9433E-01 -0.55 2.2745E+02
8.9125E-01 -0.55 1.7732E+02
1.0000E+00 -0.55 1.3769E+02
1.1220E+00 -0.55 1.0620E+02
1.2589E+00 -0.55 8.1424E+01
1.4125E+00 -0.55 6.1971E+01
1.5849E+00 -0.55 4.6894E+01
1.7783E+00 -0.55 3.5243E+01
1.9953E+00 -0.55 2.6325E+01
2.2387E+00 -0.55 1.9573E+01
2.5119E+00 -0.55 1.4403E+01
2.8184E+00 -0.55 1.0573E+01
3.1623E+00 -0.55 7.7543E+00
3.5481E+00 -0.55 5.6532E+00
3.9811E+00 -0.55 4.1101E+00
4.4668E+00 -0.55 2.9805E+00
5.0119E+00 -0.55 2.1487E+00
5.6234E+00 -0.55 1.5508E+00
6.3096E+00 -0.55 1.1191E+00
7.0795E+00 -0.55 8.0064E-01
7.9433E+00 -0.55 5.7347E-01
8.9125E+00 -0.55 4.1139E-01
1.0000E+01 -0.55 2.9233E-01
1.1220E+01 -0.55 2.0838E-01
1.2589E+01 -0.55 1.4871E-01
1.4125E+01 -0.55 1.0627E-01
1.5849E+01 -0.55 7.5747E-02
1.7783E+01 -0.55 5.3876E-02
1.9953E+01 -0.55 3.8413E-02
2.2387E+01 -0.55 2.7317E-02
2.5119E+01 -0.55 1.9436E-02
2.8184E+01 -0.55 1.3826E-02
3.1623E+01 -0.55 9.8226E-03
3.5481E+01 -0.55 6.9746E-03
3.9811E+01 -0.55 4.9492E-03
4.4668E+01 -0.55 3.5081E-03
5.0119E+01 -0.55 2.4822E-03
5.6234E+01 -0.55 1.7584E-03
6.3096E+01 -0.55 1.2415E-03
7.0795E+01 -0.55 8.7473E-04
7.9433E+01 -0.55 6.1558E-04
8.9125E+01 -0.55 4.3299E-04
1.0000E+02 -0.55 3.0504E-04
1.1220E+02 -0.55 2.1410E-04
1.2589E+02 -0.55 1.5028E-04
1.4125E+02 -0.55 1.0530E-04
1.5849E+02 -0.55 7.3741E-05
1.7783E+02 -0.55 5.1647E-05
1.9953E+02 -0.55 3.6139E-05
2.2387E+02 -0.55 2.5253E-05
2.5119E+02 -0.55 1.7610E-05
2.8184E+02 -0.55 1.2309E-05
3.1623E+02 -0.55 8.5911E-06
3.5481E+02 -0.55 5.9667E-06
3.9811E+02 -0.55 4.1561E-06
4.4668E+02 -0.55 2.8921E-06
5.0119E+02 -0.55 2.0084E-06
5.6234E+02 -0.55 1.3986E-06
6.3096E+02 -0.55 9.6410E-07
7.0795E+02 -0.55 6.6641E-07
7.9433E+02 -0.55 4.6031E-07
8.9125E+02 -0.55 3.1660E-07
1.0000E+03 -0.55 2.1892E-07
1.1220E+03 -0.55 1.4946E-07
1.2589E+03 -0.55 1.0211E-07
1.4125E+03 -0.55 6.9546E-08
1.5849E+03 -0.55 4.7457E-08
1.7783E+03 -0.55 3.2312E-08
1.9953E+03 -0.55 2.1914E-08
2.2387E+03 -0.55 1.4792E-08
2.5119E+03 -0.55 9.9640E-09
2.8184E+03 -0.55 6.7068E-09
3.1623E+03 -0.55 4.6286E-09
3.5481E+03 -0.55 3.0134E-09
3.9811E+03 -0.55 2.0148E-09
4.4668E+03 -0.55 1.3443E-09
5.0119E+03 -0.55 8.9270E-10
5.6234E+03 -0.55 5.9239E-10
6.3096E+03 -0.55 3.9362E-10
7.0795E+03 -0.55 2.6072E-10
7.9433E+03 -0.55 1.7266E-10
8.9125E+03 -0.55 1.1430E-10
1.0000E+04 -0.55 7.5424E-11
1.0000E-01 -0.65 3.5652E+03
1.1220E-01 -0.65 3.2296E+03
1.2589E-01 -0.65 2.9061E+03
1.4125E-01 -0.65 2.5987E+03
1.5849E-01 -0.65 2.3077E+03
1.7783E-01 -0.65 2.0292E+03
1.9953E-01 -0.65 1.7673E+03
2.2387E-01 -0.65 1.5245E+03
2.5119E-01 -0.65 1.3028E+03
2.8184E-01 -0.65 1.1046E+03
3.1623E-01 -0.65 9.2875E+02
3.5481E-01 -0.65 7.7563E+02
3.9811E-01 -0.65 6.4339E+02
4.4668E-01 -0.65 5.3028E+02
5.0119E-01 -0.65 4.3427E+02
5.6234E-01 -0.65 3.5343E+02
6.3096E-01 -0.65 2.8527E+02
7.0795E-01 -0.65 2.2866E+02
7.9433E-01 -0.65 1.8222E+02
8.9125E-01 -0.65 1.4435E+02
1.0000E+00 -0.65 1.1358E+02
1.1220E+00 -0.65 8.8752E+01
1.2589E+00 -0.65 6.9107E+01
1.4125E+00 -0.65 5.3413E+01
1.5849E+00 -0.65 4.0950E+01
1.7783E+00 -0.65 3.1183E+01
1.9953E+00 -0.65 2.3573E+01
2.2387E+00 -0.65 1.7707E+01
2.5119E+00 -0.65 1.3197E+01
2.8184E+00 -0.65 9.7991E+00
3.1623E+00 -0.65 7.2364E+00
3.5481E+00 -0.65 5.3152E+00
3.9811E+00 -0.65 3.8817E+00
4.4668E+00 -0.65 2.8243E+00
5.0119E+00 -0.65 2.0425E+00
5.6234E+00 -0.65 1.4748E+00
6.3096E+00 -0.65 1.0635E+00
7.0795E+00 -0.65 7.6228E-01
7.9433E+00 -0.65 5.4634E-01
8.9125E+00 -0.65 3.9194E-01
1.0000E+01 -0.65 2.7991E-01
1.1220E+01 -0.65 1.9956E-01
1.2589E+01 -0.65 1.4237E-01
1.4125E+01 -0.65 1.0135E-01
1.5849E+01 -0.65 7.2229E-02
1.7783E+01 -0.65 5.1494E-02
1.9953E+01 -0.65 3.6641E-02
2.2387E+01 -0.65 2.6024E-02
2.5119E+01 -0.65 1.8445E-02
2.8184E+01 -0.65 1.3089E-02
3.1623E+01 -0.65 9.3419E-03
3.5481E+01 -0.65 6.6252E-03
3.9811E+01 -0.65 4.6890E-03
4.4668E+01 -0.65 3.3123E-03
5.0119E+01 -0.65 2.3421E-03
5.6234E+01 -0.65 1.6536E-03
6.3096E+01 -0.65 1.1670E-03
7.0795E+01 -0.65 8.2192E-04
7.9433E+01 -0.65 5.7725E-04
8.9125E+01 -0.65 4.0607E-04
1.0000E+02 -0.65 2.8559E-04
1.1220E+02 -0.65 2.0017E-04
1.2589E+02 -0.65 1.4018E-04
1.4125E+02 -0.65 9.8053E-05
1.5849E+02 -0.65 6.8552E-05
1.7783E+02 -0.65 4.8040E-05
1.9953E+02 -0.65 3.3592E-05
2.2387E+02 -0.65 2.3424E-05
2.5119E+02 -0.65 1.6351E-05
2.8184E+02 -0.65 1.1387E-05
3.1623E+02 -0.65 7.9504E-06
3.5481E+02 -0.65 5.5161E-06
3.9811E+02 -0.65 3.8264E-06
4.4668E+02 -0.65 2.6532E-06
5.0119E+02 -0.65 1.8433E-06
5.6234E+02 -0.65 1.2833E-06
6.3096E+02 -0.65 8.8086E-07
7.0795E+02 -0.65 6.0700E-07
7.9433E+02 -0.65 4.1768E-07
8.9125E+02 -0.65 2.8713E-07
1.0000E+03 -0.65 1.9843E-07
1.1220E+03 -0.65 1.3454E-07
1.2589E+03 -0.65 9.1754E-08
1.4125E+03 -0.65 6.2385E-08
1.5849E+03 -0.65 4.2396E-08
1.7783E+03 -0.65 2.8735E-08
1.9953E+03 -0.65 1.9411E-08
2.2387E+03 -0.65 1.3041E-08
2.5119E+03 -0.65 8.7412E-09
2.8184E+03 -0.65 5.8819E-09
3.1623E+03 -0.65 4.0444E-09
3.5481E+03 -0.65 2.6222E-09
3.9811E+03 -0.65 1.7489E-09
4.4668E+03 -0.65 1.1678E-09
5.0119E+03 -0.65 7.7597E-10
5.6234E+03 -0.65 5.1200E-10
6.3096E+03 -0.65 3.3953E-10
7.0795E+03 -0.65 2.2400E-10
7.9433E+03 -0.65 1.4761E-10
8.9125E+03 -0.65 9.7142E-11
1.0000E+04 -0.65 6.4053E-11
1.0000E-01 -0.75 3.1061E+03
1.1220E-01 -0.75 2.8258E+03
1.2589E-01 -0.75 2.5546E+03
1.4125E-01 -0.75 2.2926E+03
1.5849E-01 -0.75 2.0423E+03
1.7783E-01 -0.75 1.8028E+03
1.9953E-01 -0.75 1.5733E+03
2.2387E-01 -0.75 1.3614E+03
2.5119E-01 -0.75 1.1646E+03
2.8184E-01 -0.75 9.8795E+02
3.1623E-01 -0.75 8.3277E+02
3.5481E-01 -0.75 6.9735E+02
3.9811E-01 -0.75 5.7924E+02
4.4668E-01 -0.75 4.7819E+02
5.0119E-01 -0.75 3.9135E+02
5.6234E-01 -0.75 3.1855E+02
6.3096E-01 -0.75 2.5830E+02
7.0795E-01 -0.75 2.0751E+02
7.9433E-01 -0.75 1.6567E+02
8.9125E-01 -0.75 1.3175E+02
1.0000E+00 -0.75 1.0397E+02
1.1220E+00 -0.75 8.1516E+01
1.2589E+00 -0.75 6.3525E+01
1.4125E+00 -0.75 4.9327E+01
1.5849E+00 -0.75 3.7944E+01
1.7783E+00 -0.75 2.9026E+01
1.9953E+00 -0.75 2.2032E+01
2.2387E+00 -0.75 1.6605E+01
2.5119E+00 -0.75 1.2425E+01
2.8184E+00 -0.75 9.2520E+00
3.1623E+00 -0.75 6.8606E+00
3.5481E+00 -0.75 5.0569E+00
3.9811E+00 -0.75 3.7075E+00
4.4668E+00 -0.75 2.7049E+00
5.0119E+00 -0.75 1.9678E+00
5.6234E+00 -0.75 1.4259E+00
6.3096E+00 -0.75 1.0278E+00
7.0795E+00 -0.75 7.3862E-01
7.9433E+00 -0.75 5.3078E-01
8.9125E+00 -0.75 3.8053E-01
1.0000E+01 -0.75 2.7071E-01
1.1220E+01 -0.75 1.9268E-01
1.2589E+01 -0.75 1.3766E-01
1.4125E+01 -0.75 9.8145E-02
1.5849E+01 -0.75 6.9674E-02
1.7783E+01 -0.75 4.9457E-02
1.9953E+01 -0.75 3.5233E-02
2.2387E+01 -0.75 2.5101E-02
2.5119E+01 -0.75 1.7745E-02
2.8184E+01 -0.75 1.2624E-02
3.1623E+01 -0.75 8.9688E-03
3.5481E+01 -0.75 6.3526E-03
3.9811E+01 -0.75 4.4920E-03
4.4668E+01 -0.75 3.1728E-03
5.0119E+01 -0.75 2.2397E-03
5.6234E+01 -0.75 1.5789E-03
6.3096E+01 -0.75 1.1119E-03
7.0795E+01 -0.75 7.8128E-04
7.9433E+01 -0.75 5.4931E-04
8.9125E+01 -0.75 3.8564E-04
1.0000E+02 -0.75 2.7018E-04
1.1220E+02 -0.75 1.8931E-04
1.2589E+02 -0.75 1.3268E-04
1.4125E+02 -0.75 9.2859E-05
1.5849E+02 -0.75 6.4877E-05
1.7783E+02 -0.75 4.5339E-05
1.9953E+02 -0.75 3.1597E-05
2.2387E+02 -0.75 2.2013E-05
2.5119E+02 -0.75 1.5323E-05
2.8184E+02 -0.75 1.0670E-05
3.1623E+02 -0.75 7.4520E-06
3.5481E+02 -0.75 5.1559E-06
3.9811E+02 -0.75 3.5793E-06
4.4668E+02 -0.75 2.4815E-06
5.0119E+02 -0.75 1.7170E-06
5.6234E+02 -0.75 1.1941E-06
6.3096E+02 -0.75 8.1675E-07
7.0795E+02 -0.75 5.6055E-07
7.9433E+02 -0.75 3.8526E-07
8.9125E+02 -0.75 2.6420E-07
1.0000E+03 -0.75 1.8200E-07
1.1220E+03 -0.75 1.2295E-07
1.2589E+03 -0.75 8.3521E-08
1.4125E+03 -0.75 5.6615E-08
1.5849E+03 -0.75 3.8293E-08
1.7783E+03 -0.75 2.5914E-08
1.9953E+03 -0.75 1.7468E-08
2.2387E+03 -0.75 1.1737E-08
2.5119E+03 -0.75 7.8749E-09
2.8184E+03 -0.75 5.2550E-09
3.1623E+03 -0.75 3.6127E-09
3.5481E+03 -0.75 2.3413E-09
3.9811E+03 -0.75 1.5547E-09
4.4668E+03 -0.75 1.0307E-09
5.0119E+03 -0.75 6.8456E-10
5.6234E+03 -0.75 4.5191E-10
6.3096E+03 -0.75 2.9846E-10
7.0795E+03 -0.75 1.9701E-10
7.9433E+03 -0.75 1.3033E-10
8.9125E+03 -0.75 8.5716E-11
1.0000E+04 -0.75 5.6645E-11
1.0000E-01 -0.85 4.3306E+03
1.1220E-01 -0.85 3.9402E+03
1.2589E-01 -0.85 3.5632E+03
1.4125E-01 -0.85 3.1961E+03
1.5849E-01 -0.85 2.8376E+03
1.7783E-01 -0.85 2.4922E+03
1.9953E-01 -0.85 2.1667E+03
2.2387E-01 -0.85 1.8628E+03
2.5119E-01 -0.85 1.5810E+03
2.8184E-01 -0.85 1.3289E+03
3.1623E-01 -0.85 1.1091E+03
3.5481E-01 -0.85 9.1696E+02
3.9811E-01 -0.85 7.5181E+02
4.4668E-01 -0.85 6.1197E+02
5.0119E-01 -0.85 4.9360E+02
5.6234E-01 -0.85 3.9516E+02
6.3096E-01 -0.85 3.1428E+02
7.0795E-01 -0.85 2.4800E+02
7.9433E-01 -0.85 1.9479E+02
8.9125E-01 -0.85 1.5207E+02
1.0000E+00 -0.85 1.1777E+02
1.1220E+00 -0.85 9.0908E+01
1.2589E+00 -0.85 6.9990E+01
1.4125E+00 -0.85 5.3413E+01
1.5849E+00 -0.85 4.0512E+01
1.7783E+00 -0.85 3.0602E+01
1.9953E+00 -0.85 2.2938E+01
2.2387E+00 -0.85 1.7085E+01
2.5119E+00 -0.85 1.2690E+01
2.8184E+00 -0.85 9.3530E+00
3.1623E+00 -0.85 6.8792E+00
3.5481E+00 -0.85 5.0367E+00
3.9811E+00 -0.85 3.6713E+00
4.4668E+00 -0.85 2.6653E+00
5.0119E+00 -0.85 1.9273E+00
5.6234E+00 -0.85 1.3896E+00
6.3096E+00 -0.85 9.9938E-01
7.0795E+00 -0.85 7.1874E-01
7.9433E+00 -0.85 5.1505E-01
8.9125E+00 -0.85 3.6749E-01
1.0000E+01 -0.85 2.6365E-01
1.1220E+01 -0.85 1.8765E-01
1.2589E+01 -0.85 1.3358E-01
1.4125E+01 -0.85 9.5151E-02
1.5849E+01 -0.85 6.7597E-02
1.7783E+01 -0.85 4.7953E-02
1.9953E+01 -0.85 3.4147E-02
2.2387E+01 -0.85 2.4322E-02
2.5119E+01 -0.85 1.7229E-02
2.8184E+01 -0.85 1.2236E-02
3.1623E+01 -0.85 8.6594E-03
3.5481E+01 -0.85 6.1175E-03
3.9811E+01 -0.85 4.3165E-03
4.4668E+01 -0.85 3.0484E-03
5.0119E+01 -0.85 2.1491E-03
5.6234E+01 -0.85 1.5134E-03
6.3096E+01 -0.85 1.0647E-03
7.0795E+01 -0.85 7.4938E-04
7.9433E+01 -0.85 5.2673E-04
8.9125E+01 -0.85 3.6876E-04
1.0000E+02 -0.85 2.5835E-04
1.1220E+02 -0.85 1.8085E-04
1.2589E+02 -0.85 1.2650E-04
1.4125E+02 -0.85 8.8459E-05
1.5849E+02 -0.85 6.1848E-05
1.7783E+02 -0.85 4.3189E-05
1.9953E+02 -0.85 3.0117E-05
2.2387E+02 -0.85 2.0954E-05
2.5119E+02 -0.85 1.4549E-05
2.8184E+02 -0.85 1.0133E-05
3.1623E+02 -0.85 7.0666E-06
3.5481E+02 -0.85 4.8840E-06
3.9811E+02 -0.85 3.3863E-06
4.4668E+02 -0.85 2.3418E-06
5.0119E+02 -0.85 1.6161E-06
5.6234E+02 -0.85 1.1224E-06
6.3096E+02 -0.85 7.6722E-07
7.0795E+02 -0.85 5.2589E-07
7.9433E+02 -0.85 3.6049E-07
8.9125E+02 -0.85 2.4703E-07
1.0000E+03 -0.85 1.6987E-07
1.1220E+03 -0.85 1.1443E-07
1.2589E+03 -0.85 7.7597E-08
1.4125E+03 -0.85 5.2518E-08
1.5849E+03 -0.85 3.5571E-08
1.7783E+03 -0.85 2.3871E-08
1.9953E+03 -0.85 1.6058E-08
2.2387E+03 -0.85 1.0756E-08
2.5119E+03 -0.85 7.1892E-09
2.8184E+03 -0.85 4.7886E-09
3.1623E+03 -0.85 3.3002E-09
3.5481E+03 -0.85 2.1286E-09
3.9811E+03 -0.85 1.4124E-09
4.4668E+03 -0.85 9.3567E-10
5.0119E+03 -0.85 6.2180E-10
5.6234E+03 -0.85 4.1051E-10
6.3096E+03 -0.85 2.7055E-10
7.0795E+03 -0.85 1.7848E-10
7.9433E+03 -0.85 1.1718E-10
8.9125E+03 -0.85 7.7170E-11
1.0000E+04 -0.85 5.0929E-11
1.0000E-01 -0.95 8.9399E+03
1.1220E-01 -0.95 8.0555E+03
1.2589E-01 -0.95 7.2083E+03
1.4125E-01 -0.95 6.3881E+03
1.5849E-01 -0.95 5.5920E+03
1.7783E-01 -0.95 4.8232E+03
1.9953E-01 -0.95 4.0972E+03
2.2387E-01 -0.95 3.4389E+03
2.5119E-01 -0.95 2.8467E+03
2.8184E-01 -0.95 2.3263E+03
3.1623E-01 -0.95 1.8825E+03
3.5481E-01 -0.95 1.5054E+03
3.9811E-01 -0.95 1.1933E+03
4.4668E-01 -0.95 9.3711E+02
5.0119E-01 -0.95 7.2867E+02
5.6234E-01 -0.95 5.6317E+02
6.3096E-01 -0.95 4.3215E+02
7.0795E-01 -0.95 3.2952E+02
7.9433E-01 -0.95 2.5003E+02
8.9125E-01 -0.95 1.8899E+02
1.0000E+00 -0.95 1.4213E+02
1.1220E+00 -0.95 1.0666E+02
1.2589E+00 -0.95 7.9843E+01
1.4125E+00 -0.95 5.9674E+01
1.5849E+00 -0.95 4.4374E+01
1.7783E+00 -0.95 3.2776E+01
1.9953E+00 -0.95 2.4167E+01
2.2387E+00 -0.95 1.7739E+01
2.5119E+00 -0.95 1.2988E+01
2.8184E+00 -0.95 9.4914E+00
3.1623E+00 -0.95 6.9020E+00
3.5481E+00 -0.95 5.0042E+00
3.9811E+00 -0.95 3.6226E+00
4.4668E+00 -0.95 2.6184E+00
5.0119E+00 -0.95 1.8867E+00
5.6234E+00 -0.95 1.3596E+00
6.3096E+00 -0.95 9.7745E-01
7.0795E+00 -0.95 6.9868E-01
7.9433E+00 -0.95 4.9989E-01
8.9125E+00 -0.95 3.5927E-01
1.0000E+01 -0.95 2.5691E-01
1.1220E+01 -0.95 1.8291E-01
1.2589E+01 -0.95 1.3021E-01
1.4125E+01 -0.95 9.2650E-02
1.5849E+01 -0.95 6.5840E-02
1.7783E+01 -0.95 4.6858E-02
1.9953E+01 -0.95 3.3328E-02
2.2387E+01 -0.95 2.3675E-02
2.5119E+01 -0.95 1.6735E-02
2.8184E+01 -0.95 1.1814E-02
3.1623E+01 -0.95 8.3862E-03
3.5481E+01 -0.95 5.9219E-03
3.9811E+01 -0.95 4.1842E-03
4.4668E+01 -0.95 2.9535E-03
5.0119E+01 -0.95 2.0764E-03
5.6234E+01 -0.95 1.4582E-03
6.3096E+01 -0.95 1.0263E-03
7.0795E+01 -0.95 7.2156E-04
7.9433E+01 -0.95 5.0604E-04
8.9125E+01 -0.95 3.5516E-04
1.0000E+02 -0.95 2.4889E-04
1.1220E+02 -0.95 1.7385E-04
1.2589E+02 -0.95 1.2161E-04
1.4125E+02 -0.95 8.4976E-05
1.5849E+02 -0.95 5.9280E-05
1.7783E+02 -0.95 4.1373E-05
1.9953E+02 -0.95 2.8826E-05
2.2387E+02 -0.95 2.0073E-05
2.5119E+02 -0.95 1.3974E-05
2.8184E+02 -0.95 9.6871E-06
3.1623E+02 -0.95 6.7534E-06
3.5481E+02 -0.95 4.6641E-06
3.9811E+02 -0.95 3.2258E-06
4.4668E+02 -0.95 2.2287E-06
5.0119E+02 -0.95 1.5366E-06
5.6234E+02 -0.95 1.0660E-06
6.3096E+02 -0.95 7.2742E-07
7.0795E+02 -0.95 4.9828E-07
7.9433E+02 -0.95 3.4111E-07
8.9125E+02 -0.95 2.3298E-07
1.0000E+03 -0.95 1.6010E-07
1.1220E+03 -0.95 1.0708E-07
1.2589E+03 -0.95 7.2539E-08
1.4125E+03 -0.95 4.8944E-08
1.5849E+03 -0.95 3.2913E-08
1.7783E+03 -0.95 2.2198E-08
1.9953E+03 -0.95 1.4977E-08
2.2387E+03 -0.95 1.0035E-08
2.5119E+03 -0.95 6.6649E-09
2.8184E+03 -0.95 4.4379E-09
3.1623E+03 -0.95 3.0471E-09
3.5481E+03 -0.95 1.9699E-09
3.9811E+03 -0.95 1.3058E-09
4.4668E+03 -0.95 8.6299E-10
5.0119E+03 -0.95 5.7152E-10
5.6234E+03 -0.95 3.7823E-10
6.3096E+03 -0.95 2.4874E-10
7.0795E+03 -0.95 1.6386E-10
7.9433E+03 -0.95 1.0802E-10
8.9125E+03 -0.95 7.0567E-11
1.0000E+04 -0.95 4.6369E-11
