1.0000E-01 0.95 9.0531E+03
1.1220E-01 0.95 8.2126E+03
1.2589E-01 0.95 7.4005E+03
1.4125E-01 0.95 6.6198E+03
1.5849E-01 0.95 5.8649E+03
1.7783E-01 0.95 5.1380E+03
1.9953E-01 0.95 4.4327E+03
2.2387E-01 0.95 3.7515E+03
2.5119E-01 0.95 3.1178E+03
2.8184E-01 0.95 2.5503E+03
3.1623E-01 0.95 2.0563E+03
3.5481E-01 0.95 1.6351E+03
3.9811E-01 0.95 1.2851E+03
4.4668E-01 0.95 1.0002E+03
5.0119E-01 0.95 7.7144E+02
5.6234E-01 0.95 5.9055E+02
6.3096E-01 0.95 4.4901E+02
7.0795E-01 0.95 3.3886E+02
7.9433E-01 0.95 2.5429E+02
8.9125E-01 0.95 1.8985E+02
1.0000E+00 0.95 1.4080E+02
1.1220E+00 0.95 1.0400E+02
1.2589E+00 0.95 7.6867E+01
1.4125E+00 0.95 5.6257E+01
1.5849E+00 0.95 4.1050E+01
1.7783E+00 0.95 2.9869E+01
1.9953E+00 0.95 2.1648E+01
2.2387E+00 0.95 1.5655E+01
2.5119E+00 0.95 1.1293E+01
2.8184E+00 0.95 8.1181E+00
3.1623E+00 0.95 5.8170E+00
3.5481E+00 0.95 4.1677E+00
3.9811E+00 0.95 2.9789E+00
4.4668E+00 0.95 2.1151E+00
5.0119E+00 0.95 1.5041E+00
5.6234E+00 0.95 1.0739E+00
6.3096E+00 0.95 7.6079E-01
7.0795E+00 0.95 5.3950E-01
7.9433E+00 0.95 3.8260E-01
8.9125E+00 0.95 2.7090E-01
1.0000E+01 0.95 1.9209E-01
1.1220E+01 0.95 1.3626E-01
1.2589E+01 0.95 9.6340E-02
1.4125E+01 0.95 6.8155E-02
1.5849E+01 0.95 4.8290E-02
1.7783E+01 0.95 3.4160E-02
1.9953E+01 0.95 2.4152E-02
2.2387E+01 0.95 1.6980E-02
2.5119E+01 0.95 1.2048E-02
2.8184E+01 0.95 8.4745E-03
3.1623E+01 0.95 5.9713E-03
3.5481E+01 0.95 4.2095E-03
3.9811E+01 0.95 2.9599E-03
4.4668E+01 0.95 2.0740E-03
5.0119E+01 0.95 1.4528E-03
5.6234E+01 0.95 1.0175E-03
6.3096E+01 0.95 7.1281E-04
7.0795E+01 0.95 4.9826E-04
7.9433E+01 0.95 3.4680E-04
8.9125E+01 0.95 2.4179E-04
1.0000E+02 0.95 1.6834E-04
1.1220E+02 0.95 1.1698E-04
1.2589E+02 0.95 8.1212E-05
1.4125E+02 0.95 5.6278E-05
1.5849E+02 0.95 3.8999E-05
1.7783E+02 0.95 2.7023E-05
1.9953E+02 0.95 1.8753E-05
2.2387E+02 0.95 1.2973E-05
2.5119E+02 0.95 8.9581E-06
2.8184E+02 0.95 6.1820E-06
3.1623E+02 0.95 4.2524E-06
3.5481E+02 0.95 2.9240E-06
3.9811E+02 0.95 2.0097E-06
4.4668E+02 0.95 1.3777E-06
5.0119E+02 0.95 9.4307E-07
5.6234E+02 0.95 6.4733E-07
6.3096E+02 0.95 4.4183E-07
7.0795E+02 0.95 2.9994E-07
7.9433E+02 0.95 2.0505E-07
8.9125E+02 0.95 1.3912E-07
1.0000E+03 0.95 9.3904E-08
1.1220E+03 0.95 6.3599E-08
1.2589E+03 0.95 4.2817E-08
1.4125E+03 0.95 2.8753E-08
1.5849E+03 0.95 1.9303E-08
1.7783E+03 0.95 1.2914E-08
1.9953E+03 0.95 8.6289E-09
2.2387E+03 0.95 5.7271E-09
2.5119E+03 0.95 3.8114E-09
2.8184E+03 0.95 2.5143E-09
3.1623E+03 0.95 1.6669E-09
3.5481E+03 0.95 1.1105E-09
3.9811E+03 0.95 7.3460E-10
4.4668E+03 0.95 4.8492E-10
5.0119E+03 0.95 3.1710E-10
5.6234E+03 0.95 2.0697E-10
6.3096E+03 0.95 1.3620E-10
7.0795E+03 0.95 8.9528E-11
7.9433E+03 0.95 5.9340E-11
8.9125E+03 0.95 3.9207E-11
1.0000E+04 0.95 2.5413E-11
1.0000E-01 0.85 9.3433E+03
1.1220E-01 0.85 8.4564E+03
1.2589E-01 0.85 7.5981E+03
1.4125E-01 0.85 6.7758E+03
1.5849E-01 0.85 5.9881E+03
1.7783E-01 0.85 5.2326E+03
1.9953E-01 0.85 4.5045E+03
2.2387E-01 0.85 3.8080E+03
2.5119E-01 0.85 3.1658E+03
2.8184E-01 0.85 2.5905E+03
3.1623E-01 0.85 2.0891E+03
3.5481E-01 0.85 1.6630E+03
3.9811E-01 0.85 1.3091E+03
4.4668E-01 0.85 1.0203E+03
5.0119E-01 0.85 7.8843E+02
5.6234E-01 0.85 6.0447E+02
6.3096E-01 0.85 4.5988E+02
7.0795E-01 0.85 3.4800E+02
7.9433E-01 0.85 2.6180E+02
8.9125E-01 0.85 1.9555E+02
1.0000E+00 0.85 1.4517E+02
1.1220E+00 0.85 1.0739E+02
1.2589E+00 0.85 7.9431E+01
1.4125E+00 0.85 5.8215E+01
1.5849E+00 0.85 4.2572E+01
1.7783E+00 0.85 3.1008E+01
1.9953E+00 0.85 2.2497E+01
2.2387E+00 0.85 1.6283E+01
2.5119E+00 0.85 1.1743E+01
2.8184E+00 0.85 8.4457E+00
3.1623E+00 0.85 6.0685E+00
3.5481E+00 0.85 4.3460E+00
3.9811E+00 0.85 3.0981E+00
4.4668E+00 0.85 2.2110E+00
5.0119E+00 0.85 1.5726E+00
5.6234E+00 0.85 1.1131E+00
6.3096E+00 0.85 7.9292E-01
7.0795E+00 0.85 5.6203E-01
7.9433E+00 0.85 3.9785E-01
8.9125E+00 0.85 2.8208E-01
1.0000E+01 0.85 2.0001E-01
1.1220E+01 0.85 1.4164E-01
1.2589E+01 0.85 1.0024E-01
1.4125E+01 0.85 7.1047E-02
1.5849E+01 0.85 5.0278E-02
1.7783E+01 0.85 3.5532E-02
1.9953E+01 0.85 2.5123E-02
2.2387E+01 0.85 1.7841E-02
2.5119E+01 0.85 1.2564E-02
2.8184E+01 0.85 8.8590E-03
3.1623E+01 0.85 6.2428E-03
3.5481E+01 0.85 4.3915E-03
3.9811E+01 0.85 3.0900E-03
4.4668E+01 0.85 2.1687E-03
5.0119E+01 0.85 1.5208E-03
5.6234E+01 0.85 1.0653E-03
6.3096E+01 0.85 7.4588E-04
7.0795E+01 0.85 5.2063E-04
7.9433E+01 0.85 3.6371E-04
8.9125E+01 0.85 2.5442E-04
1.0000E+02 0.85 1.7695E-04
1.1220E+02 0.85 1.2301E-04
1.2589E+02 0.85 8.5512E-05
1.4125E+02 0.85 5.9373E-05
1.5849E+02 0.85 4.1170E-05
1.7783E+02 0.85 2.8499E-05
1.9953E+02 0.85 1.9730E-05
2.2387E+02 0.85 1.3656E-05
2.5119E+02 0.85 9.4431E-06
2.8184E+02 0.85 6.4974E-06
3.1623E+02 0.85 4.4890E-06
3.5481E+02 0.85 3.1054E-06
3.9811E+02 0.85 2.1376E-06
4.4668E+02 0.85 1.4702E-06
5.0119E+02 0.85 1.0091E-06
5.6234E+02 0.85 6.9146E-07
6.3096E+02 0.85 4.7147E-07
7.0795E+02 0.85 3.2159E-07
7.9433E+02 0.85 2.1905E-07
8.9125E+02 0.85 1.4921E-07
1.0000E+03 0.85 1.0138E-07
1.1220E+03 0.85 6.8528E-08
1.2589E+03 0.85 4.6191E-08
1.4125E+03 0.85 3.1143E-08
1.5849E+03 0.85 2.0999E-08
1.7783E+03 0.85 1.4068E-08
1.9953E+03 0.85 9.4119E-09
2.2387E+03 0.85 6.2451E-09
2.5119E+03 0.85 4.1618E-09
2.8184E+03 0.85 2.7852E-09
3.1623E+03 0.85 1.8508E-09
3.5481E+03 0.85 1.2270E-09
3.9811E+03 0.85 8.0861E-10
4.4668E+03 0.85 5.3088E-10
5.0119E+03 0.85 3.5311E-10
5.6234E+03 0.85 2.3290E-10
6.3096E+03 0.85 1.5277E-10
7.0795E+03 0.85 1.0143E-10
7.9433E+03 0.85 6.6143E-11
8.9125E+03 0.85 4.3191E-11
1.0000E+04 0.85 2.8550E-11
1.0000E-01 0.75 9.7540E+03
1.1220E-01 0.75 8.7844E+03
1.2589E-01 0.75 7.8581E+03
1.4125E-01 0.75 6.9731E+03
1.5849E-01 0.75 6.1380E+03
1.7783E-01 0.75 5.3442E+03
1.9953E-01 0.75 4.5841E+03
2.2387E-01 0.75 3.8700E+03
2.5119E-01 0.75 3.2134E+03
2.8184E-01 0.75 2.6278E+03
3.1623E-01 0.75 2.1203E+03
3.5481E-01 0.75 1.6907E+03
3.9811E-01 0.75 1.3336E+03
4.4668E-01 0.75 1.0413E+03
5.0119E-01 0.75 8.0606E+02
5.6234E-01 0.75 6.1916E+02
6.3096E-01 0.75 4.7266E+02
7.0795E-01 0.75 3.5796E+02
7.9433E-01 0.75 2.6945E+02
8.9125E-01 0.75 2.0195E+02
1.0000E+00 0.75 1.5040E+02
1.1220E+00 0.75 1.1145E+02
1.2589E+00 0.75 8.2409E+01
1.4125E+00 0.75 6.0518E+01
1.5849E+00 0.75 4.4262E+01
1.7783E+00 0.75 3.2288E+01
1.9953E+00 0.75 2.3487E+01
2.2387E+00 0.75 1.7006E+01
2.5119E+00 0.75 1.2265E+01
2.8184E+00 0.75 8.8278E+00
3.1623E+00 0.75 6.3415E+00
3.5481E+00 0.75 4.5351E+00
3.9811E+00 0.75 3.2375E+00
4.4668E+00 0.75 2.3080E+00
5.0119E+00 0.75 1.6421E+00
5.6234E+00 0.75 1.1681E+00
6.3096E+00 0.75 8.2986E-01
7.0795E+00 0.75 5.8722E-01
7.9433E+00 0.75 4.1593E-01
8.9125E+00 0.75 2.9477E-01
1.0000E+01 0.75 2.0871E-01
1.1220E+01 0.75 1.4775E-01
1.2589E+01 0.75 1.0478E-01
1.4125E+01 0.75 7.4436E-02
1.5849E+01 0.75 5.2602E-02
1.7783E+01 0.75 3.7097E-02
1.9953E+01 0.75 2.6308E-02
2.2387E+01 0.75 1.8642E-02
2.5119E+01 0.75 1.3154E-02
2.8184E+01 0.75 9.3121E-03
3.1623E+01 0.75 6.5613E-03
3.5481E+01 0.75 4.6152E-03
3.9811E+01 0.75 3.2489E-03
4.4668E+01 0.75 2.2844E-03
5.0119E+01 0.75 1.6032E-03
5.6234E+01 0.75 1.1219E-03
6.3096E+01 0.75 7.8476E-04
7.0795E+01 0.75 5.4966E-04
7.9433E+01 0.75 3.8484E-04
8.9125E+01 0.75 2.6816E-04
1.0000E+02 0.75 1.8680E-04
1.1220E+02 0.75 1.3020E-04
1.2589E+02 0.75 9.0529E-05
1.4125E+02 0.75 6.2952E-05
1.5849E+02 0.75 4.3762E-05
1.7783E+02 0.75 3.0346E-05
1.9953E+02 0.75 2.0975E-05
2.2387E+02 0.75 1.4524E-05
2.5119E+02 0.75 1.0072E-05
2.8184E+02 0.75 6.9777E-06
3.1623E+02 0.75 4.8202E-06
3.5481E+02 0.75 3.3244E-06
3.9811E+02 0.75 2.2880E-06
4.4668E+02 0.75 1.5721E-06
5.0119E+02 0.75 1.0814E-06
5.6234E+02 0.75 7.4080E-07
6.3096E+02 0.75 5.0861E-07
7.0795E+02 0.75 3.4870E-07
7.9433E+02 0.75 2.3780E-07
8.9125E+02 0.75 1.6156E-07
1.0000E+03 0.75 1.0964E-07
1.1220E+03 0.75 7.4517E-08
1.2589E+03 0.75 5.0463E-08
1.4125E+03 0.75 3.4116E-08
1.5849E+03 0.75 2.2953E-08
1.7783E+03 0.75 1.5439E-08
1.9953E+03 0.75 1.0344E-08
2.2387E+03 0.75 6.8824E-09
2.5119E+03 0.75 4.6023E-09
2.8184E+03 0.75 3.0839E-09
3.1623E+03 0.75 2.0512E-09
3.5481E+03 0.75 1.3559E-09
3.9811E+03 0.75 8.9697E-10
4.4668E+03 0.75 5.9566E-10
5.0119E+03 0.75 3.9677E-10
5.6234E+03 0.75 2.5978E-10
6.3096E+03 0.75 1.7035E-10
7.0795E+03 0.75 1.1305E-10
7.9433E+03 0.75 7.3912E-11
8.9125E+03 0.75 4.8900E-11
1.0000E+04 0.75 3.2114E-11
1.0000E-01 0.65 1.0287E+04
1.1220E-01 0.65 9.2251E+03
1.2589E-01 0.65 8.2037E+03
1.4125E-01 0.65 7.2419E+03
1.5849E-01 0.65 6.3412E+03
1.7783E-01 0.65 5.4922E+03
1.9953E-01 0.65 4.6908E+03
2.2387E-01 0.65 3.9440E+03
2.5119E-01 0.65 3.2666E+03
2.8184E-01 0.65 2.6692E+03
3.1623E-01 0.65 2.1548E+03
3.5481E-01 0.65 1.7194E+03
3.9811E-01 0.65 1.3576E+03
4.4668E-01 0.65 1.0622E+03
5.0119E-01 0.65 8.2333E+02
5.6234E-01 0.65 6.3337E+02
6.3096E-01 0.65 4.8441E+02
7.0795E-01 0.65 3.6826E+02
7.9433E-01 0.65 2.7797E+02
8.9125E-01 0.65 2.0843E+02
1.0000E+00 0.65 1.5557E+02
1.1220E+00 0.65 1.1563E+02
1.2589E+00 0.65 8.5541E+01
1.4125E+00 0.65 6.3004E+01
1.5849E+00 0.65 4.6193E+01
1.7783E+00 0.65 3.3743E+01
1.9953E+00 0.65 2.4573E+01
2.2387E+00 0.65 1.7813E+01
2.5119E+00 0.65 1.2878E+01
2.8184E+00 0.65 9.2760E+00
3.1623E+00 0.65 6.6652E+00
3.5481E+00 0.65 4.7724E+00
3.9811E+00 0.65 3.4123E+00
4.4668E+00 0.65 2.4376E+00
5.0119E+00 0.65 1.7331E+00
5.6234E+00 0.65 1.2264E+00
6.3096E+00 0.65 8.7206E-01
7.0795E+00 0.65 6.1729E-01
7.9433E+00 0.65 4.3746E-01
8.9125E+00 0.65 3.0994E-01
1.0000E+01 0.65 2.2001E-01
1.1220E+01 0.65 1.5589E-01
1.2589E+01 0.65 1.1024E-01
1.4125E+01 0.65 7.8055E-02
1.5849E+01 0.65 5.5239E-02
1.7783E+01 0.65 3.9092E-02
1.9953E+01 0.65 2.7735E-02
2.2387E+01 0.65 1.9623E-02
2.5119E+01 0.65 1.3846E-02
2.8184E+01 0.65 9.7784E-03
3.1623E+01 0.65 6.9045E-03
3.5481E+01 0.65 4.8693E-03
3.9811E+01 0.65 3.4335E-03
4.4668E+01 0.65 2.4189E-03
5.0119E+01 0.65 1.6998E-03
5.6234E+01 0.65 1.1930E-03
6.3096E+01 0.65 8.3683E-04
7.0795E+01 0.65 5.8541E-04
7.9433E+01 0.65 4.0853E-04
8.9125E+01 0.65 2.8595E-04
1.0000E+02 0.65 1.9964E-04
1.1220E+02 0.65 1.3917E-04
1.2589E+02 0.65 9.7077E-05
1.4125E+02 0.65 6.7436E-05
1.5849E+02 0.65 4.6851E-05
1.7783E+02 0.65 3.2552E-05
1.9953E+02 0.65 2.2539E-05
2.2387E+02 0.65 1.5601E-05
2.5119E+02 0.65 1.0828E-05
2.8184E+02 0.65 7.5050E-06
3.1623E+02 0.65 5.1871E-06
3.5481E+02 0.65 3.5778E-06
3.9811E+02 0.65 2.4667E-06
4.4668E+02 0.65 1.7031E-06
5.0119E+02 0.65 1.1701E-06
5.6234E+02 0.65 8.0112E-07
6.3096E+02 0.65 5.5124E-07
7.0795E+02 0.65 3.7842E-07
7.9433E+02 0.65 2.5745E-07
8.9125E+02 0.65 1.7600E-07
1.0000E+03 0.65 1.2040E-07
1.1220E+03 0.65 8.1825E-08
1.2589E+03 0.65 5.5413E-08
1.4125E+03 0.65 3.7480E-08
1.5849E+03 0.65 2.5418E-08
1.7783E+03 0.65 1.7063E-08
1.9953E+03 0.65 1.1403E-08
2.2387E+03 0.65 7.6913E-09
2.5119E+03 0.65 5.1402E-09
2.8184E+03 0.65 3.4300E-09
3.1623E+03 0.65 2.2912E-09
3.5481E+03 0.65 1.5345E-09
3.9811E+03 0.65 1.0179E-09
4.4668E+03 0.65 6.7087E-10
5.0119E+03 0.65 4.4576E-10
5.6234E+03 0.65 2.9679E-10
6.3096E+03 0.65 1.9646E-10
7.0795E+03 0.65 1.2757E-10
7.9433E+03 0.65 8.2570E-11
8.9125E+03 0.65 5.4717E-11
1.0000E+04 0.65 3.6168E-11
1.0000E-01 0.55 1.1057E+04
1.1220E-01 0.55 9.8468E+03
1.2589E-01 0.55 8.6963E+03
1.4125E-01 0.55 7.6234E+03
1.5849E-01 0.55 6.6241E+03
1.7783E-01 0.55 5.6964E+03
1.9953E-01 0.55 4.8373E+03
2.2387E-01 0.55 4.0484E+03
2.5119E-01 0.55 3.3431E+03
2.8184E-01 0.55 2.7250E+03
3.1623E-01 0.55 2.1962E+03
3.5481E-01 0.55 1.7510E+03
3.9811E-01 0.55 1.3816E+03
4.4668E-01 0.55 1.0823E+03
5.0119E-01 0.55 8.4106E+02
5.6234E-01 0.55 6.4863E+02
6.3096E-01 0.55 4.9727E+02
7.0795E-01 0.55 3.7869E+02
7.9433E-01 0.55 2.8649E+02
8.9125E-01 0.55 2.1542E+02
1.0000E+00 0.55 1.6122E+02
1.1220E+00 0.55 1.2015E+02
1.2589E+00 0.55 8.9189E+01
1.4125E+00 0.55 6.5846E+01
1.5849E+00 0.55 4.8374E+01
1.7783E+00 0.55 3.5431E+01
1.9953E+00 0.55 2.5836E+01
2.2387E+00 0.55 1.8760E+01
2.5119E+00 0.55 1.3593E+01
2.8184E+00 0.55 9.8141E+00
3.1623E+00 0.55 7.0598E+00
3.5481E+00 0.55 5.0572E+00
3.9811E+00 0.55 3.6172E+00
4.4668E+00 0.55 2.5793E+00
5.0119E+00 0.55 1.8298E+00
5.6234E+00 0.55 1.3022E+00
6.3096E+00 0.55 9.2479E-01
7.0795E+00 0.55 6.5541E-01
7.9433E+00 0.55 4.6389E-01
8.9125E+00 0.55 3.2921E-01
1.0000E+01 0.55 2.3309E-01
1.1220E+01 0.55 1.6501E-01
1.2589E+01 0.55 1.1688E-01
1.4125E+01 0.55 8.2717E-02
1.5849E+01 0.55 5.8579E-02
1.7783E+01 0.55 4.1456E-02
1.9953E+01 0.55 2.9224E-02
2.2387E+01 0.55 2.0606E-02
2.5119E+01 0.55 1.4702E-02
2.8184E+01 0.55 1.0392E-02
3.1623E+01 0.55 7.3390E-03
3.5481E+01 0.55 5.1870E-03
3.9811E+01 0.55 3.6610E-03
4.4668E+01 0.55 2.5795E-03
5.0119E+01 0.55 1.8149E-03
5.6234E+01 0.55 1.2747E-03
6.3096E+01 0.55 8.9467E-04
7.0795E+01 0.55 6.2651E-04
7.9433E+01 0.55 4.3938E-04
8.9125E+01 0.55 3.0813E-04
1.0000E+02 0.55 2.1493E-04
1.1220E+02 0.55 1.4982E-04
1.2589E+02 0.55 1.0446E-04
1.4125E+02 0.55 7.2708E-05
1.5849E+02 0.55 5.0666E-05
1.7783E+02 0.55 3.5204E-05
1.9953E+02 0.55 2.4389E-05
2.2387E+02 0.55 1.6916E-05
2.5119E+02 0.55 1.1750E-05
2.8184E+02 0.55 8.1443E-06
3.1623E+02 0.55 5.6273E-06
3.5481E+02 0.55 3.8899E-06
3.9811E+02 0.55 2.6893E-06
4.4668E+02 0.55 1.8567E-06
5.0119E+02 0.55 1.2823E-06
5.6234E+02 0.55 8.8380E-07
6.3096E+02 0.55 6.0846E-07
7.0795E+02 0.55 4.1683E-07
7.9433E+02 0.55 2.8454E-07
8.9125E+02 0.55 1.9455E-07
1.0000E+03 0.55 1.3314E-07
1.1220E+03 0.55 9.0946E-08
1.2589E+03 0.55 6.1661E-08
1.4125E+03 0.55 4.1785E-08
1.5849E+03 0.55 2.8380E-08
1.7783E+03 0.55 1.9210E-08
1.9953E+03 0.55 1.2964E-08
2.2387E+03 0.55 8.7144E-09
2.5119E+03 0.55 5.8278E-09
2.8184E+03 0.55 3.9113E-09
3.1623E+03 0.55 2.6199E-09
3.5481E+03 0.55 1.7357E-09
3.9811E+03 0.55 1.1530E-09
4.4668E+03 0.55 7.7141E-10
5.0119E+03 0.55 5.1099E-10
5.6234E+03 0.55 3.3827E-10
6.3096E+03 0.55 2.2272E-10
7.0795E+03 0.55 1.4659E-10
7.9433E+03 0.55 9.7689E-11
8.9125E+03 0.55 6.4597E-11
1.0000E+04 0.55 4.2286E-11
1.0000E-01 0.45 1.2180E+04
1.1220E-01 0.45 1.0763E+04
1.2589E-01 0.45 9.4331E+03
1.4125E-01 0.45 8.1993E+03
1.5849E-01 0.45 7.0602E+03
1.7783E-01 0.45 6.0179E+03
1.9953E-01 0.45 5.0664E+03
2.2387E-01 0.45 4.2069E+03
2.5119E-01 0.45 3.4512E+03
2.8184E-01 0.45 2.7987E+03
3.1623E-01 0.45 2.2472E+03
3.5481E-01 0.45 1.7872E+03
3.9811E-01 0.45 1.4104E+03
4.4668E-01 0.45 1.1040E+03
5.0119E-01 0.45 8.5821E+02
5.6234E-01 0.45 6.6340E+02
6.3096E-01 0.45 5.0915E+02
7.0795E-01 0.45 3.8860E+02
7.9433E-01 0.45 2.9473E+02
8.9125E-01 0.45 2.2252E+02
1.0000E+00 0.45 1.6722E+02
1.1220E+00 0.45 1.2489E+02
1.2589E+00 0.45 9.2943E+01
1.4125E+00 0.45 6.8799E+01
1.5849E+00 0.45 5.0738E+01
1.7783E+00 0.45 3.7292E+01
1.9953E+00 0.45 2.7257E+01
2.2387E+00 0.45 1.9877E+01
2.5119E+00 0.45 1.4443E+01
2.8184E+00 0.45 1.0435E+01
3.1623E+00 0.45 7.5184E+00
3.5481E+00 0.45 5.4046E+00
3.9811E+00 0.45 3.8699E+00
4.4668E+00 0.45 2.7603E+00
5.0119E+00 0.45 1.9663E+00
5.6234E+00 0.45 1.3975E+00
6.3096E+00 0.45 9.9579E-01
7.0795E+00 0.45 7.0550E-01
7.9433E+00 0.45 5.0000E-01
8.9125E+00 0.45 3.5390E-01
1.0000E+01 0.45 2.5032E-01
1.1220E+01 0.45 1.7739E-01
1.2589E+01 0.45 1.2595E-01
1.4125E+01 0.45 8.9180E-02
1.5849E+01 0.45 6.2985E-02
1.7783E+01 0.45 4.4551E-02
1.9953E+01 0.45 3.1550E-02
2.2387E+01 0.45 2.2329E-02
2.5119E+01 0.45 1.5785E-02
2.8184E+01 0.45 1.1186E-02
3.1623E+01 0.45 7.9097E-03
3.5481E+01 0.45 5.5838E-03
3.9811E+01 0.45 3.9431E-03
4.4668E+01 0.45 2.7812E-03
5.0119E+01 0.45 1.9585E-03
5.6234E+01 0.45 1.3782E-03
6.3096E+01 0.45 9.7084E-04
7.0795E+01 0.45 6.8161E-04
7.9433E+01 0.45 4.7766E-04
8.9125E+01 0.45 3.3426E-04
1.0000E+02 0.45 2.3398E-04
1.1220E+02 0.45 1.6382E-04
1.2589E+02 0.45 1.1429E-04
1.4125E+02 0.45 7.9682E-05
1.5849E+02 0.45 5.5482E-05
1.7783E+02 0.45 3.8577E-05
1.9953E+02 0.45 2.6827E-05
2.2387E+02 0.45 1.8680E-05
2.5119E+02 0.45 1.2983E-05
2.8184E+02 0.45 8.9892E-06
3.1623E+02 0.45 6.2200E-06
3.5481E+02 0.45 4.3055E-06
3.9811E+02 0.45 2.9743E-06
4.4668E+02 0.45 2.0563E-06
5.0119E+02 0.45 1.4203E-06
5.6234E+02 0.45 9.7954E-07
6.3096E+02 0.45 6.7467E-07
7.0795E+02 0.45 4.6409E-07
7.9433E+02 0.45 3.1798E-07
8.9125E+02 0.45 2.1799E-07
1.0000E+03 0.45 1.4994E-07
1.1220E+03 0.45 1.0263E-07
1.2589E+03 0.45 6.9984E-08
1.4125E+03 0.45 4.7792E-08
1.5849E+03 0.45 3.2392E-08
1.7783E+03 0.45 2.1953E-08
1.9953E+03 0.45 1.4875E-08
2.2387E+03 0.45 1.0053E-08
2.5119E+03 0.45 6.7737E-09
2.8184E+03 0.45 4.5374E-09
3.1623E+03 0.45 3.0387E-09
3.5481E+03 0.45 2.0299E-09
3.9811E+03 0.45 1.3621E-09
4.4668E+03 0.45 9.0879E-10
5.0119E+03 0.45 6.0045E-10
5.6234E+03 0.45 3.9932E-10
6.3096E+03 0.45 2.6527E-10
7.0795E+03 0.45 1.7705E-10
7.9433E+03 0.45 1.1907E-10
8.9125E+03 0.45 7.8505E-11
1.0000E+04 0.45 5.0924E-11
1.0000E-01 0.35 1.4045E+04
1.1220E-01 0.35 1.2306E+04
1.2589E-01 0.35 1.0668E+04
1.4125E-01 0.35 9.1660E+03
1.5849E-01 0.35 7.7987E+03
1.7783E-01 0.35 6.5624E+03
1.9953E-01 0.35 5.4587E+03
2.2387E-01 0.35 4.4824E+03
2.5119E-01 0.35 3.6388E+03
2.8184E-01 0.35 2.9262E+03
3.1623E-01 0.35 2.3322E+03
3.5481E-01 0.35 1.8438E+03
3.9811E-01 0.35 1.4480E+03
4.4668E-01 0.35 1.1300E+03
5.0119E-01 0.35 8.7736E+02
5.6234E-01 0.35 6.7779E+02
6.3096E-01 0.35 5.2066E+02
7.0795E-01 0.35 3.9780E+02
7.9433E-01 0.35 3.0254E+02
8.9125E-01 0.35 2.2919E+02
1.0000E+00 0.35 1.7286E+02
1.1220E+00 0.35 1.2968E+02
1.2589E+00 0.35 9.6645E+01
1.4125E+00 0.35 7.1989E+01
1.5849E+00 0.35 5.3369E+01
1.7783E+00 0.35 3.9323E+01
1.9953E+00 0.35 2.8868E+01
2.2387E+00 0.35 2.1158E+01
2.5119E+00 0.35 1.5429E+01
2.8184E+00 0.35 1.1198E+01
3.1623E+00 0.35 8.0991E+00
3.5481E+00 0.35 5.8320E+00
3.9811E+00 0.35 4.1884E+00
4.4668E+00 0.35 3.0006E+00
5.0119E+00 0.35 2.1362E+00
5.6234E+00 0.35 1.5179E+00
6.3096E+00 0.35 1.0836E+00
7.0795E+00 0.35 7.6917E-01
7.9433E+00 0.35 5.4427E-01
8.9125E+00 0.35 3.8606E-01
1.0000E+01 0.35 2.7402E-01
1.1220E+01 0.35 1.9392E-01
1.2589E+01 0.35 1.3688E-01
1.4125E+01 0.35 9.7077E-02
1.5849E+01 0.35 6.8800E-02
1.7783E+01 0.35 4.8534E-02
1.9953E+01 0.35 3.4363E-02
2.2387E+01 0.35 2.4309E-02
2.5119E+01 0.35 1.7285E-02
2.8184E+01 0.35 1.2225E-02
3.1623E+01 0.35 8.6515E-03
3.5481E+01 0.35 6.1258E-03
3.9811E+01 0.35 4.3283E-03
4.4668E+01 0.35 3.0583E-03
5.0119E+01 0.35 2.1584E-03
5.6234E+01 0.35 1.5203E-03
6.3096E+01 0.35 1.0691E-03
7.0795E+01 0.35 7.5193E-04
7.9433E+01 0.35 5.2919E-04
8.9125E+01 0.35 3.7156E-04
1.0000E+02 0.35 2.6043E-04
1.1220E+02 0.35 1.8227E-04
1.2589E+02 0.35 1.2735E-04
1.4125E+02 0.35 8.8911E-05
1.5849E+02 0.35 6.2037E-05
1.7783E+02 0.35 4.3282E-05
1.9953E+02 0.35 3.0147E-05
2.2387E+02 0.35 2.0938E-05
2.5119E+02 0.35 1.4557E-05
2.8184E+02 0.35 1.0124E-05
3.1623E+02 0.35 7.0180E-06
3.5481E+02 0.35 4.8613E-06
3.9811E+02 0.35 3.3679E-06
4.4668E+02 0.35 2.3335E-06
5.0119E+02 0.35 1.6142E-06
5.6234E+02 0.35 1.1166E-06
6.3096E+02 0.35 7.7124E-07
7.0795E+02 0.35 5.3085E-07
7.9433E+02 0.35 3.6520E-07
8.9125E+02 0.35 2.5108E-07
1.0000E+03 0.35 1.7228E-07
1.1220E+03 0.35 1.1810E-07
1.2589E+03 0.35 8.0919E-08
1.4125E+03 0.35 5.5447E-08
1.5849E+03 0.35 3.7791E-08
1.7783E+03 0.35 2.5692E-08
1.9953E+03 0.35 1.7413E-08
2.2387E+03 0.35 1.1793E-08
2.5119E+03 0.35 8.0131E-09
2.8184E+03 0.35 5.3909E-09
3.1623E+03 0.35 3.6303E-09
3.5481E+03 0.35 2.4593E-09
3.9811E+03 0.35 1.6492E-09
4.4668E+03 0.35 1.0997E-09
5.0119E+03 0.35 7.3169E-10
5.6234E+03 0.35 4.8649E-10
6.3096E+03 0.35 3.2557E-10
7.0795E+03 0.35 2.1321E-10
7.9433E+03 0.35 1.4034E-10
8.9125E+03 0.35 9.4653E-11
1.0000E+04 0.35 6.3016E-11
1.0000E-01 0.25 1.7392E+04
1.1220E-01 0.25 1.5076E+04
1.2589E-01 0.25 1.2920E+04
1.4125E-01 0.25 1.0952E+04
1.5849E-01 0.25 9.1794E+03
1.7783E-01 0.25 7.6037E+03
1.9953E-01 0.25 6.2184E+03
2.2387E-01 0.25 5.0265E+03
2.5119E-01 0.25 4.0203E+03
2.8184E-01 0.25 3.1883E+03
3.1623E-01 0.25 2.5081E+03
3.5481E-01 0.25 1.9590E+03
3.9811E-01 0.25 1.5242E+03
4.4668E-01 0.25 1.1809E+03
5.0119E-01 0.25 9.1072E+02
5.6234E-01 0.25 6.9970E+02
6.3096E-01 0.25 5.3503E+02
7.0795E-01 0.25 4.0799E+02
7.9433E-01 0.25 3.1046E+02
8.9125E-01 0.25 2.3505E+02
1.0000E+00 0.25 1.7736E+02
1.1220E+00 0.25 1.3344E+02
1.2589E+00 0.25 9.9947E+01
1.4125E+00 0.25 7.4738E+01
1.5849E+00 0.25 5.5726E+01
1.7783E+00 0.25 4.1309E+01
1.9953E+00 0.25 3.0520E+01
2.2387E+00 0.25 2.2475E+01
2.5119E+00 0.25 1.6440E+01
2.8184E+00 0.25 1.2000E+01
3.1623E+00 0.25 8.7260E+00
3.5481E+00 0.25 6.3189E+00
3.9811E+00 0.25 4.5526E+00
4.4668E+00 0.25 3.2694E+00
5.0119E+00 0.25 2.3422E+00
5.6234E+00 0.25 1.6719E+00
6.3096E+00 0.25 1.1970E+00
7.0795E+00 0.25 8.5383E-01
7.9433E+00 0.25 6.0699E-01
8.9125E+00 0.25 4.3087E-01
1.0000E+01 0.25 3.0635E-01
1.1220E+01 0.25 2.1735E-01
1.2589E+01 0.25 1.5411E-01
1.4125E+01 0.25 1.0957E-01
1.5849E+01 0.25 7.7498E-02
1.7783E+01 0.25 5.4651E-02
1.9953E+01 0.25 3.8983E-02
2.2387E+01 0.25 2.7783E-02
2.5119E+01 0.25 1.9441E-02
2.8184E+01 0.25 1.3765E-02
3.1623E+01 0.25 9.7428E-03
3.5481E+01 0.25 6.8944E-03
3.9811E+01 0.25 4.8717E-03
4.4668E+01 0.25 3.4406E-03
5.0119E+01 0.25 2.4318E-03
5.6234E+01 0.25 1.7146E-03
6.3096E+01 0.25 1.2087E-03
7.0795E+01 0.25 8.5251E-04
7.9433E+01 0.25 6.0021E-04
8.9125E+01 0.25 4.2241E-04
1.0000E+02 0.25 2.9694E-04
1.1220E+02 0.25 2.0815E-04
1.2589E+02 0.25 1.4586E-04
1.4125E+02 0.25 1.0207E-04
1.5849E+02 0.25 7.1259E-05
1.7783E+02 0.25 4.9761E-05
1.9953E+02 0.25 3.4800E-05
2.2387E+02 0.25 2.4273E-05
2.5119E+02 0.25 1.6868E-05
2.8184E+02 0.25 1.1723E-05
3.1623E+02 0.25 8.1563E-06
3.5481E+02 0.25 5.6687E-06
3.9811E+02 0.25 3.9339E-06
4.4668E+02 0.25 2.7264E-06
5.0119E+02 0.25 1.8915E-06
5.6234E+02 0.25 1.3100E-06
6.3096E+02 0.25 9.0462E-07
7.0795E+02 0.25 6.2397E-07
7.9433E+02 0.25 4.3051E-07
8.9125E+02 0.25 2.9747E-07
1.0000E+03 0.25 2.0522E-07
1.1220E+03 0.25 1.4100E-07
1.2589E+03 0.25 9.6873E-08
1.4125E+03 0.25 6.6404E-08
1.5849E+03 0.25 4.5485E-08
1.7783E+03 0.25 3.1128E-08
1.9953E+03 0.25 2.1239E-08
2.2387E+03 0.25 1.4509E-08
2.5119E+03 0.25 9.8603E-09
2.8184E+03 0.25 6.6783E-09
3.1623E+03 0.25 4.5110E-09
3.5481E+03 0.25 3.0550E-09
3.9811E+03 0.25 2.0663E-09
4.4668E+03 0.25 1.3973E-09
5.0119E+03 0.25 9.3298E-10
5.6234E+03 0.25 6.2036E-10
6.3096E+03 0.25 4.1493E-10
7.0795E+03 0.25 2.7528E-10
7.9433E+03 0.25 1.8565E-10
8.9125E+03 0.25 1.2334E-10
1.0000E+04 0.25 8.1099E-11
1.0000E-01 0.15 2.4420E+04
1.1220E-01 0.15 2.0938E+04
1.2589E-01 0.15 1.7702E+04
1.4125E-01 0.15 1.4765E+04
1.5849E-01 0.15 1.2160E+04
1.7783E-01 0.15 9.8816E+03
1.9953E-01 0.15 7.9208E+03
2.2387E-01 0.15 6.2732E+03
2.5119E-01 0.15 4.9143E+03
2.8184E-01 0.15 3.8192E+03
3.1623E-01 0.15 2.9496E+03
3.5481E-01 0.15 2.2632E+03
3.9811E-01 0.15 1.7287E+03
4.4668E-01 0.15 1.3181E+03
5.0119E-01 0.15 1.0021E+03
5.6234E-01 0.15 7.5995E+02
6.3096E-01 0.15 5.7576E+02
7.0795E-01 0.15 4.3597E+02
7.9433E-01 0.15 3.2914E+02
8.9125E-01 0.15 2.4754E+02
1.0000E+00 0.15 1.8596E+02
1.1220E+00 0.15 1.3952E+02
1.2589E+00 0.15 1.0427E+02
1.4125E+00 0.15 7.7965E+01
1.5849E+00 0.15 5.8163E+01
1.7783E+00 0.15 4.3182E+01
1.9953E+00 0.15 3.1968E+01
2.2387E+00 0.15 2.3657E+01
2.5119E+00 0.15 1.7419E+01
2.8184E+00 0.15 1.2816E+01
3.1623E+00 0.15 9.3895E+00
3.5481E+00 0.15 6.8433E+00
3.9811E+00 0.15 4.9650E+00
4.4668E+00 0.15 3.5867E+00
5.0119E+00 0.15 2.5915E+00
5.6234E+00 0.15 1.8665E+00
6.3096E+00 0.15 1.3462E+00
7.0795E+00 0.15 9.6607E-01
7.9433E+00 0.15 6.9100E-01
8.9125E+00 0.15 4.9391E-01
1.0000E+01 0.15 3.5178E-01
1.1220E+01 0.15 2.5001E-01
1.2589E+01 0.15 1.7803E-01
1.4125E+01 0.15 1.2676E-01
1.5849E+01 0.15 8.9963E-02
1.7783E+01 0.15 6.3859E-02
1.9953E+01 0.15 4.5379E-02
2.2387E+01 0.15 3.2368E-02
2.5119E+01 0.15 2.2785E-02
2.8184E+01 0.15 1.6142E-02
3.1623E+01 0.15 1.1454E-02
3.5481E+01 0.15 8.1115E-03
3.9811E+01 0.15 5.7407E-03
4.4668E+01 0.15 4.0602E-03
5.0119E+01 0.15 2.8700E-03
5.6234E+01 0.15 2.0287E-03
6.3096E+01 0.15 1.4307E-03
7.0795E+01 0.15 1.0084E-03
7.9433E+01 0.15 7.1205E-04
8.9125E+01 0.15 5.0260E-04
1.0000E+02 0.15 3.5375E-04
1.1220E+02 0.15 2.4822E-04
1.2589E+02 0.15 1.7419E-04
1.4125E+02 0.15 1.2236E-04
1.5849E+02 0.15 8.5811E-05
1.7783E+02 0.15 6.0061E-05
1.9953E+02 0.15 4.2037E-05
2.2387E+02 0.15 2.9293E-05
2.5119E+02 0.15 2.0428E-05
2.8184E+02 0.15 1.4262E-05
3.1623E+02 0.15 9.9458E-06
3.5481E+02 0.15 6.9290E-06
3.9811E+02 0.15 4.8095E-06
4.4668E+02 0.15 3.3352E-06
5.0119E+02 0.15 2.3097E-06
5.6234E+02 0.15 1.6039E-06
6.3096E+02 0.15 1.1134E-06
7.0795E+02 0.15 7.6938E-07
7.9433E+02 0.15 5.3236E-07
8.9125E+02 0.15 3.6804E-07
1.0000E+03 0.15 2.5401E-07
1.1220E+03 0.15 1.7500E-07
1.2589E+03 0.15 1.2065E-07
1.4125E+03 0.15 8.3193E-08
1.5849E+03 0.15 5.7307E-08
1.7783E+03 0.15 3.9181E-08
1.9953E+03 0.15 2.6863E-08
2.2387E+03 0.15 1.8518E-08
2.5119E+03 0.15 1.2594E-08
2.8184E+03 0.15 8.5726E-09
3.1623E+03 0.15 5.8713E-09
3.5481E+03 0.15 3.9881E-09
3.9811E+03 0.15 2.7041E-09
4.4668E+03 0.15 1.8314E-09
5.0119E+03 0.15 1.2366E-09
5.6234E+03 0.15 8.3231E-10
6.3096E+03 0.15 5.6932E-10
7.0795E+03 0.15 3.8046E-10
7.9433E+03 0.15 2.5395E-10
8.9125E+03 0.15 1.7073E-10
1.0000E+04 0.15 1.1332E-10
1.0000E-01 0.05 3.9597E+04
1.1220E-01 0.05 3.3546E+04
1.2589E-01 0.05 2.7971E+04
1.4125E-01 0.05 2.2968E+04
1.5849E-01 0.05 1.8578E+04
1.7783E-01 0.05 1.4770E+04
1.9953E-01 0.05 1.1572E+04
2.2387E-01 0.05 8.9481E+03
2.5119E-01 0.05 6.8419E+03
2.8184E-01 0.05 5.1955E+03
3.1623E-01 0.05 3.9220E+03
3.5481E-01 0.05 2.9434E+03
3.9811E-01 0.05 2.2046E+03
4.4668E-01 0.05 1.6491E+03
5.0119E-01 0.05 1.2285E+03
5.6234E-01 0.05 9.1511E+02
6.3096E-01 0.05 6.8413E+02
7.0795E-01 0.05 5.0945E+02
7.9433E-01 0.05 3.7910E+02
8.9125E-01 0.05 2.8138E+02
1.0000E+00 0.05 2.0867E+02
1.1220E+00 0.05 1.5419E+02
1.2589E+00 0.05 1.1441E+02
1.4125E+00 0.05 8.4709E+01
1.5849E+00 0.05 6.2800E+01
1.7783E+00 0.05 4.6358E+01
1.9953E+00 0.05 3.4330E+01
2.2387E+00 0.05 2.5367E+01
2.5119E+00 0.05 1.8574E+01
2.8184E+00 0.05 1.3659E+01
3.1623E+00 0.05 1.0003E+01
3.5481E+00 0.05 7.3157E+00
3.9811E+00 0.05 5.3366E+00
4.4668E+00 0.05 3.8777E+00
5.0119E+00 0.05 2.8216E+00
5.6234E+00 0.05 2.0398E+00
6.3096E+00 0.05 1.4741E+00
7.0795E+00 0.05 1.0635E+00
7.9433E+00 0.05 7.6805E-01
8.9125E+00 0.05 5.5372E-01
1.0000E+01 0.05 3.9540E-01
1.1220E+01 0.05 2.8363E-01
1.2589E+01 0.05 2.0485E-01
1.4125E+01 0.05 1.4758E-01
1.5849E+01 0.05 1.0586E-01
1.7783E+01 0.05 7.5458E-02
1.9953E+01 0.05 5.3541E-02
2.2387E+01 0.05 3.7866E-02
2.5119E+01 0.05 2.7534E-02
2.8184E+01 0.05 1.9610E-02
3.1623E+01 0.05 1.3950E-02
3.5481E+01 0.05 9.9193E-03
3.9811E+01 0.05 7.0448E-03
4.4668E+01 0.05 4.9992E-03
5.0119E+01 0.05 3.5439E-03
5.6234E+01 0.05 2.5087E-03
6.3096E+01 0.05 1.7747E-03
7.0795E+01 0.05 1.2548E-03
7.9433E+01 0.05 8.8596E-04
8.9125E+01 0.05 6.2325E-04
1.0000E+02 0.05 4.3930E-04
1.1220E+02 0.05 3.0981E-04
1.2589E+02 0.05 2.1780E-04
1.4125E+02 0.05 1.5298E-04
1.5849E+02 0.05 1.0729E-04
1.7783E+02 0.05 7.5193E-05
1.9953E+02 0.05 5.2591E-05
2.2387E+02 0.05 3.6771E-05
2.5119E+02 0.05 2.5691E-05
2.8184E+02 0.05 1.7935E-05
3.1623E+02 0.05 1.2506E-05
3.5481E+02 0.05 8.6933E-06
3.9811E+02 0.05 6.0292E-06
4.4668E+02 0.05 4.1932E-06
5.0119E+02 0.05 2.9135E-06
5.6234E+02 0.05 2.0154E-06
6.3096E+02 0.05 1.3958E-06
7.0795E+02 0.05 9.6720E-07
7.9433E+02 0.05 6.6874E-07
8.9125E+02 0.05 4.6220E-07
1.0000E+03 0.05 3.1992E-07
1.1220E+03 0.05 2.2007E-07
1.2589E+03 0.05 1.5118E-07
1.4125E+03 0.05 1.0443E-07
1.5849E+03 0.05 7.2261E-08
1.7783E+03 0.05 4.9746E-08
1.9953E+03 0.05 3.4103E-08
2.2387E+03 0.05 2.3404E-08
2.5119E+03 0.05 1.6007E-08
2.8184E+03 0.05 1.0999E-08
3.1623E+03 0.05 7.5062E-09
3.5481E+03 0.05 5.1527E-09
3.9811E+03 0.05 3.5469E-09
4.4668E+03 0.05 2.3955E-09
5.0119E+03 0.05 1.6204E-09
5.6234E+03 0.05 1.0988E-09
6.3096E+03 0.05 7.4644E-10
7.0795E+03 0.05 5.0849E-10
7.9433E+03 0.05 3.4171E-10
8.9125E+03 0.05 2.2765E-10
1.0000E+04 0.05 1.5244E-10
1.0000E-01 -0.05 3.8290E+04
1.1220E-01 -0.05 3.2489E+04
1.2589E-01 -0.05 2.7160E+04
1.4125E-01 -0.05 2.2342E+04
1.5849E-01 -0.05 1.8103E+04
1.7783E-01 -0.05 1.4440E+04
1.9953E-01 -0.05 1.1351E+04
2.2387E-01 -0.05 8.8013E+03
2.5119E-01 -0.05 6.7502E+03
2.8184E-01 -0.05 5.1526E+03
3.1623E-01 -0.05 3.9035E+03
3.5481E-01 -0.05 2.9398E+03
3.9811E-01 -0.05 2.2112E+03
4.4668E-01 -0.05 1.6563E+03
5.0119E-01 -0.05 1.2406E+03
5.6234E-01 -0.05 9.2771E+02
6.3096E-01 -0.05 6.9252E+02
7.0795E-01 -0.05 5.1704E+02
7.9433E-01 -0.05 3.8452E+02
8.9125E-01 -0.05 2.8528E+02
1.0000E+00 -0.05 2.1214E+02
1.1220E+00 -0.05 1.5650E+02
1.2589E+00 -0.05 1.1608E+02
1.4125E+00 -0.05 8.5812E+01
1.5849E+00 -0.05 6.3602E+01
1.7783E+00 -0.05 4.6770E+01
1.9953E+00 -0.05 3.4547E+01
2.2387E+00 -0.05 2.5609E+01
2.5119E+00 -0.05 1.8765E+01
2.8184E+00 -0.05 1.3728E+01
3.1623E+00 -0.05 1.0049E+01
3.5481E+00 -0.05 7.3491E+00
3.9811E+00 -0.05 5.3607E+00
4.4668E+00 -0.05 3.8872E+00
5.0119E+00 -0.05 2.8226E+00
5.6234E+00 -0.05 2.0467E+00
6.3096E+00 -0.05 1.4742E+00
7.0795E+00 -0.05 1.0645E+00
7.9433E+00 -0.05 7.6841E-01
8.9125E+00 -0.05 5.5504E-01
1.0000E+01 -0.05 3.9587E-01
1.1220E+01 -0.05 2.8335E-01
1.2589E+01 -0.05 2.0440E-01
1.4125E+01 -0.05 1.4687E-01
1.5849E+01 -0.05 1.0543E-01
1.7783E+01 -0.05 7.5170E-02
1.9953E+01 -0.05 5.3182E-02
2.2387E+01 -0.05 3.7723E-02
2.5119E+01 -0.05 2.7533E-02
2.8184E+01 -0.05 1.9610E-02
3.1623E+01 -0.05 1.3950E-02
3.5481E+01 -0.05 9.9192E-03
3.9811E+01 -0.05 7.0448E-03
4.4668E+01 -0.05 4.9992E-03
5.0119E+01 -0.05 3.5439E-03
5.6234E+01 -0.05 2.5087E-03
6.3096E+01 -0.05 1.7747E-03
7.0795E+01 -0.05 1.2548E-03
7.9433E+01 -0.05 8.8596E-04
8.9125E+01 -0.05 6.2325E-04
1.0000E+02 -0.05 4.3930E-04
1.1220E+02 -0.05 3.0981E-04
1.2589E+02 -0.05 2.1780E-04
1.4125E+02 -0.05 1.5298E-04
1.5849E+02 -0.05 1.0729E-04
1.7783E+02 -0.05 7.5193E-05
1.9953E+02 -0.05 5.2591E-05
2.2387E+02 -0.05 3.6771E-05
2.5119E+02 -0.05 2.5691E-05
2.8184E+02 -0.05 1.7935E-05
3.1623E+02 -0.05 1.2506E-05
3.5481E+02 -0.05 8.6933E-06
3.9811E+02 -0.05 6.0292E-06
4.4668E+02 -0.05 4.1932E-06
5.0119E+02 -0.05 2.9135E-06
5.6234E+02 -0.05 2.0154E-06
6.3096E+02 -0.05 1.3958E-06
7.0795E+02 -0.05 9.6720E-07
7.9433E+02 -0.05 6.6874E-07
8.9125E+02 -0.05 4.6220E-07
1.0000E+03 -0.05 3.1992E-07
1.1220E+03 -0.05 2.2007E-07
1.2589E+03 -0.05 1.5118E-07
1.4125E+03 -0.05 1.0443E-07
1.5849E+03 -0.05 7.2261E-08
1.7783E+03 -0.05 4.9746E-08
1.9953E+03 -0.05 3.4103E-08
2.2387E+03 -0.05 2.3404E-08
2.5119E+03 -0.05 1.6007E-08
2.8184E+03 -0.05 1.0999E-08
3.1623E+03 -0.05 7.5062E-09
3.5481E+03 -0.05 5.1527E-09
3.9811E+03 -0.05 3.5469E-09
4.4668E+03 -0.05 2.3955E-09
5.0119E+03 -0.05 1.6204E-09
5.6234E+03 -0.05 1.0988E-09
6.3096E+03 -0.05 7.4644E-10
7.0795E+03 -0.05 5.0849E-10
7.9433E+03 -0.05 3.4171E-10
8.9125E+03 -0.05 2.2765E-10
1.0000E+04 -0.05 1.5244E-10
1.0000E-01 -0.15 2.1145E+04
1.1220E-01 -0.15 1.8216E+04
1.2589E-01 -0.15 1.5484E+04
1.4125E-01 -0.15 1.3002E+04
1.5849E-01 -0.15 1.0783E+04
1.7783E-01 -0.15 8.8238E+03
1.9953E-01 -0.15 7.1360E+03
2.2387E-01 -0.15 5.7016E+03
2.5119E-01 -0.15 4.5084E+03
2.8184E-01 -0.15 3.5389E+03
3.1623E-01 -0.15 2.7610E+03
3.5481E-01 -0.15 2.1411E+03
3.9811E-01 -0.15 1.6550E+03
4.4668E-01 -0.15 1.2738E+03
5.0119E-01 -0.15 9.7738E+02
5.6234E-01 -0.15 7.4796E+02
6.3096E-01 -0.15 5.6995E+02
7.0795E-01 -0.15 4.3401E+02
7.9433E-01 -0.15 3.2897E+02
8.9125E-01 -0.15 2.4845E+02
1.0000E+00 -0.15 1.8736E+02
1.1220E+00 -0.15 1.4090E+02
1.2589E+00 -0.15 1.0545E+02
1.4125E+00 -0.15 7.8814E+01
1.5849E+00 -0.15 5.8728E+01
1.7783E+00 -0.15 4.3701E+01
1.9953E+00 -0.15 3.2360E+01
2.2387E+00 -0.15 2.3878E+01
2.5119E+00 -0.15 1.7595E+01
2.8184E+00 -0.15 1.2899E+01
3.1623E+00 -0.15 9.4422E+00
3.5481E+00 -0.15 6.8608E+00
3.9811E+00 -0.15 4.9888E+00
4.4668E+00 -0.15 3.6160E+00
5.0119E+00 -0.15 2.6043E+00
5.6234E+00 -0.15 1.8767E+00
6.3096E+00 -0.15 1.3450E+00
7.0795E+00 -0.15 9.6404E-01
7.9433E+00 -0.15 6.8854E-01
8.9125E+00 -0.15 4.9182E-01
1.0000E+01 -0.15 3.5126E-01
1.1220E+01 -0.15 2.4936E-01
1.2589E+01 -0.15 1.7770E-01
1.4125E+01 -0.15 1.2680E-01
1.5849E+01 -0.15 8.9533E-02
1.7783E+01 -0.15 6.3566E-02
1.9953E+01 -0.15 4.5449E-02
2.2387E+01 -0.15 3.2350E-02
2.5119E+01 -0.15 2.2782E-02
2.8184E+01 -0.15 1.6141E-02
3.1623E+01 -0.15 1.1452E-02
3.5481E+01 -0.15 8.1110E-03
3.9811E+01 -0.15 5.7405E-03
4.4668E+01 -0.15 4.0601E-03
5.0119E+01 -0.15 2.8700E-03
5.6234E+01 -0.15 2.0287E-03
6.3096E+01 -0.15 1.4307E-03
7.0795E+01 -0.15 1.0084E-03
7.9433E+01 -0.15 7.1205E-04
8.9125E+01 -0.15 5.0260E-04
1.0000E+02 -0.15 3.5375E-04
1.1220E+02 -0.15 2.4822E-04
1.2589E+02 -0.15 1.7419E-04
1.4125E+02 -0.15 1.2236E-04
1.5849E+02 -0.15 8.5811E-05
1.7783E+02 -0.15 6.0061E-05
1.9953E+02 -0.15 4.2037E-05
2.2387E+02 -0.15 2.9293E-05
2.5119E+02 -0.15 2.0428E-05
2.8184E+02 -0.15 1.4262E-05
3.1623E+02 -0.15 9.9458E-06
3.5481E+02 -0.15 6.9290E-06
3.9811E+02 -0.15 4.8095E-06
4.4668E+02 -0.15 3.3352E-06
5.0119E+02 -0.15 2.3097E-06
5.6234E+02 -0.15 1.6039E-06
6.3096E+02 -0.15 1.1134E-06
7.0795E+02 -0.15 7.6938E-07
7.9433E+02 -0.15 5.3236E-07
8.9125E+02 -0.15 3.6804E-07
1.0000E+03 -0.15 2.5401E-07
1.1220E+03 -0.15 1.7500E-07
1.2589E+03 -0.15 1.2065E-07
1.4125E+03 -0.15 8.3193E-08
1.5849E+03 -0.15 5.7307E-08
1.7783E+03 -0.15 3.9181E-08
1.9953E+03 -0.15 2.6863E-08
2.2387E+03 -0.15 1.8518E-08
2.5119E+03 -0.15 1.2594E-08
2.8184E+03 -0.15 8.5726E-09
3.1623E+03 -0.15 5.8713E-09
3.5481E+03 -0.15 3.9881E-09
3.9811E+03 -0.15 2.7041E-09
4.4668E+03 -0.15 1.8314E-09
5.0119E+03 -0.15 1.2366E-09
5.6234E+03 -0.15 8.3231E-10
6.3096E+03 -0.15 5.6932E-10
7.0795E+03 -0.15 3.8046E-10
7.9433E+03 -0.15 2.5395E-10
8.9125E+03 -0.15 1.7073E-10
1.0000E+04 -0.15 1.1332E-10
1.0000E-01 -0.25 1.2698E+04
1.1220E-01 -0.25 1.1067E+04
1.2589E-01 -0.25 9.5464E+03
1.4125E-01 -0.25 8.1624E+03
1.5849E-01 -0.25 6.9129E+03
1.7783E-01 -0.25 5.7853E+03
1.9953E-01 -0.25 4.7857E+03
2.2387E-01 -0.25 3.9181E+03
2.5119E-01 -0.25 3.1755E+03
2.8184E-01 -0.25 2.5538E+03
3.1623E-01 -0.25 2.0418E+03
3.5481E-01 -0.25 1.6208E+03
3.9811E-01 -0.25 1.2800E+03
4.4668E-01 -0.25 1.0071E+03
5.0119E-01 -0.25 7.8845E+02
5.6234E-01 -0.25 6.1530E+02
6.3096E-01 -0.25 4.7795E+02
7.0795E-01 -0.25 3.6971E+02
7.9433E-01 -0.25 2.8528E+02
8.9125E-01 -0.25 2.1887E+02
1.0000E+00 -0.25 1.6688E+02
1.1220E+00 -0.25 1.2686E+02
1.2589E+00 -0.25 9.5981E+01
1.4125E+00 -0.25 7.2343E+01
1.5849E+00 -0.25 5.4243E+01
1.7783E+00 -0.25 4.0416E+01
1.9953E+00 -0.25 3.0032E+01
2.2387E+00 -0.25 2.2208E+01
2.5119E+00 -0.25 1.6291E+01
2.8184E+00 -0.25 1.1902E+01
3.1623E+00 -0.25 8.6786E+00
3.5481E+00 -0.25 6.3090E+00
3.9811E+00 -0.25 4.5465E+00
4.4668E+00 -0.25 3.2671E+00
5.0119E+00 -0.25 2.3461E+00
5.6234E+00 -0.25 1.6764E+00
6.3096E+00 -0.25 1.1967E+00
7.0795E+00 -0.25 8.5218E-01
7.9433E+00 -0.25 6.0642E-01
8.9125E+00 -0.25 4.3064E-01
1.0000E+01 -0.25 3.0551E-01
1.1220E+01 -0.25 2.1682E-01
1.2589E+01 -0.25 1.5398E-01
1.4125E+01 -0.25 1.0934E-01
1.5849E+01 -0.25 7.7668E-02
1.7783E+01 -0.25 5.4922E-02
1.9953E+01 -0.25 3.8684E-02
2.2387E+01 -0.25 2.7428E-02
2.5119E+01 -0.25 1.9441E-02
2.8184E+01 -0.25 1.3765E-02
3.1623E+01 -0.25 9.7429E-03
3.5481E+01 -0.25 6.8944E-03
3.9811E+01 -0.25 4.8718E-03
4.4668E+01 -0.25 3.4406E-03
5.0119E+01 -0.25 2.4318E-03
5.6234E+01 -0.25 1.7146E-03
6.3096E+01 -0.25 1.2087E-03
7.0795E+01 -0.25 8.5251E-04
7.9433E+01 -0.25 6.0021E-04
8.9125E+01 -0.25 4.2241E-04
1.0000E+02 -0.25 2.9694E-04
1.1220E+02 -0.25 2.0815E-04
1.2589E+02 -0.25 1.4586E-04
1.4125E+02 -0.25 1.0207E-04
1.5849E+02 -0.25 7.1259E-05
1.7783E+02 -0.25 4.9761E-05
1.9953E+02 -0.25 3.4800E-05
2.2387E+02 -0.25 2.4273E-05
2.5119E+02 -0.25 1.6868E-05
2.8184E+02 -0.25 1.1723E-05
3.1623E+02 -0.25 8.1563E-06
3.5481E+02 -0.25 5.6687E-06
3.9811E+02 -0.25 3.9339E-06
4.4668E+02 -0.25 2.7264E-06
5.0119E+02 -0.25 1.8915E-06
5.6234E+02 -0.25 1.3100E-06
6.3096E+02 -0.25 9.0462E-07
7.0795E+02 -0.25 6.2397E-07
7.9433E+02 -0.25 4.3051E-07
8.9125E+02 -0.25 2.9747E-07
1.0000E+03 -0.25 2.0522E-07
1.1220E+03 -0.25 1.4100E-07
1.2589E+03 -0.25 9.6873E-08
1.4125E+03 -0.25 6.6404E-08
1.5849E+03 -0.25 4.5485E-08
1.7783E+03 -0.25 3.1128E-08
1.9953E+03 -0.25 2.1239E-08
2.2387E+03 -0.25 1.4509E-08
2.5119E+03 -0.25 9.8603E-09
2.8184E+03 -0.25 6.6783E-09
3.1623E+03 -0.25 4.5110E-09
3.5481E+03 -0.25 3.0550E-09
3.9811E+03 -0.25 2.0663E-09
4.4668E+03 -0.25 1.3973E-09
5.0119E+03 -0.25 9.3298E-10
5.6234E+03 -0.25 6.2036E-10
6.3096E+03 -0.25 4.1493E-10
7.0795E+03 -0.25 2.7528E-10
7.9433E+03 -0.25 1.8565E-10
8.9125E+03 -0.25 1.2334E-10
1.0000E+04 -0.25 8.1099E-11
1.0000E-01 -0.35 8.7832E+03
1.1220E-01 -0.35 7.7432E+03
1.2589E-01 -0.35 6.7678E+03
1.4125E-01 -0.35 5.8674E+03
1.5849E-01 -0.35 5.0349E+03
1.7783E-01 -0.35 4.2841E+03
1.9953E-01 -0.35 3.6090E+03
2.2387E-01 -0.35 3.0022E+03
2.5119E-01 -0.35 2.4711E+03
2.8184E-01 -0.35 2.0182E+03
3.1623E-01 -0.35 1.6356E+03
3.5481E-01 -0.35 1.3158E+03
3.9811E-01 -0.35 1.0546E+03
4.4668E-01 -0.35 8.3980E+02
5.0119E-01 -0.35 6.6415E+02
5.6234E-01 -0.35 5.2280E+02
6.3096E-01 -0.35 4.1026E+02
7.0795E-01 -0.35 3.2051E+02
7.9433E-01 -0.35 2.4900E+02
8.9125E-01 -0.35 1.9256E+02
1.0000E+00 -0.35 1.4807E+02
1.1220E+00 -0.35 1.1306E+02
1.2589E+00 -0.35 8.6022E+01
1.4125E+00 -0.35 6.5069E+01
1.5849E+00 -0.35 4.8952E+01
1.7783E+00 -0.35 3.6605E+01
1.9953E+00 -0.35 2.7208E+01
2.2387E+00 -0.35 2.0168E+01
2.5119E+00 -0.35 1.4839E+01
2.8184E+00 -0.35 1.0829E+01
3.1623E+00 -0.35 7.8981E+00
3.5481E+00 -0.35 5.7106E+00
3.9811E+00 -0.35 4.1140E+00
4.4668E+00 -0.35 2.9620E+00
5.0119E+00 -0.35 2.1161E+00
5.6234E+00 -0.35 1.5105E+00
6.3096E+00 -0.35 1.0783E+00
7.0795E+00 -0.35 7.6629E-01
7.9433E+00 -0.35 5.4393E-01
8.9125E+00 -0.35 3.8588E-01
1.0000E+01 -0.35 2.7316E-01
1.1220E+01 -0.35 1.9336E-01
1.2589E+01 -0.35 1.3694E-01
1.4125E+01 -0.35 9.6894E-02
1.5849E+01 -0.35 6.8598E-02
1.7783E+01 -0.35 4.8603E-02
1.9953E+01 -0.35 3.4580E-02
2.2387E+01 -0.35 2.4510E-02
2.5119E+01 -0.35 1.7283E-02
2.8184E+01 -0.35 1.2225E-02
3.1623E+01 -0.35 8.6513E-03
3.5481E+01 -0.35 6.1257E-03
3.9811E+01 -0.35 4.3283E-03
4.4668E+01 -0.35 3.0583E-03
5.0119E+01 -0.35 2.1584E-03
5.6234E+01 -0.35 1.5203E-03
6.3096E+01 -0.35 1.0691E-03
7.0795E+01 -0.35 7.5193E-04
7.9433E+01 -0.35 5.2919E-04
8.9125E+01 -0.35 3.7156E-04
1.0000E+02 -0.35 2.6043E-04
1.1220E+02 -0.35 1.8227E-04
1.2589E+02 -0.35 1.2735E-04
1.4125E+02 -0.35 8.8911E-05
1.5849E+02 -0.35 6.2037E-05
1.7783E+02 -0.35 4.3282E-05
1.9953E+02 -0.35 3.0147E-05
2.2387E+02 -0.35 2.0938E-05
2.5119E+02 -0.35 1.4557E-05
2.8184E+02 -0.35 1.0124E-05
3.1623E+02 -0.35 7.0180E-06
3.5481E+02 -0.35 4.8613E-06
3.9811E+02 -0.35 3.3679E-06
4.4668E+02 -0.35 2.3335E-06
5.0119E+02 -0.35 1.6142E-06
5.6234E+02 -0.35 1.1166E-06
6.3096E+02 -0.35 7.7124E-07
7.0795E+02 -0.35 5.3085E-07
7.9433E+02 -0.35 3.6520E-07
8.9125E+02 -0.35 2.5108E-07
1.0000E+03 -0.35 1.7228E-07
1.1220E+03 -0.35 1.1810E-07
1.2589E+03 -0.35 8.0919E-08
1.4125E+03 -0.35 5.5447E-08
1.5849E+03 -0.35 3.7791E-08
1.7783E+03 -0.35 2.5692E-08
1.9953E+03 -0.35 1.7413E-08
2.2387E+03 -0.35 1.1793E-08
2.5119E+03 -0.35 8.0131E-09
2.8184E+03 -0.35 5.3909E-09
3.1623E+03 -0.35 3.6303E-09
3.5481E+03 -0.35 2.4593E-09
3.9811E+03 -0.35 1.6492E-09
4.4668E+03 -0.35 1.0997E-09
5.0119E+03 -0.35 7.3169E-10
5.6234E+03 -0.35 4.8649E-10
6.3096E+03 -0.35 3.2557E-10
7.0795E+03 -0.35 2.1321E-10
7.9433E+03 -0.35 1.4034E-10
8.9125E+03 -0.35 9.4653E-11
1.0000E+04 -0.35 6.3016E-11
1.0000E-01 -0.45 6.8141E+03
1.1220E-01 -0.45 6.0641E+03
1.2589E-01 -0.45 5.3530E+03
1.4125E-01 -0.45 4.6978E+03
1.5849E-01 -0.45 4.0866E+03
1.7783E-01 -0.45 3.5170E+03
1.9953E-01 -0.45 2.9972E+03
2.2387E-01 -0.45 2.5238E+03
2.5119E-01 -0.45 2.1014E+03
2.8184E-01 -0.45 1.7318E+03
3.1623E-01 -0.45 1.4170E+03
3.5481E-01 -0.45 1.1498E+03
3.9811E-01 -0.45 9.2576E+02
4.4668E-01 -0.45 7.4138E+02
5.0119E-01 -0.45 5.9054E+02
5.6234E-01 -0.45 4.6755E+02
6.3096E-01 -0.45 3.6770E+02
7.0795E-01 -0.45 2.8824E+02
7.9433E-01 -0.45 2.2483E+02
8.9125E-01 -0.45 1.7423E+02
1.0000E+00 -0.45 1.3415E+02
1.1220E+00 -0.45 1.0296E+02
1.2589E+00 -0.45 7.8540E+01
1.4125E+00 -0.45 5.9474E+01
1.5849E+00 -0.45 4.4831E+01
1.7783E+00 -0.45 3.3578E+01
1.9953E+00 -0.45 2.4990E+01
2.2387E+00 -0.45 1.8514E+01
2.5119E+00 -0.45 1.3634E+01
2.8184E+00 -0.45 9.9819E+00
3.1623E+00 -0.45 7.2562E+00
3.5481E+00 -0.45 5.2513E+00
3.9811E+00 -0.45 3.7928E+00
4.4668E+00 -0.45 2.7240E+00
5.0119E+00 -0.45 1.9490E+00
5.6234E+00 -0.45 1.3884E+00
6.3096E+00 -0.45 9.8898E-01
7.0795E+00 -0.45 7.0223E-01
7.9433E+00 -0.45 4.9872E-01
8.9125E+00 -0.45 3.5355E-01
1.0000E+01 -0.45 2.5051E-01
1.1220E+01 -0.45 1.7750E-01
1.2589E+01 -0.45 1.2583E-01
1.4125E+01 -0.45 8.8840E-02
1.5849E+01 -0.45 6.2752E-02
1.7783E+01 -0.45 4.4611E-02
1.9953E+01 -0.45 3.1607E-02
2.2387E+01 -0.45 2.2352E-02
2.5119E+01 -0.45 1.5784E-02
2.8184E+01 -0.45 1.1185E-02
3.1623E+01 -0.45 7.9093E-03
3.5481E+01 -0.45 5.5837E-03
3.9811E+01 -0.45 3.9431E-03
4.4668E+01 -0.45 2.7812E-03
5.0119E+01 -0.45 1.9585E-03
5.6234E+01 -0.45 1.3782E-03
6.3096E+01 -0.45 9.7084E-04
7.0795E+01 -0.45 6.8161E-04
7.9433E+01 -0.45 4.7766E-04
8.9125E+01 -0.45 3.3426E-04
1.0000E+02 -0.45 2.3398E-04
1.1220E+02 -0.45 1.6382E-04
1.2589E+02 -0.45 1.1429E-04
1.4125E+02 -0.45 7.9682E-05
1.5849E+02 -0.45 5.5482E-05
1.7783E+02 -0.45 3.8577E-05
1.9953E+02 -0.45 2.6827E-05
2.2387E+02 -0.45 1.8680E-05
2.5119E+02 -0.45 1.2983E-05
2.8184E+02 -0.45 8.9892E-06
3.1623E+02 -0.45 6.2200E-06
3.5481E+02 -0.45 4.3055E-06
3.9811E+02 -0.45 2.9743E-06
4.4668E+02 -0.45 2.0563E-06
5.0119E+02 -0.45 1.4203E-06
5.6234E+02 -0.45 9.7954E-07
6.3096E+02 -0.45 6.7467E-07
7.0795E+02 -0.45 4.6409E-07
7.9433E+02 -0.45 3.1798E-07
8.9125E+02 -0.45 2.1799E-07
1.0000E+03 -0.45 1.4994E-07
1.1220E+03 -0.45 1.0263E-07
1.2589E+03 -0.45 6.9984E-08
1.4125E+03 -0.45 4.7792E-08
1.5849E+03 -0.45 3.2392E-08
1.7783E+03 -0.45 2.1953E-08
1.9953E+03 -0.45 1.4875E-08
2.2387E+03 -0.45 1.0053E-08
2.5119E+03 -0.45 6.7737E-09
2.8184E+03 -0.45 4.5374E-09
3.1623E+03 -0.45 3.0387E-09
3.5481E+03 -0.45 2.0299E-09
3.9811E+03 -0.45 1.3621E-09
4.4668E+03 -0.45 9.0879E-10
5.0119E+03 -0.45 6.0045E-10
5.6234E+03 -0.45 3.9932E-10
6.3096E+03 -0.45 2.6527E-10
7.0795E+03 -0.45 1.7705E-10
7.9433E+03 -0.45 1.1907E-10
8.9125E+03 -0.45 7.8505E-11
1.0000E+04 -0.45 5.0924E-11
1.0000E-01 -0.55 5.6229E+03
1.1220E-01 -0.55 5.0469E+03
1.2589E-01 -0.55 4.4932E+03
1.4125E-01 -0.55 3.9737E+03
1.5849E-01 -0.55 3.4925E+03
1.7783E-01 -0.55 3.0380E+03
1.9953E-01 -0.55 2.6136E+03
2.2387E-01 -0.55 2.2214E+03
2.5119E-01 -0.55 1.8660E+03
2.8184E-01 -0.55 1.5522E+03
3.1623E-01 -0.55 1.2787E+03
3.5481E-01 -0.55 1.0439E+03
3.9811E-01 -0.55 8.4609E+02
4.4668E-01 -0.55 6.8081E+02
5.0119E-01 -0.55 5.4517E+02
5.6234E-01 -0.55 4.3306E+02
6.3096E-01 -0.55 3.4181E+02
7.0795E-01 -0.55 2.6873E+02
7.9433E-01 -0.55 2.1014E+02
8.9125E-01 -0.55 1.6318E+02
1.0000E+00 -0.55 1.2570E+02
1.1220E+00 -0.55 9.6502E+01
1.2589E+00 -0.55 7.3822E+01
1.4125E+00 -0.55 5.5933E+01
1.5849E+00 -0.55 4.2121E+01
1.7783E+00 -0.55 3.1538E+01
1.9953E+00 -0.55 2.3471E+01
2.2387E+00 -0.55 1.7367E+01
2.5119E+00 -0.55 1.2775E+01
2.8184E+00 -0.55 9.3364E+00
3.1623E+00 -0.55 6.7901E+00
3.5481E+00 -0.55 4.9131E+00
3.9811E+00 -0.55 3.5396E+00
4.4668E+00 -0.55 2.5405E+00
5.0119E+00 -0.55 1.8148E+00
5.6234E+00 -0.55 1.2926E+00
6.3096E+00 -0.55 9.1985E-01
7.0795E+00 -0.55 6.5380E-01
7.9433E+00 -0.55 4.6424E-01
8.9125E+00 -0.55 3.2911E-01
1.0000E+01 -0.55 2.3281E-01
1.1220E+01 -0.55 1.6493E-01
1.2589E+01 -0.55 1.1675E-01
1.4125E+01 -0.55 8.2726E-02
1.5849E+01 -0.55 5.8597E-02
1.7783E+01 -0.55 4.1459E-02
1.9953E+01 -0.55 2.9525E-02
2.2387E+01 -0.55 2.0915E-02
2.5119E+01 -0.55 1.4701E-02
2.8184E+01 -0.55 1.0391E-02
3.1623E+01 -0.55 7.3387E-03
3.5481E+01 -0.55 5.1868E-03
3.9811E+01 -0.55 3.6609E-03
4.4668E+01 -0.55 2.5795E-03
5.0119E+01 -0.55 1.8149E-03
5.6234E+01 -0.55 1.2747E-03
6.3096E+01 -0.55 8.9467E-04
7.0795E+01 -0.55 6.2651E-04
7.9433E+01 -0.55 4.3938E-04
8.9125E+01 -0.55 3.0813E-04
1.0000E+02 -0.55 2.1493E-04
1.1220E+02 -0.55 1.4982E-04
1.2589E+02 -0.55 1.0446E-04
1.4125E+02 -0.55 7.2708E-05
1.5849E+02 -0.55 5.0666E-05
1.7783E+02 -0.55 3.5204E-05
1.9953E+02 -0.55 2.4389E-05
2.2387E+02 -0.55 1.6916E-05
2.5119E+02 -0.55 1.1750E-05
2.8184E+02 -0.55 8.1443E-06
3.1623E+02 -0.55 5.6273E-06
3.5481E+02 -0.55 3.8899E-06
3.9811E+02 -0.55 2.6893E-06
4.4668E+02 -0.55 1.8567E-06
5.0119E+02 -0.55 1.2823E-06
5.6234E+02 -0.55 8.8380E-07
6.3096E+02 -0.55 6.0846E-07
7.0795E+02 -0.55 4.1683E-07
7.9433E+02 -0.55 2.8454E-07
8.9125E+02 -0.55 1.9455E-07
1.0000E+03 -0.55 1.3314E-07
1.1220E+03 -0.55 9.0946E-08
1.2589E+03 -0.55 6.1661E-08
1.4125E+03 -0.55 4.1785E-08
1.5849E+03 -0.55 2.8380E-08
1.7783E+03 -0.55 1.9210E-08
1.9953E+03 -0.55 1.2964E-08
2.2387E+03 -0.55 8.7144E-09
2.5119E+03 -0.55 5.8278E-09
2.8184E+03 -0.55 3.9113E-09
3.1623E+03 -0.55 2.6199E-09
3.5481E+03 -0.55 1.7357E-09
3.9811E+03 -0.55 1.1530E-09
4.4668E+03 -0.55 7.7141E-10
5.0119E+03 -0.55 5.1099E-10
5.6234E+03 -0.55 3.3827E-10
6.3096E+03 -0.55 2.2272E-10
7.0795E+03 -0.55 1.4659E-10
7.9433E+03 -0.55 9.7689E-11
8.9125E+03 -0.55 6.4597E-11
1.0000E+04 -0.55 4.2286E-11
1.0000E-01 -0.65 4.7109E+03
1.1220E-01 -0.65 4.2627E+03
1.2589E-01 -0.65 3.8358E+03
1.4125E-01 -0.65 3.4301E+03
1.5849E-01 -0.65 3.0437E+03
1.7783E-01 -0.65 2.6757E+03
1.9953E-01 -0.65 2.3259E+03
2.2387E-01 -0.65 1.9963E+03
2.5119E-01 -0.65 1.6927E+03
2.8184E-01 -0.65 1.4194E+03
3.1623E-01 -0.65 1.1790E+03
3.5481E-01 -0.65 9.7074E+02
3.9811E-01 -0.65 7.9241E+02
4.4668E-01 -0.65 6.4210E+02
5.0119E-01 -0.65 5.1700E+02
5.6234E-01 -0.65 4.1310E+02
6.3096E-01 -0.65 3.2772E+02
7.0795E-01 -0.65 2.5844E+02
7.9433E-01 -0.65 2.0250E+02
8.9125E-01 -0.65 1.5754E+02
1.0000E+00 -0.65 1.2162E+02
1.1220E+00 -0.65 9.3288E+01
1.2589E+00 -0.65 7.1383E+01
1.4125E+00 -0.65 5.3959E+01
1.5849E+00 -0.65 4.0568E+01
1.7783E+00 -0.65 3.0323E+01
1.9953E+00 -0.65 2.2530E+01
2.2387E+00 -0.65 1.6636E+01
2.5119E+00 -0.65 1.2204E+01
2.8184E+00 -0.65 8.9043E+00
3.1623E+00 -0.65 6.4545E+00
3.5481E+00 -0.65 4.6640E+00
3.9811E+00 -0.65 3.3513E+00
4.4668E+00 -0.65 2.3969E+00
5.0119E+00 -0.65 1.7164E+00
5.6234E+00 -0.65 1.2227E+00
6.3096E+00 -0.65 8.7039E-01
7.0795E+00 -0.65 6.1730E-01
7.9433E+00 -0.65 4.3772E-01
8.9125E+00 -0.65 3.0987E-01
1.0000E+01 -0.65 2.1989E-01
1.1220E+01 -0.65 1.5606E-01
1.2589E+01 -0.65 1.1036E-01
1.4125E+01 -0.65 7.8160E-02
1.5849E+01 -0.65 5.5273E-02
1.7783E+01 -0.65 3.9166E-02
1.9953E+01 -0.65 2.7801E-02
2.2387E+01 -0.65 1.9639E-02
2.5119E+01 -0.65 1.3845E-02
2.8184E+01 -0.65 9.7782E-03
3.1623E+01 -0.65 6.9044E-03
3.5481E+01 -0.65 4.8693E-03
3.9811E+01 -0.65 3.4335E-03
4.4668E+01 -0.65 2.4189E-03
5.0119E+01 -0.65 1.6998E-03
5.6234E+01 -0.65 1.1930E-03
6.3096E+01 -0.65 8.3683E-04
7.0795E+01 -0.65 5.8541E-04
7.9433E+01 -0.65 4.0853E-04
8.9125E+01 -0.65 2.8595E-04
1.0000E+02 -0.65 1.9964E-04
1.1220E+02 -0.65 1.3917E-04
1.2589E+02 -0.65 9.7077E-05
1.4125E+02 -0.65 6.7436E-05
1.5849E+02 -0.65 4.6851E-05
1.7783E+02 -0.65 3.2552E-05
1.9953E+02 -0.65 2.2539E-05
2.2387E+02 -0.65 1.5601E-05
2.5119E+02 -0.65 1.0828E-05
2.8184E+02 -0.65 7.5050E-06
3.1623E+02 -0.65 5.1871E-06
3.5481E+02 -0.65 3.5778E-06
3.9811E+02 -0.65 2.4667E-06
4.4668E+02 -0.65 1.7031E-06
5.0119E+02 -0.65 1.1701E-06
5.6234E+02 -0.65 8.0112E-07
6.3096E+02 -0.65 5.5124E-07
7.0795E+02 -0.65 3.7842E-07
7.9433E+02 -0.65 2.5745E-07
8.9125E+02 -0.65 1.7600E-07
1.0000E+03 -0.65 1.2040E-07
1.1220E+03 -0.65 8.1825E-08
1.2589E+03 -0.65 5.5413E-08
1.4125E+03 -0.65 3.7480E-08
1.5849E+03 -0.65 2.5418E-08
1.7783E+03 -0.65 1.7063E-08
1.9953E+03 -0.65 1.1403E-08
2.2387E+03 -0.65 7.6913E-09
2.5119E+03 -0.65 5.1402E-09
2.8184E+03 -0.65 3.4300E-09
3.1623E+03 -0.65 2.2912E-09
3.5481E+03 -0.65 1.5345E-09
3.9811E+03 -0.65 1.0179E-09
4.4668E+03 -0.65 6.7087E-10
5.0119E+03 -0.65 4.4576E-10
5.6234E+03 -0.65 2.9679E-10
6.3096E+03 -0.65 1.9646E-10
7.0795E+03 -0.65 1.2757E-10
7.9433E+03 -0.65 8.2570E-11
8.9125E+03 -0.65 5.4717E-11
1.0000E+04 -0.65 3.6168E-11
1.0000E-01 -0.75 4.4325E+03
1.1220E-01 -0.75 4.0422E+03
1.2589E-01 -0.75 3.6614E+03
1.4125E-01 -0.75 3.2941E+03
1.5849E-01 -0.75 2.9422E+03
1.7783E-01 -0.75 2.6060E+03
1.9953E-01 -0.75 2.2800E+03
2.2387E-01 -0.75 1.9669E+03
2.5119E-01 -0.75 1.6749E+03
2.8184E-01 -0.75 1.4093E+03
3.1623E-01 -0.75 1.1742E+03
3.5481E-01 -0.75 9.6812E+02
3.9811E-01 -0.75 7.9178E+02
4.4668E-01 -0.75 6.4169E+02
5.0119E-01 -0.75 5.1524E+02
5.6234E-01 -0.75 4.1093E+02
6.3096E-01 -0.75 3.2599E+02
7.0795E-01 -0.75 2.5628E+02
7.9433E-01 -0.75 1.9994E+02
8.9125E-01 -0.75 1.5514E+02
1.0000E+00 -0.75 1.1931E+02
1.1220E+00 -0.75 9.1224E+01
1.2589E+00 -0.75 6.9647E+01
1.4125E+00 -0.75 5.2456E+01
1.5849E+00 -0.75 3.9310E+01
1.7783E+00 -0.75 2.9303E+01
1.9953E+00 -0.75 2.1693E+01
2.2387E+00 -0.75 1.5961E+01
2.5119E+00 -0.75 1.1673E+01
2.8184E+00 -0.75 8.4896E+00
3.1623E+00 -0.75 6.1518E+00
3.5481E+00 -0.75 4.4356E+00
3.9811E+00 -0.75 3.1856E+00
4.4668E+00 -0.75 2.2830E+00
5.0119E+00 -0.75 1.6317E+00
5.6234E+00 -0.75 1.1611E+00
6.3096E+00 -0.75 8.2732E-01
7.0795E+00 -0.75 5.8730E-01
7.9433E+00 -0.75 4.1632E-01
8.9125E+00 -0.75 2.9501E-01
1.0000E+01 -0.75 2.0919E-01
1.1220E+01 -0.75 1.4789E-01
1.2589E+01 -0.75 1.0473E-01
1.4125E+01 -0.75 7.4325E-02
1.5849E+01 -0.75 5.2644E-02
1.7783E+01 -0.75 3.7231E-02
1.9953E+01 -0.75 2.6265E-02
2.2387E+01 -0.75 1.8558E-02
2.5119E+01 -0.75 1.3153E-02
2.8184E+01 -0.75 9.3115E-03
3.1623E+01 -0.75 6.5609E-03
3.5481E+01 -0.75 4.6150E-03
3.9811E+01 -0.75 3.2488E-03
4.4668E+01 -0.75 2.2844E-03
5.0119E+01 -0.75 1.6032E-03
5.6234E+01 -0.75 1.1219E-03
6.3096E+01 -0.75 7.8476E-04
7.0795E+01 -0.75 5.4966E-04
7.9433E+01 -0.75 3.8484E-04
8.9125E+01 -0.75 2.6816E-04
1.0000E+02 -0.75 1.8680E-04
1.1220E+02 -0.75 1.3020E-04
1.2589E+02 -0.75 9.0529E-05
1.4125E+02 -0.75 6.2952E-05
1.5849E+02 -0.75 4.3762E-05
1.7783E+02 -0.75 3.0346E-05
1.9953E+02 -0.75 2.0975E-05
2.2387E+02 -0.75 1.4524E-05
2.5119E+02 -0.75 1.0072E-05
2.8184E+02 -0.75 6.9777E-06
3.1623E+02 -0.75 4.8202E-06
3.5481E+02 -0.75 3.3244E-06
3.9811E+02 -0.75 2.2880E-06
4.4668E+02 -0.75 1.5721E-06
5.0119E+02 -0.75 1.0814E-06
5.6234E+02 -0.75 7.4080E-07
6.3096E+02 -0.75 5.0861E-07
7.0795E+02 -0.75 3.4870E-07
7.9433E+02 -0.75 2.3780E-07
8.9125E+02 -0.75 1.6156E-07
1.0000E+03 -0.75 1.0964E-07
1.1220E+03 -0.75 7.4517E-08
1.2589E+03 -0.75 5.0463E-08
1.4125E+03 -0.75 3.4116E-08
1.5849E+03 -0.75 2.2953E-08
1.7783E+03 -0.75 1.5439E-08
1.9953E+03 -0.75 1.0344E-08
2.2387E+03 -0.75 6.8824E-09
2.5119E+03 -0.75 4.6023E-09
2.8184E+03 -0.75 3.0839E-09
3.1623E+03 -0.75 2.0512E-09
3.5481E+03 -0.75 1.3559E-09
3.9811E+03 -0.75 8.9697E-10
4.4668E+03 -0.75 5.9566E-10
5.0119E+03 -0.75 3.9677E-10
5.6234E+03 -0.75 2.5978E-10
6.3096E+03 -0.75 1.7035E-10
7.0795E+03 -0.75 1.1305E-10
7.9433E+03 -0.75 7.3912E-11
8.9125E+03 -0.75 4.8900E-11
1.0000E+04 -0.75 3.2114E-11
1.0000E-01 -0.85 5.1208E+03
1.1220E-01 -0.85 4.6638E+03
1.2589E-01 -0.85 4.2178E+03
1.4125E-01 -0.85 3.7892E+03
1.5849E-01 -0.85 3.3781E+03
1.7783E-01 -0.85 2.9783E+03
1.9953E-01 -0.85 2.5925E+03
2.2387E-01 -0.85 2.2230E+03
2.5119E-01 -0.85 1.8767E+03
2.8184E-01 -0.85 1.5626E+03
3.1623E-01 -0.85 1.2865E+03
3.5481E-01 -0.85 1.0474E+03
3.9811E-01 -0.85 8.4372E+02
4.4668E-01 -0.85 6.7471E+02
5.0119E-01 -0.85 5.3546E+02
5.6234E-01 -0.85 4.2186E+02
6.3096E-01 -0.85 3.3002E+02
7.0795E-01 -0.85 2.5687E+02
7.9433E-01 -0.85 1.9867E+02
8.9125E-01 -0.85 1.5257E+02
1.0000E+00 -0.85 1.1650E+02
1.1220E+00 -0.85 8.8603E+01
1.2589E+00 -0.85 6.7124E+01
1.4125E+00 -0.85 5.0407E+01
1.5849E+00 -0.85 3.7673E+01
1.7783E+00 -0.85 2.7996E+01
1.9953E+00 -0.85 2.0675E+01
2.2387E+00 -0.85 1.5179E+01
2.5119E+00 -0.85 1.1108E+01
2.8184E+00 -0.85 8.0949E+00
3.1623E+00 -0.85 5.8690E+00
3.5481E+00 -0.85 4.2345E+00
3.9811E+00 -0.85 3.0394E+00
4.4668E+00 -0.85 2.1754E+00
5.0119E+00 -0.85 1.5551E+00
5.6234E+00 -0.85 1.1093E+00
6.3096E+00 -0.85 7.9027E-01
7.0795E+00 -0.85 5.6049E-01
7.9433E+00 -0.85 3.9746E-01
8.9125E+00 -0.85 2.8146E-01
1.0000E+01 -0.85 1.9951E-01
1.1220E+01 -0.85 1.4146E-01
1.2589E+01 -0.85 1.0016E-01
1.4125E+01 -0.85 7.1090E-02
1.5849E+01 -0.85 5.0382E-02
1.7783E+01 -0.85 3.5599E-02
1.9953E+01 -0.85 2.5122E-02
2.2387E+01 -0.85 1.7745E-02
2.5119E+01 -0.85 1.2564E-02
2.8184E+01 -0.85 8.8590E-03
3.1623E+01 -0.85 6.2428E-03
3.5481E+01 -0.85 4.3915E-03
3.9811E+01 -0.85 3.0900E-03
4.4668E+01 -0.85 2.1687E-03
5.0119E+01 -0.85 1.5208E-03
5.6234E+01 -0.85 1.0653E-03
6.3096E+01 -0.85 7.4588E-04
7.0795E+01 -0.85 5.2063E-04
7.9433E+01 -0.85 3.6371E-04
8.9125E+01 -0.85 2.5442E-04
1.0000E+02 -0.85 1.7695E-04
1.1220E+02 -0.85 1.2301E-04
1.2589E+02 -0.85 8.5512E-05
1.4125E+02 -0.85 5.9373E-05
1.5849E+02 -0.85 4.1170E-05
1.7783E+02 -0.85 2.8499E-05
1.9953E+02 -0.85 1.9730E-05
2.2387E+02 -0.85 1.3656E-05
2.5119E+02 -0.85 9.4431E-06
2.8184E+02 -0.85 6.4974E-06
3.1623E+02 -0.85 4.4890E-06
3.5481E+02 -0.85 3.1054E-06
3.9811E+02 -0.85 2.1376E-06
4.4668E+02 -0.85 1.4702E-06
5.0119E+02 -0.85 1.0091E-06
5.6234E+02 -0.85 6.9146E-07
6.3096E+02 -0.85 4.7147E-07
7.0795E+02 -0.85 3.2159E-07
7.9433E+02 -0.85 2.1905E-07
8.9125E+02 -0.85 1.4921E-07
1.0000E+03 -0.85 1.0138E-07
1.1220E+03 -0.85 6.8528E-08
1.2589E+03 -0.85 4.6191E-08
1.4125E+03 -0.85 3.1143E-08
1.5849E+03 -0.85 2.0999E-08
1.7783E+03 -0.85 1.4068E-08
1.9953E+03 -0.85 9.4119E-09
2.2387E+03 -0.85 6.2451E-09
2.5119E+03 -0.85 4.1618E-09
2.8184E+03 -0.85 2.7852E-09
3.1623E+03 -0.85 1.8508E-09
3.5481E+03 -0.85 1.2270E-09
3.9811E+03 -0.85 8.0861E-10
4.4668E+03 -0.85 5.3088E-10
5.0119E+03 -0.85 3.5311E-10
5.6234E+03 -0.85 2.3290E-10
6.3096E+03 -0.85 1.5277E-10
7.0795E+03 -0.85 1.0143E-10
7.9433E+03 -0.85 6.6143E-11
8.9125E+03 -0.85 4.3191E-11
1.0000E+04 -0.85 2.8550E-11
1.0000E-01 -0.95 6.4943E+03
1.1220E-01 -0.95 5.9152E+03
1.2589E-01 -0.95 5.3456E+03
1.4125E-01 -0.95 4.8030E+03
1.5849E-01 -0.95 4.2792E+03
1.7783E-01 -0.95 3.7685E+03
1.9953E-01 -0.95 3.2706E+03
2.2387E-01 -0.95 2.7876E+03
2.5119E-01 -0.95 2.3381E+03
2.8184E-01 -0.95 1.9323E+03
3.1623E-01 -0.95 1.5748E+03
3.5481E-01 -0.95 1.2679E+03
3.9811E-01 -0.95 1.0109E+03
4.4668E-01 -0.95 7.9819E+02
5.0119E-01 -0.95 6.2421E+02
5.6234E-01 -0.95 4.8523E+02
6.3096E-01 -0.95 3.7518E+02
7.0795E-01 -0.95 2.8812E+02
7.9433E-01 -0.95 2.1980E+02
8.9125E-01 -0.95 1.6671E+02
1.0000E+00 -0.95 1.2561E+02
1.1220E+00 -0.95 9.4182E+01
1.2589E+00 -0.95 7.0603E+01
1.4125E+00 -0.95 5.2285E+01
1.5849E+00 -0.95 3.8584E+01
1.7783E+00 -0.95 2.8391E+01
1.9953E+00 -0.95 2.0779E+01
2.2387E+00 -0.95 1.5151E+01
2.5119E+00 -0.95 1.1008E+01
2.8184E+00 -0.95 7.9717E+00
3.1623E+00 -0.95 5.7445E+00
3.5481E+00 -0.95 4.1218E+00
3.9811E+00 -0.95 2.9478E+00
4.4668E+00 -0.95 2.1030E+00
5.0119E+00 -0.95 1.5005E+00
5.6234E+00 -0.95 1.0655E+00
6.3096E+00 -0.95 7.6057E-01
7.0795E+00 -0.95 5.3927E-01
7.9433E+00 -0.95 3.8230E-01
8.9125E+00 -0.95 2.7082E-01
1.0000E+01 -0.95 1.9203E-01
1.1220E+01 -0.95 1.3613E-01
1.2589E+01 -0.95 9.6306E-02
1.4125E+01 -0.95 6.8100E-02
1.5849E+01 -0.95 4.8278E-02
1.7783E+01 -0.95 3.4167E-02
1.9953E+01 -0.95 2.4148E-02
2.2387E+01 -0.95 1.7052E-02
2.5119E+01 -0.95 1.2047E-02
2.8184E+01 -0.95 8.4741E-03
3.1623E+01 -0.95 5.9711E-03
3.5481E+01 -0.95 4.2094E-03
3.9811E+01 -0.95 2.9598E-03
4.4668E+01 -0.95 2.0740E-03
5.0119E+01 -0.95 1.4528E-03
5.6234E+01 -0.95 1.0175E-03
6.3096E+01 -0.95 7.1281E-04
7.0795E+01 -0.95 4.9826E-04
7.9433E+01 -0.95 3.4680E-04
8.9125E+01 -0.95 2.4179E-04
1.0000E+02 -0.95 1.6834E-04
1.1220E+02 -0.95 1.1698E-04
1.2589E+02 -0.95 8.1212E-05
1.4125E+02 -0.95 5.6278E-05
1.5849E+02 -0.95 3.8999E-05
1.7783E+02 -0.95 2.7023E-05
1.9953E+02 -0.95 1.8753E-05
2.2387E+02 -0.95 1.2973E-05
2.5119E+02 -0.95 8.9581E-06
2.8184E+02 -0.95 6.1820E-06
3.1623E+02 -0.95 4.2524E-06
3.5481E+02 -0.95 2.9240E-06
3.9811E+02 -0.95 2.0097E-06
4.4668E+02 -0.95 1.3777E-06
5.0119E+02 -0.95 9.4307E-07
5.6234E+02 -0.95 6.4733E-07
6.3096E+02 -0.95 4.4183E-07
7.0795E+02 -0.95 2.9994E-07
7.9433E+02 -0.95 2.0505E-07
8.9125E+02 -0.95 1.3912E-07
1.0000E+03 -0.95 9.3904E-08
1.1220E+03 -0.95 6.3599E-08
1.2589E+03 -0.95 4.2817E-08
1.4125E+03 -0.95 2.8753E-08
1.5849E+03 -0.95 1.9303E-08
1.7783E+03 -0.95 1.2914E-08
1.9953E+03 -0.95 8.6289E-09
2.2387E+03 -0.95 5.7271E-09
2.5119E+03 -0.95 3.8114E-09
2.8184E+03 -0.95 2.5143E-09
3.1623E+03 -0.95 1.6669E-09
3.5481E+03 -0.95 1.1105E-09
3.9811E+03 -0.95 7.3460E-10
4.4668E+03 -0.95 4.8492E-10
5.0119E+03 -0.95 3.1710E-10
5.6234E+03 -0.95 2.0697E-10
6.3096E+03 -0.95 1.3620E-10
7.0795E+03 -0.95 8.9528E-11
7.9433E+03 -0.95 5.9340E-11
8.9125E+03 -0.95 3.9207E-11
1.0000E+04 -0.95 2.5413E-11
