1.0000E-01 0.95 4.2509E+03
1.1220E-01 0.95 3.8801E+03
1.2589E-01 0.95 3.5132E+03
1.4125E-01 0.95 3.1699E+03
1.5849E-01 0.95 2.8246E+03
1.7783E-01 0.95 2.4784E+03
1.9953E-01 0.95 2.1543E+03
2.2387E-01 0.95 1.8594E+03
2.5119E-01 0.95 1.5871E+03
2.8184E-01 0.95 1.3347E+03
3.1623E-01 0.95 1.1102E+03
3.5481E-01 0.95 9.2025E+02
3.9811E-01 0.95 7.5875E+02
4.4668E-01 0.95 6.1535E+02
5.0119E-01 0.95 4.9275E+02
5.6234E-01 0.95 3.9354E+02
6.3096E-01 0.95 3.1282E+02
7.0795E-01 0.95 2.4569E+02
7.9433E-01 0.95 1.9102E+02
8.9125E-01 0.95 1.4704E+02
1.0000E+00 0.95 1.1333E+02
1.1220E+00 0.95 8.6863E+01
1.2589E+00 0.95 6.6130E+01
1.4125E+00 0.95 4.9826E+01
1.5849E+00 0.95 3.7267E+01
1.7783E+00 0.95 2.7617E+01
1.9953E+00 0.95 2.0348E+01
2.2387E+00 0.95 1.4868E+01
2.5119E+00 0.95 1.0749E+01
2.8184E+00 0.95 7.8543E+00
3.1623E+00 0.95 5.6718E+00
3.5481E+00 0.95 4.0742E+00
3.9811E+00 0.95 2.9292E+00
4.4668E+00 0.95 2.0889E+00
5.0119E+00 0.95 1.4958E+00
5.6234E+00 0.95 1.0664E+00
6.3096E+00 0.95 7.5085E-01
7.0795E+00 0.95 5.3501E-01
7.9433E+00 0.95 3.8086E-01
8.9125E+00 0.95 2.7108E-01
1.0000E+01 0.95 1.9386E-01
1.1220E+01 0.95 1.3716E-01
1.2589E+01 0.95 9.7031E-02
1.4125E+01 0.95 6.9102E-02
1.5849E+01 0.95 4.9250E-02
1.7783E+01 0.95 3.4783E-02
1.9953E+01 0.95 2.4599E-02
2.2387E+01 0.95 1.7304E-02
2.5119E+01 0.95 1.2221E-02
2.8184E+01 0.95 8.7348E-03
3.1623E+01 0.95 6.0215E-03
3.5481E+01 0.95 4.2351E-03
3.9811E+01 0.95 2.9701E-03
4.4668E+01 0.95 2.0859E-03
5.0119E+01 0.95 1.4713E-03
5.6234E+01 0.95 1.0321E-03
6.3096E+01 0.95 7.2056E-04
7.0795E+01 0.95 5.0039E-04
7.9433E+01 0.95 3.4714E-04
8.9125E+01 0.95 2.4189E-04
1.0000E+02 0.95 1.7022E-04
1.1220E+02 0.95 1.1825E-04
1.2589E+02 0.95 8.1527E-05
1.4125E+02 0.95 5.6571E-05
1.5849E+02 0.95 3.9546E-05
1.7783E+02 0.95 2.7109E-05
1.9953E+02 0.95 1.8690E-05
2.2387E+02 0.95 1.3121E-05
2.5119E+02 0.95 9.0384E-06
2.8184E+02 0.95 6.1787E-06
3.1623E+02 0.95 4.3119E-06
3.5481E+02 0.95 2.9420E-06
3.9811E+02 0.95 2.0362E-06
4.4668E+02 0.95 1.3964E-06
5.0119E+02 0.95 9.5575E-07
5.6234E+02 0.95 6.6010E-07
6.3096E+02 0.95 4.4498E-07
7.0795E+02 0.95 3.0509E-07
7.9433E+02 0.95 2.0871E-07
8.9125E+02 0.95 1.4174E-07
1.0000E+03 0.95 9.5645E-08
1.1220E+03 0.95 6.3454E-08
1.2589E+03 0.95 4.3124E-08
1.4125E+03 0.95 2.9430E-08
1.5849E+03 0.95 1.9641E-08
1.7783E+03 0.95 1.2892E-08
1.9953E+03 0.95 8.5566E-09
2.2387E+03 0.95 5.6927E-09
2.5119E+03 0.95 3.7690E-09
2.8184E+03 0.95 2.5330E-09
3.1623E+03 0.95 1.7379E-09
3.5481E+03 0.95 1.1195E-09
3.9811E+03 0.95 7.4295E-10
4.4668E+03 0.95 4.9176E-10
5.0119E+03 0.95 3.2281E-10
5.6234E+03 0.95 2.1462E-10
6.3096E+03 0.95 1.4091E-10
7.0795E+03 0.95 9.1168E-11
7.9433E+03 0.95 5.7954E-11
8.9125E+03 0.95 3.7092E-11
1.0000E+04 0.95 2.5118E-11
1.0000E-01 0.85 4.3474E+03
1.1220E-01 0.85 3.9499E+03
1.2589E-01 0.85 3.5704E+03
1.4125E-01 0.85 3.2015E+03
1.5849E-01 0.85 2.8397E+03
1.7783E-01 0.85 2.4972E+03
1.9953E-01 0.85 2.1634E+03
2.2387E-01 0.85 1.8630E+03
2.5119E-01 0.85 1.5953E+03
2.8184E-01 0.85 1.3535E+03
3.1623E-01 0.85 1.1311E+03
3.5481E-01 0.85 9.3376E+02
3.9811E-01 0.85 7.6621E+02
4.4668E-01 0.85 6.2338E+02
5.0119E-01 0.85 5.0298E+02
5.6234E-01 0.85 4.0215E+02
6.3096E-01 0.85 3.1935E+02
7.0795E-01 0.85 2.5176E+02
7.9433E-01 0.85 1.9610E+02
8.9125E-01 0.85 1.5248E+02
1.0000E+00 0.85 1.1744E+02
1.1220E+00 0.85 9.0002E+01
1.2589E+00 0.85 6.8212E+01
1.4125E+00 0.85 5.1386E+01
1.5849E+00 0.85 3.8394E+01
1.7783E+00 0.85 2.8460E+01
1.9953E+00 0.85 2.1117E+01
2.2387E+00 0.85 1.5515E+01
2.5119E+00 0.85 1.1180E+01
2.8184E+00 0.85 8.0631E+00
3.1623E+00 0.85 5.9151E+00
3.5481E+00 0.85 4.2554E+00
3.9811E+00 0.85 3.0651E+00
4.4668E+00 0.85 2.1997E+00
5.0119E+00 0.85 1.5662E+00
5.6234E+00 0.85 1.1140E+00
6.3096E+00 0.85 7.9766E-01
7.0795E+00 0.85 5.7056E-01
7.9433E+00 0.85 4.0358E-01
8.9125E+00 0.85 2.8494E-01
1.0000E+01 0.85 2.0234E-01
1.1220E+01 0.85 1.4348E-01
1.2589E+01 0.85 1.0200E-01
1.4125E+01 0.85 7.2619E-02
1.5849E+01 0.85 5.1391E-02
1.7783E+01 0.85 3.6325E-02
1.9953E+01 0.85 2.5578E-02
2.2387E+01 0.85 1.8031E-02
2.5119E+01 0.85 1.2811E-02
2.8184E+01 0.85 9.0566E-03
3.1623E+01 0.85 6.2829E-03
3.5481E+01 0.85 4.4341E-03
3.9811E+01 0.85 3.1159E-03
4.4668E+01 0.85 2.1802E-03
5.0119E+01 0.85 1.5271E-03
5.6234E+01 0.85 1.0773E-03
6.3096E+01 0.85 7.5186E-04
7.0795E+01 0.85 5.2030E-04
7.9433E+01 0.85 3.6505E-04
8.9125E+01 0.85 2.5604E-04
1.0000E+02 0.85 1.7808E-04
1.1220E+02 0.85 1.2380E-04
1.2589E+02 0.85 8.6206E-05
1.4125E+02 0.85 5.9600E-05
1.5849E+02 0.85 4.1317E-05
1.7783E+02 0.85 2.8608E-05
1.9953E+02 0.85 1.9772E-05
2.2387E+02 0.85 1.3671E-05
2.5119E+02 0.85 9.5091E-06
2.8184E+02 0.85 6.6052E-06
3.1623E+02 0.85 4.5618E-06
3.5481E+02 0.85 3.1356E-06
3.9811E+02 0.85 2.1527E-06
4.4668E+02 0.85 1.4697E-06
5.0119E+02 0.85 1.0123E-06
5.6234E+02 0.85 7.0158E-07
6.3096E+02 0.85 4.7799E-07
7.0795E+02 0.85 3.2622E-07
7.9433E+02 0.85 2.2293E-07
8.9125E+02 0.85 1.5287E-07
1.0000E+03 0.85 1.0451E-07
1.1220E+03 0.85 6.9865E-08
1.2589E+03 0.85 4.6227E-08
1.4125E+03 0.85 3.1196E-08
1.5849E+03 0.85 2.1144E-08
1.7783E+03 0.85 1.4182E-08
1.9953E+03 0.85 9.4848E-09
2.2387E+03 0.85 6.2835E-09
2.5119E+03 0.85 4.1739E-09
2.8184E+03 0.85 2.7820E-09
3.1623E+03 0.85 1.9264E-09
3.5481E+03 0.85 1.2469E-09
3.9811E+03 0.85 8.2013E-10
4.4668E+03 0.85 5.3806E-10
5.0119E+03 0.85 3.6249E-10
5.6234E+03 0.85 2.3440E-10
6.3096E+03 0.85 1.5331E-10
7.0795E+03 0.85 9.8395E-11
7.9433E+03 0.85 6.5222E-11
8.9125E+03 0.85 4.3364E-11
1.0000E+04 0.85 2.7772E-11
1.0000E-01 0.75 4.4508E+03
1.1220E-01 0.75 4.0341E+03
1.2589E-01 0.75 3.6323E+03
1.4125E-01 0.75 3.2672E+03
1.5849E-01 0.75 2.9036E+03
1.7783E-01 0.75 2.5355E+03
1.9953E-01 0.75 2.2020E+03
2.2387E-01 0.75 1.9005E+03
2.5119E-01 0.75 1.6107E+03
2.8184E-01 0.75 1.3600E+03
3.1623E-01 0.75 1.1452E+03
3.5481E-01 0.75 9.4887E+02
3.9811E-01 0.75 7.8255E+02
4.4668E-01 0.75 6.3746E+02
5.0119E-01 0.75 5.1305E+02
5.6234E-01 0.75 4.1314E+02
6.3096E-01 0.75 3.2879E+02
7.0795E-01 0.75 2.5893E+02
7.9433E-01 0.75 2.0392E+02
8.9125E-01 0.75 1.5773E+02
1.0000E+00 0.75 1.2069E+02
1.1220E+00 0.75 9.2557E+01
1.2589E+00 0.75 7.0169E+01
1.4125E+00 0.75 5.3209E+01
1.5849E+00 0.75 3.9930E+01
1.7783E+00 0.75 2.9705E+01
1.9953E+00 0.75 2.1910E+01
2.2387E+00 0.75 1.6116E+01
2.5119E+00 0.75 1.1795E+01
2.8184E+00 0.75 8.5774E+00
3.1623E+00 0.75 6.1741E+00
3.5481E+00 0.75 4.4414E+00
3.9811E+00 0.75 3.1757E+00
4.4668E+00 0.75 2.2720E+00
5.0119E+00 0.75 1.6312E+00
5.6234E+00 0.75 1.1702E+00
6.3096E+00 0.75 8.3246E-01
7.0795E+00 0.75 5.8738E-01
7.9433E+00 0.75 4.1748E-01
8.9125E+00 0.75 2.9733E-01
1.0000E+01 0.75 2.1032E-01
1.1220E+01 0.75 1.4961E-01
1.2589E+01 0.75 1.0545E-01
1.4125E+01 0.75 7.4899E-02
1.5849E+01 0.75 5.2655E-02
1.7783E+01 0.75 3.7423E-02
1.9953E+01 0.75 2.6642E-02
2.2387E+01 0.75 1.8545E-02
2.5119E+01 0.75 1.3122E-02
2.8184E+01 0.75 9.2440E-03
3.1623E+01 0.75 6.6090E-03
3.5481E+01 0.75 4.6595E-03
3.9811E+01 0.75 3.2803E-03
4.4668E+01 0.75 2.3135E-03
5.0119E+01 0.75 1.6213E-03
5.6234E+01 0.75 1.1324E-03
6.3096E+01 0.75 7.9665E-04
7.0795E+01 0.75 5.5478E-04
7.9433E+01 0.75 3.8630E-04
8.9125E+01 0.75 2.7219E-04
1.0000E+02 0.75 1.8914E-04
1.1220E+02 0.75 1.3150E-04
1.2589E+02 0.75 9.1752E-05
1.4125E+02 0.75 6.3796E-05
1.5849E+02 0.75 4.4035E-05
1.7783E+02 0.75 3.0414E-05
1.9953E+02 0.75 2.1129E-05
2.2387E+02 0.75 1.4662E-05
2.5119E+02 0.75 1.0123E-05
2.8184E+02 0.75 6.9829E-06
3.1623E+02 0.75 4.8905E-06
3.5481E+02 0.75 3.3585E-06
3.9811E+02 0.75 2.3060E-06
4.4668E+02 0.75 1.5850E-06
5.0119E+02 0.75 1.0929E-06
5.6234E+02 0.75 7.5368E-07
6.3096E+02 0.75 5.1442E-07
7.0795E+02 0.75 3.5029E-07
7.9433E+02 0.75 2.3924E-07
8.9125E+02 0.75 1.6387E-07
1.0000E+03 0.75 1.1136E-07
1.1220E+03 0.75 7.5831E-08
1.2589E+03 0.75 5.1550E-08
1.4125E+03 0.75 3.4415E-08
1.5849E+03 0.75 2.3088E-08
1.7783E+03 0.75 1.5590E-08
1.9953E+03 0.75 1.0395E-08
2.2387E+03 0.75 6.8972E-09
2.5119E+03 0.75 4.5690E-09
2.8184E+03 0.75 3.0155E-09
3.1623E+03 0.75 2.1263E-09
3.5481E+03 0.75 1.3732E-09
3.9811E+03 0.75 9.0659E-10
4.4668E+03 0.75 6.0374E-10
5.0119E+03 0.75 4.0159E-10
5.6234E+03 0.75 2.6269E-10
6.3096E+03 0.75 1.7323E-10
7.0795E+03 0.75 1.1464E-10
7.9433E+03 0.75 7.4279E-11
8.9125E+03 0.75 4.8340E-11
1.0000E+04 0.75 3.2025E-11
1.0000E-01 0.65 4.6461E+03
1.1220E-01 0.65 4.1837E+03
1.2589E-01 0.65 3.7584E+03
1.4125E-01 0.65 3.3344E+03
1.5849E-01 0.65 2.9415E+03
1.7783E-01 0.65 2.5799E+03
1.9953E-01 0.65 2.2325E+03
2.2387E-01 0.65 1.9140E+03
2.5119E-01 0.65 1.6271E+03
2.8184E-01 0.65 1.3766E+03
3.1623E-01 0.65 1.1550E+03
3.5481E-01 0.65 9.5616E+02
3.9811E-01 0.65 7.8482E+02
4.4668E-01 0.65 6.4276E+02
5.0119E-01 0.65 5.1929E+02
5.6234E-01 0.65 4.1636E+02
6.3096E-01 0.65 3.3380E+02
7.0795E-01 0.65 2.6358E+02
7.9433E-01 0.65 2.0522E+02
8.9125E-01 0.65 1.6011E+02
1.0000E+00 0.65 1.2434E+02
1.1220E+00 0.65 9.5632E+01
1.2589E+00 0.65 7.2535E+01
1.4125E+00 0.65 5.5010E+01
1.5849E+00 0.65 4.1330E+01
1.7783E+00 0.65 3.0693E+01
1.9953E+00 0.65 2.2961E+01
2.2387E+00 0.65 1.6998E+01
2.5119E+00 0.65 1.2435E+01
2.8184E+00 0.65 9.0706E+00
3.1623E+00 0.65 6.4898E+00
3.5481E+00 0.65 4.6654E+00
3.9811E+00 0.65 3.3606E+00
4.4668E+00 0.65 2.4002E+00
5.0119E+00 0.65 1.7100E+00
5.6234E+00 0.65 1.2261E+00
6.3096E+00 0.65 8.7209E-01
7.0795E+00 0.65 6.2083E-01
7.9433E+00 0.65 4.4096E-01
8.9125E+00 0.65 3.1346E-01
1.0000E+01 0.65 2.2186E-01
1.1220E+01 0.65 1.5717E-01
1.2589E+01 0.65 1.1091E-01
1.4125E+01 0.65 7.8467E-02
1.5849E+01 0.65 5.5689E-02
1.7783E+01 0.65 3.9579E-02
1.9953E+01 0.65 2.7870E-02
2.2387E+01 0.65 1.9834E-02
2.5119E+01 0.65 1.4053E-02
2.8184E+01 0.65 9.8711E-03
3.1623E+01 0.65 6.9614E-03
3.5481E+01 0.65 4.8928E-03
3.9811E+01 0.65 3.4517E-03
4.4668E+01 0.65 2.4384E-03
5.0119E+01 0.65 1.7107E-03
5.6234E+01 0.65 1.1946E-03
6.3096E+01 0.65 8.4245E-04
7.0795E+01 0.65 5.9256E-04
7.9433E+01 0.65 4.1308E-04
8.9125E+01 0.65 2.8902E-04
1.0000E+02 0.65 2.0112E-04
1.1220E+02 0.65 1.4017E-04
1.2589E+02 0.65 9.7732E-05
1.4125E+02 0.65 6.8174E-05
1.5849E+02 0.65 4.7422E-05
1.7783E+02 0.65 3.2705E-05
1.9953E+02 0.65 2.2681E-05
2.2387E+02 0.65 1.5803E-05
2.5119E+02 0.65 1.0942E-05
2.8184E+02 0.65 7.5401E-06
3.1623E+02 0.65 5.2434E-06
3.5481E+02 0.65 3.6187E-06
3.9811E+02 0.65 2.5050E-06
4.4668E+02 0.65 1.7311E-06
5.0119E+02 0.65 1.1919E-06
5.6234E+02 0.65 8.1820E-07
6.3096E+02 0.65 5.5900E-07
7.0795E+02 0.65 3.8330E-07
7.9433E+02 0.65 2.6068E-07
8.9125E+02 0.65 1.7824E-07
1.0000E+03 0.65 1.2255E-07
1.1220E+03 0.65 8.2936E-08
1.2589E+03 0.65 5.5733E-08
1.4125E+03 0.65 3.7569E-08
1.5849E+03 0.65 2.5825E-08
1.7783E+03 0.65 1.7527E-08
1.9953E+03 0.65 1.1622E-08
2.2387E+03 0.65 7.7330E-09
2.5119E+03 0.65 5.2217E-09
2.8184E+03 0.65 3.4569E-09
3.1623E+03 0.65 2.3759E-09
3.5481E+03 0.65 1.5548E-09
3.9811E+03 0.65 1.0238E-09
4.4668E+03 0.65 6.8267E-10
5.0119E+03 0.65 4.4701E-10
5.6234E+03 0.65 2.9701E-10
6.3096E+03 0.65 1.9740E-10
7.0795E+03 0.65 1.2990E-10
7.9433E+03 0.65 8.3772E-11
8.9125E+03 0.65 5.5188E-11
1.0000E+04 0.65 3.6149E-11
1.0000E-01 0.55 4.9133E+03
1.1220E-01 0.55 4.3695E+03
1.2589E-01 0.55 3.8919E+03
1.4125E-01 0.55 3.4630E+03
1.5849E-01 0.55 3.0473E+03
1.7783E-01 0.55 2.6545E+03
1.9953E-01 0.55 2.2870E+03
2.2387E-01 0.55 1.9475E+03
2.5119E-01 0.55 1.6541E+03
2.8184E-01 0.55 1.4022E+03
3.1623E-01 0.55 1.1666E+03
3.5481E-01 0.55 9.6945E+02
3.9811E-01 0.55 8.0749E+02
4.4668E-01 0.55 6.5964E+02
5.0119E-01 0.55 5.3400E+02
5.6234E-01 0.55 4.3058E+02
6.3096E-01 0.55 3.4500E+02
7.0795E-01 0.55 2.7223E+02
7.9433E-01 0.55 2.1412E+02
8.9125E-01 0.55 1.6783E+02
1.0000E+00 0.55 1.2906E+02
1.1220E+00 0.55 9.9357E+01
1.2589E+00 0.55 7.6204E+01
1.4125E+00 0.55 5.8172E+01
1.5849E+00 0.55 4.3689E+01
1.7783E+00 0.55 3.2547E+01
1.9953E+00 0.55 2.4175E+01
2.2387E+00 0.55 1.7961E+01
2.5119E+00 0.55 1.3199E+01
2.8184E+00 0.55 9.5160E+00
3.1623E+00 0.55 6.8382E+00
3.5481E+00 0.55 4.9458E+00
3.9811E+00 0.55 3.5510E+00
4.4668E+00 0.55 2.5571E+00
5.0119E+00 0.55 1.8295E+00
5.6234E+00 0.55 1.2967E+00
6.3096E+00 0.55 9.2598E-01
7.0795E+00 0.55 6.6074E-01
7.9433E+00 0.55 4.6474E-01
8.9125E+00 0.55 3.2869E-01
1.0000E+01 0.55 2.3521E-01
1.1220E+01 0.55 1.6687E-01
1.2589E+01 0.55 1.1798E-01
1.4125E+01 0.55 8.3984E-02
1.5849E+01 0.55 5.9719E-02
1.7783E+01 0.55 4.1820E-02
1.9953E+01 0.55 2.9453E-02
2.2387E+01 0.55 2.0565E-02
2.5119E+01 0.55 1.4707E-02
2.8184E+01 0.55 1.0384E-02
3.1623E+01 0.55 7.3853E-03
3.5481E+01 0.55 5.2123E-03
3.9811E+01 0.55 3.6746E-03
4.4668E+01 0.55 2.6002E-03
5.0119E+01 0.55 1.8240E-03
5.6234E+01 0.55 1.2791E-03
6.3096E+01 0.55 9.0081E-04
7.0795E+01 0.55 6.2978E-04
7.9433E+01 0.55 4.4087E-04
8.9125E+01 0.55 3.0867E-04
1.0000E+02 0.55 2.1706E-04
1.1220E+02 0.55 1.5116E-04
1.2589E+02 0.55 1.0531E-04
1.4125E+02 0.55 7.3472E-05
1.5849E+02 0.55 5.1360E-05
1.7783E+02 0.55 3.5604E-05
1.9953E+02 0.55 2.4472E-05
2.2387E+02 0.55 1.7055E-05
2.5119E+02 0.55 1.1860E-05
2.8184E+02 0.55 8.1810E-06
3.1623E+02 0.55 5.7193E-06
3.5481E+02 0.55 3.9379E-06
3.9811E+02 0.55 2.7122E-06
4.4668E+02 0.55 1.8678E-06
5.0119E+02 0.55 1.2997E-06
5.6234E+02 0.55 8.9857E-07
6.3096E+02 0.55 6.1486E-07
7.0795E+02 0.55 4.1950E-07
7.9433E+02 0.55 2.8779E-07
8.9125E+02 0.55 1.9727E-07
1.0000E+03 0.55 1.3562E-07
1.1220E+03 0.55 9.2171E-08
1.2589E+03 0.55 6.2900E-08
1.4125E+03 0.55 4.2569E-08
1.5849E+03 0.55 2.8698E-08
1.7783E+03 0.55 1.9313E-08
1.9953E+03 0.55 1.3005E-08
2.2387E+03 0.55 8.8064E-09
2.5119E+03 0.55 5.9405E-09
2.8184E+03 0.55 3.9939E-09
3.1623E+03 0.55 2.6737E-09
3.5481E+03 0.55 1.7467E-09
3.9811E+03 0.55 1.1611E-09
4.4668E+03 0.55 7.6236E-10
5.0119E+03 0.55 5.0795E-10
5.6234E+03 0.55 3.3482E-10
6.3096E+03 0.55 2.2739E-10
7.0795E+03 0.55 1.5061E-10
7.9433E+03 0.55 9.7497E-11
8.9125E+03 0.55 6.3659E-11
1.0000E+04 0.55 4.2639E-11
1.0000E-01 0.45 5.2417E+03
1.1220E-01 0.45 4.6523E+03
1.2589E-01 0.45 4.1045E+03
1.4125E-01 0.45 3.6427E+03
1.5849E-01 0.45 3.2001E+03
1.7783E-01 0.45 2.7688E+03
1.9953E-01 0.45 2.3782E+03
2.2387E-01 0.45 2.0218E+03
2.5119E-01 0.45 1.7059E+03
2.8184E-01 0.45 1.4346E+03
3.1623E-01 0.45 1.1984E+03
3.5481E-01 0.45 9.9247E+02
3.9811E-01 0.45 8.2049E+02
4.4668E-01 0.45 6.6981E+02
5.0119E-01 0.45 5.4048E+02
5.6234E-01 0.45 4.3585E+02
6.3096E-01 0.45 3.4906E+02
7.0795E-01 0.45 2.7800E+02
7.9433E-01 0.45 2.1888E+02
8.9125E-01 0.45 1.7019E+02
1.0000E+00 0.45 1.3249E+02
1.1220E+00 0.45 1.0259E+02
1.2589E+00 0.45 7.9104E+01
1.4125E+00 0.45 6.0287E+01
1.5849E+00 0.45 4.5533E+01
1.7783E+00 0.45 3.4014E+01
1.9953E+00 0.45 2.5119E+01
2.2387E+00 0.45 1.8439E+01
2.5119E+00 0.45 1.3675E+01
2.8184E+00 0.45 1.0082E+01
3.1623E+00 0.45 7.3197E+00
3.5481E+00 0.45 5.2780E+00
3.9811E+00 0.45 3.8006E+00
4.4668E+00 0.45 2.7221E+00
5.0119E+00 0.45 1.9590E+00
5.6234E+00 0.45 1.3974E+00
6.3096E+00 0.45 9.8806E-01
7.0795E+00 0.45 7.0107E-01
7.9433E+00 0.45 4.9741E-01
8.9125E+00 0.45 3.5370E-01
1.0000E+01 0.45 2.5218E-01
1.1220E+01 0.45 1.8021E-01
1.2589E+01 0.45 1.2718E-01
1.4125E+01 0.45 8.9774E-02
1.5849E+01 0.45 6.3127E-02
1.7783E+01 0.45 4.4423E-02
1.9953E+01 0.45 3.1480E-02
2.2387E+01 0.45 2.2164E-02
2.5119E+01 0.45 1.5971E-02
2.8184E+01 0.45 1.1275E-02
3.1623E+01 0.45 7.9590E-03
3.5481E+01 0.45 5.6307E-03
3.9811E+01 0.45 3.9823E-03
4.4668E+01 0.45 2.8143E-03
5.0119E+01 0.45 1.9808E-03
5.6234E+01 0.45 1.3885E-03
6.3096E+01 0.45 9.7772E-04
7.0795E+01 0.45 6.8871E-04
7.9433E+01 0.45 4.8343E-04
8.9125E+01 0.45 3.3772E-04
1.0000E+02 0.45 2.3641E-04
1.1220E+02 0.45 1.6472E-04
1.2589E+02 0.45 1.1474E-04
1.4125E+02 0.45 8.0060E-05
1.5849E+02 0.45 5.5869E-05
1.7783E+02 0.45 3.9118E-05
1.9953E+02 0.45 2.7065E-05
2.2387E+02 0.45 1.8833E-05
2.5119E+02 0.45 1.3114E-05
2.8184E+02 0.45 9.0477E-06
3.1623E+02 0.45 6.3083E-06
3.5481E+02 0.45 4.3445E-06
3.9811E+02 0.45 3.0019E-06
4.4668E+02 0.45 2.0883E-06
5.0119E+02 0.45 1.4459E-06
5.6234E+02 0.45 9.9271E-07
6.3096E+02 0.45 6.8760E-07
7.0795E+02 0.45 4.7380E-07
7.9433E+02 0.45 3.2317E-07
8.9125E+02 0.45 2.2248E-07
1.0000E+03 0.45 1.5244E-07
1.1220E+03 0.45 1.0328E-07
1.2589E+03 0.45 7.0823E-08
1.4125E+03 0.45 4.8031E-08
1.5849E+03 0.45 3.2565E-08
1.7783E+03 0.45 2.2117E-08
1.9953E+03 0.45 1.5128E-08
2.2387E+03 0.45 1.0121E-08
2.5119E+03 0.45 6.8544E-09
2.8184E+03 0.45 4.5891E-09
3.1623E+03 0.45 3.1586E-09
3.5481E+03 0.45 2.0553E-09
3.9811E+03 0.45 1.3485E-09
4.4668E+03 0.45 9.0293E-10
5.0119E+03 0.45 6.0735E-10
5.6234E+03 0.45 4.0014E-10
6.3096E+03 0.45 2.6283E-10
7.0795E+03 0.45 1.7477E-10
7.9433E+03 0.45 1.1454E-10
8.9125E+03 0.45 7.5172E-11
1.0000E+04 0.45 5.0465E-11
1.0000E-01 0.35 5.9289E+03
1.1220E-01 0.35 5.2047E+03
1.2589E-01 0.35 4.5538E+03
1.4125E-01 0.35 3.9593E+03
1.5849E-01 0.35 3.4236E+03
1.7783E-01 0.35 2.9522E+03
1.9953E-01 0.35 2.5071E+03
2.2387E-01 0.35 2.1110E+03
2.5119E-01 0.35 1.7760E+03
2.8184E-01 0.35 1.4884E+03
3.1623E-01 0.35 1.2372E+03
3.5481E-01 0.35 1.0189E+03
3.9811E-01 0.35 8.3458E+02
4.4668E-01 0.35 6.7738E+02
5.0119E-01 0.35 5.4864E+02
5.6234E-01 0.35 4.4404E+02
6.3096E-01 0.35 3.5297E+02
7.0795E-01 0.35 2.8117E+02
7.9433E-01 0.35 2.2497E+02
8.9125E-01 0.35 1.7618E+02
1.0000E+00 0.35 1.3697E+02
1.1220E+00 0.35 1.0572E+02
1.2589E+00 0.35 8.2022E+01
1.4125E+00 0.35 6.2899E+01
1.5849E+00 0.35 4.7230E+01
1.7783E+00 0.35 3.5461E+01
1.9953E+00 0.35 2.6683E+01
2.2387E+00 0.35 1.9974E+01
2.5119E+00 0.35 1.4557E+01
2.8184E+00 0.35 1.0722E+01
3.1623E+00 0.35 7.8563E+00
3.5481E+00 0.35 5.7033E+00
3.9811E+00 0.35 4.0937E+00
4.4668E+00 0.35 2.9634E+00
5.0119E+00 0.35 2.1269E+00
5.6234E+00 0.35 1.5126E+00
6.3096E+00 0.35 1.0908E+00
7.0795E+00 0.35 7.7491E-01
7.9433E+00 0.35 5.4521E-01
8.9125E+00 0.35 3.9082E-01
1.0000E+01 0.35 2.7596E-01
1.1220E+01 0.35 1.9621E-01
1.2589E+01 0.35 1.3818E-01
1.4125E+01 0.35 9.6998E-02
1.5849E+01 0.35 6.8735E-02
1.7783E+01 0.35 4.9205E-02
1.9953E+01 0.35 3.5186E-02
2.2387E+01 0.35 2.4678E-02
2.5119E+01 0.35 1.7053E-02
2.8184E+01 0.35 1.2140E-02
3.1623E+01 0.35 8.7285E-03
3.5481E+01 0.35 6.1597E-03
3.9811E+01 0.35 4.3613E-03
4.4668E+01 0.35 3.0860E-03
5.0119E+01 0.35 2.1812E-03
5.6234E+01 0.35 1.5421E-03
6.3096E+01 0.35 1.0890E-03
7.0795E+01 0.35 7.6222E-04
7.9433E+01 0.35 5.3536E-04
8.9125E+01 0.35 3.7565E-04
1.0000E+02 0.35 2.6251E-04
1.1220E+02 0.35 1.8404E-04
1.2589E+02 0.35 1.2900E-04
1.4125E+02 0.35 8.9931E-05
1.5849E+02 0.35 6.3032E-05
1.7783E+02 0.35 4.3931E-05
1.9953E+02 0.35 3.0420E-05
2.2387E+02 0.35 2.1271E-05
2.5119E+02 0.35 1.4813E-05
2.8184E+02 0.35 1.0361E-05
3.1623E+02 0.35 7.1151E-06
3.5481E+02 0.35 4.9268E-06
3.9811E+02 0.35 3.4028E-06
4.4668E+02 0.35 2.3572E-06
5.0119E+02 0.35 1.6274E-06
5.6234E+02 0.35 1.1303E-06
6.3096E+02 0.35 7.8261E-07
7.0795E+02 0.35 5.3940E-07
7.9433E+02 0.35 3.7095E-07
8.9125E+02 0.35 2.5440E-07
1.0000E+03 0.35 1.7543E-07
1.1220E+03 0.35 1.1996E-07
1.2589E+03 0.35 8.2243E-08
1.4125E+03 0.35 5.6322E-08
1.5849E+03 0.35 3.8361E-08
1.7783E+03 0.35 2.5623E-08
1.9953E+03 0.35 1.7567E-08
2.2387E+03 0.35 1.1920E-08
2.5119E+03 0.35 8.0909E-09
2.8184E+03 0.35 5.4942E-09
3.1623E+03 0.35 3.7759E-09
3.5481E+03 0.35 2.4843E-09
3.9811E+03 0.35 1.6615E-09
4.4668E+03 0.35 1.0983E-09
5.0119E+03 0.35 7.2891E-10
5.6234E+03 0.35 4.9114E-10
6.3096E+03 0.35 3.2796E-10
7.0795E+03 0.35 2.1624E-10
7.9433E+03 0.35 1.4161E-10
8.9125E+03 0.35 9.3972E-11
1.0000E+04 0.35 6.3050E-11
1.0000E-01 0.25 7.0049E+03
1.1220E-01 0.25 6.0975E+03
1.2589E-01 0.25 5.2772E+03
1.4125E-01 0.25 4.5738E+03
1.5849E-01 0.25 3.9289E+03
1.7783E-01 0.25 3.3403E+03
1.9953E-01 0.25 2.8009E+03
2.2387E-01 0.25 2.3426E+03
2.5119E-01 0.25 1.9363E+03
2.8184E-01 0.25 1.5822E+03
3.1623E-01 0.25 1.3095E+03
3.5481E-01 0.25 1.0871E+03
3.9811E-01 0.25 8.7662E+02
4.4668E-01 0.25 7.0367E+02
5.0119E-01 0.25 5.7425E+02
5.6234E-01 0.25 4.6032E+02
6.3096E-01 0.25 3.6928E+02
7.0795E-01 0.25 2.9073E+02
7.9433E-01 0.25 2.2788E+02
8.9125E-01 0.25 1.7899E+02
1.0000E+00 0.25 1.4171E+02
1.1220E+00 0.25 1.0969E+02
1.2589E+00 0.25 8.4866E+01
1.4125E+00 0.25 6.5073E+01
1.5849E+00 0.25 4.9507E+01
1.7783E+00 0.25 3.7796E+01
1.9953E+00 0.25 2.8086E+01
2.2387E+00 0.25 2.0904E+01
2.5119E+00 0.25 1.5653E+01
2.8184E+00 0.25 1.1412E+01
3.1623E+00 0.25 8.4553E+00
3.5481E+00 0.25 6.1986E+00
3.9811E+00 0.25 4.4408E+00
4.4668E+00 0.25 3.2136E+00
5.0119E+00 0.25 2.3440E+00
5.6234E+00 0.25 1.6667E+00
6.3096E+00 0.25 1.1967E+00
7.0795E+00 0.25 8.6173E-01
7.9433E+00 0.25 6.2024E-01
8.9125E+00 0.25 4.3844E-01
1.0000E+01 0.25 3.0766E-01
1.1220E+01 0.25 2.1972E-01
1.2589E+01 0.25 1.5512E-01
1.4125E+01 0.25 1.0937E-01
1.5849E+01 0.25 7.7566E-02
1.7783E+01 0.25 5.4413E-02
1.9953E+01 0.25 3.9020E-02
2.2387E+01 0.25 2.7635E-02
2.5119E+01 0.25 1.9231E-02
2.8184E+01 0.25 1.3721E-02
3.1623E+01 0.25 9.8249E-03
3.5481E+01 0.25 6.9453E-03
3.9811E+01 0.25 4.9079E-03
4.4668E+01 0.25 3.4736E-03
5.0119E+01 0.25 2.4511E-03
5.6234E+01 0.25 1.7245E-03
6.3096E+01 0.25 1.2134E-03
7.0795E+01 0.25 8.5714E-04
7.9433E+01 0.25 6.0821E-04
8.9125E+01 0.25 4.2728E-04
1.0000E+02 0.25 3.0095E-04
1.1220E+02 0.25 2.1071E-04
1.2589E+02 0.25 1.4768E-04
1.4125E+02 0.25 1.0359E-04
1.5849E+02 0.25 7.2337E-05
1.7783E+02 0.25 5.0535E-05
1.9953E+02 0.25 3.5326E-05
2.2387E+02 0.25 2.4540E-05
2.5119E+02 0.25 1.7015E-05
2.8184E+02 0.25 1.1921E-05
3.1623E+02 0.25 8.2859E-06
3.5481E+02 0.25 5.7533E-06
3.9811E+02 0.25 3.9914E-06
4.4668E+02 0.25 2.7667E-06
5.0119E+02 0.25 1.9254E-06
5.6234E+02 0.25 1.3320E-06
6.3096E+02 0.25 9.2085E-07
7.0795E+02 0.25 6.3485E-07
7.9433E+02 0.25 4.3530E-07
8.9125E+02 0.25 2.9927E-07
1.0000E+03 0.25 2.0893E-07
1.1220E+03 0.25 1.4303E-07
1.2589E+03 0.25 9.8023E-08
1.4125E+03 0.25 6.7459E-08
1.5849E+03 0.25 4.6244E-08
1.7783E+03 0.25 3.1712E-08
1.9953E+03 0.25 2.1518E-08
2.2387E+03 0.25 1.4598E-08
2.5119E+03 0.25 9.9833E-09
2.8184E+03 0.25 6.8471E-09
3.1623E+03 0.25 4.6446E-09
3.5481E+03 0.25 3.0793E-09
3.9811E+03 0.25 2.0772E-09
4.4668E+03 0.25 1.3865E-09
5.0119E+03 0.25 9.3086E-10
5.6234E+03 0.25 6.2475E-10
6.3096E+03 0.25 4.1628E-10
7.0795E+03 0.25 2.7937E-10
7.9433E+03 0.25 1.8570E-10
8.9125E+03 0.25 1.2207E-10
1.0000E+04 0.25 7.9813E-11
1.0000E-01 0.15 9.4133E+03
1.1220E-01 0.15 8.0938E+03
1.2589E-01 0.15 6.9647E+03
1.4125E-01 0.15 5.8964E+03
1.5849E-01 0.15 4.9289E+03
1.7783E-01 0.15 4.0888E+03
1.9953E-01 0.15 3.4208E+03
2.2387E-01 0.15 2.8158E+03
2.5119E-01 0.15 2.2879E+03
2.8184E-01 0.15 1.8527E+03
3.1623E-01 0.15 1.4849E+03
3.5481E-01 0.15 1.1941E+03
3.9811E-01 0.15 9.6767E+02
4.4668E-01 0.15 7.7727E+02
5.0119E-01 0.15 6.2136E+02
5.6234E-01 0.15 4.9396E+02
6.3096E-01 0.15 3.8666E+02
7.0795E-01 0.15 3.0541E+02
7.9433E-01 0.15 2.4136E+02
8.9125E-01 0.15 1.9034E+02
1.0000E+00 0.15 1.4616E+02
1.1220E+00 0.15 1.1205E+02
1.2589E+00 0.15 8.6070E+01
1.4125E+00 0.15 6.7267E+01
1.5849E+00 0.15 5.1580E+01
1.7783E+00 0.15 3.8727E+01
1.9953E+00 0.15 2.9305E+01
2.2387E+00 0.15 2.1791E+01
2.5119E+00 0.15 1.6072E+01
2.8184E+00 0.15 1.2015E+01
3.1623E+00 0.15 9.0024E+00
3.5481E+00 0.15 6.6118E+00
3.9811E+00 0.15 4.8731E+00
4.4668E+00 0.15 3.5703E+00
5.0119E+00 0.15 2.5764E+00
5.6234E+00 0.15 1.8575E+00
6.3096E+00 0.15 1.3425E+00
7.0795E+00 0.15 9.5468E-01
7.9433E+00 0.15 6.8262E-01
8.9125E+00 0.15 4.9710E-01
1.0000E+01 0.15 3.4997E-01
1.1220E+01 0.15 2.5119E-01
1.2589E+01 0.15 1.8105E-01
1.4125E+01 0.15 1.2730E-01
1.5849E+01 0.15 8.8905E-02
1.7783E+01 0.15 6.3469E-02
1.9953E+01 0.15 4.4722E-02
2.2387E+01 0.15 3.2509E-02
2.5119E+01 0.15 2.3185E-02
2.8184E+01 0.15 1.6357E-02
3.1623E+01 0.15 1.1545E-02
3.5481E+01 0.15 8.1780E-03
3.9811E+01 0.15 5.7877E-03
4.4668E+01 0.15 4.0862E-03
5.0119E+01 0.15 2.8916E-03
5.6234E+01 0.15 2.0459E-03
6.3096E+01 0.15 1.4384E-03
7.0795E+01 0.15 1.0192E-03
7.9433E+01 0.15 7.1911E-04
8.9125E+01 0.15 5.0317E-04
1.0000E+02 0.15 3.5827E-04
1.1220E+02 0.15 2.5176E-04
1.2589E+02 0.15 1.7709E-04
1.4125E+02 0.15 1.2415E-04
1.5849E+02 0.15 8.7049E-05
1.7783E+02 0.15 6.0813E-05
1.9953E+02 0.15 4.2544E-05
2.2387E+02 0.15 2.9779E-05
2.5119E+02 0.15 2.0932E-05
2.8184E+02 0.15 1.4538E-05
3.1623E+02 0.15 1.0040E-05
3.5481E+02 0.15 7.0093E-06
3.9811E+02 0.15 4.8746E-06
4.4668E+02 0.15 3.3775E-06
5.0119E+02 0.15 2.3534E-06
5.6234E+02 0.15 1.6397E-06
6.3096E+02 0.15 1.1334E-06
7.0795E+02 0.15 7.8448E-07
7.9433E+02 0.15 5.4293E-07
8.9125E+02 0.15 3.7358E-07
1.0000E+03 0.15 2.5799E-07
1.1220E+03 0.15 1.7709E-07
1.2589E+03 0.15 1.2245E-07
1.4125E+03 0.15 8.4138E-08
1.5849E+03 0.15 5.7728E-08
1.7783E+03 0.15 3.9691E-08
1.9953E+03 0.15 2.7143E-08
2.2387E+03 0.15 1.8723E-08
2.5119E+03 0.15 1.2913E-08
2.8184E+03 0.15 8.7754E-09
3.1623E+03 0.15 6.0052E-09
3.5481E+03 0.15 4.0439E-09
3.9811E+03 0.15 2.7361E-09
4.4668E+03 0.15 1.8427E-09
5.0119E+03 0.15 1.2365E-09
5.6234E+03 0.15 8.3149E-10
6.3096E+03 0.15 5.6520E-10
7.0795E+03 0.15 3.7842E-10
7.9433E+03 0.15 2.5389E-10
8.9125E+03 0.15 1.6953E-10
1.0000E+04 0.15 1.1247E-10
1.0000E-01 0.05 1.4251E+04
1.1220E-01 0.05 1.2019E+04
1.2589E-01 0.05 1.0240E+04
1.4125E-01 0.05 8.4426E+03
1.5849E-01 0.05 6.8486E+03
1.7783E-01 0.05 5.6084E+03
1.9953E-01 0.05 4.5831E+03
2.2387E-01 0.05 3.7437E+03
2.5119E-01 0.05 2.9759E+03
2.8184E-01 0.05 2.3125E+03
3.1623E-01 0.05 1.8338E+03
3.5481E-01 0.05 1.4645E+03
3.9811E-01 0.05 1.1467E+03
4.4668E-01 0.05 8.9258E+02
5.0119E-01 0.05 6.9642E+02
5.6234E-01 0.05 5.4954E+02
6.3096E-01 0.05 4.2804E+02
7.0795E-01 0.05 3.2621E+02
7.9433E-01 0.05 2.5837E+02
8.9125E-01 0.05 2.0456E+02
1.0000E+00 0.05 1.5292E+02
1.1220E+00 0.05 1.1767E+02
1.2589E+00 0.05 9.0454E+01
1.4125E+00 0.05 6.9631E+01
1.5849E+00 0.05 5.2579E+01
1.7783E+00 0.05 4.0052E+01
1.9953E+00 0.05 3.0485E+01
2.2387E+00 0.05 2.3012E+01
2.5119E+00 0.05 1.7902E+01
2.8184E+00 0.05 1.3206E+01
3.1623E+00 0.05 9.4170E+00
3.5481E+00 0.05 6.9467E+00
3.9811E+00 0.05 5.0492E+00
4.4668E+00 0.05 3.6791E+00
5.0119E+00 0.05 2.7752E+00
5.6234E+00 0.05 2.0966E+00
6.3096E+00 0.05 1.4874E+00
7.0795E+00 0.05 1.0726E+00
7.9433E+00 0.05 7.9853E-01
8.9125E+00 0.05 5.9120E-01
1.0000E+01 0.05 4.0451E-01
1.1220E+01 0.05 2.9088E-01
1.2589E+01 0.05 2.0611E-01
1.4125E+01 0.05 1.4611E-01
1.5849E+01 0.05 1.0447E-01
1.7783E+01 0.05 7.6310E-02
1.9953E+01 0.05 5.5770E-02
2.2387E+01 0.05 3.9120E-02
2.5119E+01 0.05 2.8544E-02
2.8184E+01 0.05 1.9603E-02
3.1623E+01 0.05 1.4126E-02
3.5481E+01 0.05 1.0022E-02
3.9811E+01 0.05 7.0999E-03
4.4668E+01 0.05 5.0542E-03
5.0119E+01 0.05 3.5906E-03
5.6234E+01 0.05 2.5496E-03
6.3096E+01 0.05 1.7903E-03
7.0795E+01 0.05 1.2595E-03
7.9433E+01 0.05 8.9336E-04
8.9125E+01 0.05 6.2878E-04
1.0000E+02 0.05 4.4596E-04
1.1220E+02 0.05 3.1426E-04
1.2589E+02 0.05 2.2123E-04
1.4125E+02 0.05 1.5553E-04
1.5849E+02 0.05 1.0900E-04
1.7783E+02 0.05 7.6428E-05
1.9953E+02 0.05 5.3518E-05
2.2387E+02 0.05 3.7368E-05
2.5119E+02 0.05 2.6092E-05
2.8184E+02 0.05 1.8178E-05
3.1623E+02 0.05 1.2707E-05
3.5481E+02 0.05 8.8756E-06
3.9811E+02 0.05 6.1493E-06
4.4668E+02 0.05 4.2755E-06
5.0119E+02 0.05 2.9865E-06
5.6234E+02 0.05 2.0610E-06
6.3096E+02 0.05 1.4232E-06
7.0795E+02 0.05 9.8465E-07
7.9433E+02 0.05 6.8165E-07
8.9125E+02 0.05 4.7260E-07
1.0000E+03 0.05 3.2724E-07
1.1220E+03 0.05 2.2465E-07
1.2589E+03 0.05 1.5507E-07
1.4125E+03 0.05 1.0743E-07
1.5849E+03 0.05 7.4141E-08
1.7783E+03 0.05 5.1116E-08
1.9953E+03 0.05 3.5084E-08
2.2387E+03 0.05 2.4119E-08
2.5119E+03 0.05 1.6458E-08
2.8184E+03 0.05 1.1316E-08
3.1623E+03 0.05 7.7528E-09
3.5481E+03 0.05 5.2721E-09
3.9811E+03 0.05 3.5777E-09
4.4668E+03 0.05 2.4219E-09
5.0119E+03 0.05 1.6452E-09
5.6234E+03 0.05 1.1139E-09
6.3096E+03 0.05 7.5675E-10
7.0795E+03 0.05 5.1043E-10
7.9433E+03 0.05 3.4081E-10
8.9125E+03 0.05 2.2910E-10
1.0000E+04 0.05 1.5541E-10
1.0000E-01 -0.05 1.1601E+04
1.1220E-01 -0.05 9.7784E+03
1.2589E-01 -0.05 8.1118E+03
1.4125E-01 -0.05 6.6532E+03
1.5849E-01 -0.05 5.4614E+03
1.7783E-01 -0.05 4.5174E+03
1.9953E-01 -0.05 3.6721E+03
2.2387E-01 -0.05 2.9370E+03
2.5119E-01 -0.05 2.3466E+03
2.8184E-01 -0.05 1.8393E+03
3.1623E-01 -0.05 1.4374E+03
3.5481E-01 -0.05 1.1214E+03
3.9811E-01 -0.05 8.9409E+02
4.4668E-01 -0.05 7.3077E+02
5.0119E-01 -0.05 5.6360E+02
5.6234E-01 -0.05 4.2315E+02
6.3096E-01 -0.05 3.3113E+02
7.0795E-01 -0.05 2.5683E+02
7.9433E-01 -0.05 2.0538E+02
8.9125E-01 -0.05 1.6043E+02
1.0000E+00 -0.05 1.2524E+02
1.1220E+00 -0.05 9.6737E+01
1.2589E+00 -0.05 7.2923E+01
1.4125E+00 -0.05 5.7153E+01
1.5849E+00 -0.05 4.5187E+01
1.7783E+00 -0.05 3.4372E+01
1.9953E+00 -0.05 2.6507E+01
2.2387E+00 -0.05 2.0444E+01
2.5119E+00 -0.05 1.5606E+01
2.8184E+00 -0.05 1.1677E+01
3.1623E+00 -0.05 8.6248E+00
3.5481E+00 -0.05 6.5381E+00
3.9811E+00 -0.05 4.7936E+00
4.4668E+00 -0.05 3.4760E+00
5.0119E+00 -0.05 2.6654E+00
5.6234E+00 -0.05 1.9838E+00
6.3096E+00 -0.05 1.4228E+00
7.0795E+00 -0.05 1.0559E+00
7.9433E+00 -0.05 7.7575E-01
8.9125E+00 -0.05 5.6738E-01
1.0000E+01 -0.05 4.1098E-01
1.1220E+01 -0.05 2.9779E-01
1.2589E+01 -0.05 2.0667E-01
1.4125E+01 -0.05 1.4833E-01
1.5849E+01 -0.05 1.0549E-01
1.7783E+01 -0.05 7.6835E-02
1.9953E+01 -0.05 5.7021E-02
2.2387E+01 -0.05 3.9969E-02
2.5119E+01 -0.05 2.9132E-02
2.8184E+01 -0.05 2.1035E-02
3.1623E+01 -0.05 1.4164E-02
3.5481E+01 -0.05 1.0100E-02
3.9811E+01 -0.05 7.1795E-03
4.4668E+01 -0.05 5.0838E-03
5.0119E+01 -0.05 3.6081E-03
5.6234E+01 -0.05 2.5608E-03
6.3096E+01 -0.05 1.8151E-03
7.0795E+01 -0.05 1.2866E-03
7.9433E+01 -0.05 9.0731E-04
8.9125E+01 -0.05 6.3620E-04
1.0000E+02 -0.05 4.4864E-04
1.1220E+02 -0.05 3.1668E-04
1.2589E+02 -0.05 2.2287E-04
1.4125E+02 -0.05 1.5624E-04
1.5849E+02 -0.05 1.0946E-04
1.7783E+02 -0.05 7.6748E-05
1.9953E+02 -0.05 5.3507E-05
2.2387E+02 -0.05 3.7455E-05
2.5119E+02 -0.05 2.6283E-05
2.8184E+02 -0.05 1.8225E-05
3.1623E+02 -0.05 1.2842E-05
3.5481E+02 -0.05 8.9398E-06
3.9811E+02 -0.05 6.1993E-06
4.4668E+02 -0.05 4.2900E-06
5.0119E+02 -0.05 2.9686E-06
5.6234E+02 -0.05 2.0668E-06
6.3096E+02 -0.05 1.4337E-06
7.0795E+02 -0.05 9.9264E-07
7.9433E+02 -0.05 6.8785E-07
8.9125E+02 -0.05 4.7654E-07
1.0000E+03 -0.05 3.2806E-07
1.1220E+03 -0.05 2.2551E-07
1.2589E+03 -0.05 1.5581E-07
1.4125E+03 -0.05 1.0766E-07
1.5849E+03 -0.05 7.4368E-08
1.7783E+03 -0.05 5.1187E-08
1.9953E+03 -0.05 3.5286E-08
2.2387E+03 -0.05 2.4388E-08
2.5119E+03 -0.05 1.6670E-08
2.8184E+03 -0.05 1.1308E-08
3.1623E+03 -0.05 7.7394E-09
3.5481E+03 -0.05 5.2378E-09
3.9811E+03 -0.05 3.5800E-09
4.4668E+03 -0.05 2.4450E-09
5.0119E+03 -0.05 1.6684E-09
5.6234E+03 -0.05 1.1284E-09
6.3096E+03 -0.05 7.5172E-10
7.0795E+03 -0.05 5.0832E-10
7.9433E+03 -0.05 3.4743E-10
8.9125E+03 -0.05 2.3307E-10
1.0000E+04 -0.05 1.5499E-10
1.0000E-01 -0.15 5.8436E+03
1.1220E-01 -0.15 4.9230E+03
1.2589E-01 -0.15 4.1821E+03
1.4125E-01 -0.15 3.5329E+03
1.5849E-01 -0.15 2.9431E+03
1.7783E-01 -0.15 2.4164E+03
1.9953E-01 -0.15 1.9922E+03
2.2387E-01 -0.15 1.6319E+03
2.5119E-01 -0.15 1.3081E+03
2.8184E-01 -0.15 1.0493E+03
3.1623E-01 -0.15 8.5367E+02
3.5481E-01 -0.15 6.8071E+02
3.9811E-01 -0.15 5.4287E+02
4.4668E-01 -0.15 4.3995E+02
5.0119E-01 -0.15 3.4280E+02
5.6234E-01 -0.15 2.7078E+02
6.3096E-01 -0.15 2.2301E+02
7.0795E-01 -0.15 1.8010E+02
7.9433E-01 -0.15 1.4301E+02
8.9125E-01 -0.15 1.1321E+02
1.0000E+00 -0.15 9.0512E+01
1.1220E+00 -0.15 7.2922E+01
1.2589E+00 -0.15 5.7359E+01
1.4125E+00 -0.15 4.5074E+01
1.5849E+00 -0.15 3.5695E+01
1.7783E+00 -0.15 2.7931E+01
1.9953E+00 -0.15 2.2296E+01
2.2387E+00 -0.15 1.7292E+01
2.5119E+00 -0.15 1.3238E+01
2.8184E+00 -0.15 1.0406E+01
3.1623E+00 -0.15 7.6347E+00
3.5481E+00 -0.15 5.7641E+00
3.9811E+00 -0.15 4.3256E+00
4.4668E+00 -0.15 3.1697E+00
5.0119E+00 -0.15 2.3455E+00
5.6234E+00 -0.15 1.7470E+00
6.3096E+00 -0.15 1.2955E+00
7.0795E+00 -0.15 9.4639E-01
7.9433E+00 -0.15 6.7105E-01
8.9125E+00 -0.15 4.8324E-01
1.0000E+01 -0.15 3.5123E-01
1.1220E+01 -0.15 2.5012E-01
1.2589E+01 -0.15 1.7872E-01
1.4125E+01 -0.15 1.2913E-01
1.5849E+01 -0.15 9.1877E-02
1.7783E+01 -0.15 6.4355E-02
1.9953E+01 -0.15 4.5640E-02
2.2387E+01 -0.15 3.2196E-02
2.5119E+01 -0.15 2.2608E-02
2.8184E+01 -0.15 1.6110E-02
3.1623E+01 -0.15 1.1557E-02
3.5481E+01 -0.15 8.1920E-03
3.9811E+01 -0.15 5.8160E-03
4.4668E+01 -0.15 4.1191E-03
5.0119E+01 -0.15 2.9149E-03
5.6234E+01 -0.15 2.0551E-03
6.3096E+01 -0.15 1.4485E-03
7.0795E+01 -0.15 1.0229E-03
7.9433E+01 -0.15 7.2181E-04
8.9125E+01 -0.15 5.0803E-04
1.0000E+02 -0.15 3.5884E-04
1.1220E+02 -0.15 2.5188E-04
1.2589E+02 -0.15 1.7634E-04
1.4125E+02 -0.15 1.2371E-04
1.5849E+02 -0.15 8.6913E-05
1.7783E+02 -0.15 6.0802E-05
1.9953E+02 -0.15 4.2465E-05
2.2387E+02 -0.15 2.9703E-05
2.5119E+02 -0.15 2.0742E-05
2.8184E+02 -0.15 1.4458E-05
3.1623E+02 -0.15 1.0091E-05
3.5481E+02 -0.15 7.0434E-06
3.9811E+02 -0.15 4.8888E-06
4.4668E+02 -0.15 3.3926E-06
5.0119E+02 -0.15 2.3519E-06
5.6234E+02 -0.15 1.6409E-06
6.3096E+02 -0.15 1.1332E-06
7.0795E+02 -0.15 7.8288E-07
7.9433E+02 -0.15 5.4412E-07
8.9125E+02 -0.15 3.7344E-07
1.0000E+03 -0.15 2.5696E-07
1.1220E+03 -0.15 1.7814E-07
1.2589E+03 -0.15 1.2276E-07
1.4125E+03 -0.15 8.4005E-08
1.5849E+03 -0.15 5.7531E-08
1.7783E+03 -0.15 3.9566E-08
1.9953E+03 -0.15 2.7309E-08
2.2387E+03 -0.15 1.8653E-08
2.5119E+03 -0.15 1.2735E-08
2.8184E+03 -0.15 8.8115E-09
3.1623E+03 -0.15 5.9846E-09
3.5481E+03 -0.15 4.0186E-09
3.9811E+03 -0.15 2.7142E-09
4.4668E+03 -0.15 1.8352E-09
5.0119E+03 -0.15 1.2416E-09
5.6234E+03 -0.15 8.3737E-10
6.3096E+03 -0.15 5.6632E-10
7.0795E+03 -0.15 3.7922E-10
7.9433E+03 -0.15 2.5299E-10
8.9125E+03 -0.15 1.6850E-10
1.0000E+04 -0.15 1.1055E-10
1.0000E-01 -0.25 3.8351E+03
1.1220E-01 -0.25 3.2382E+03
1.2589E-01 -0.25 2.7978E+03
1.4125E-01 -0.25 2.4085E+03
1.5849E-01 -0.25 2.0366E+03
1.7783E-01 -0.25 1.7023E+03
1.9953E-01 -0.25 1.3930E+03
2.2387E-01 -0.25 1.1547E+03
2.5119E-01 -0.25 9.5327E+02
2.8184E-01 -0.25 7.7132E+02
3.1623E-01 -0.25 6.3283E+02
3.5481E-01 -0.25 5.2187E+02
3.9811E-01 -0.25 4.2206E+02
4.4668E-01 -0.25 3.4590E+02
5.0119E-01 -0.25 2.8444E+02
5.6234E-01 -0.25 2.3053E+02
6.3096E-01 -0.25 1.8831E+02
7.0795E-01 -0.25 1.5049E+02
7.9433E-01 -0.25 1.2230E+02
8.9125E-01 -0.25 9.9757E+01
1.0000E+00 -0.25 7.9719E+01
1.1220E+00 -0.25 6.3707E+01
1.2589E+00 -0.25 5.0824E+01
1.4125E+00 -0.25 4.0503E+01
1.5849E+00 -0.25 3.1625E+01
1.7783E+00 -0.25 2.4983E+01
1.9953E+00 -0.25 1.9837E+01
2.2387E+00 -0.25 1.5443E+01
2.5119E+00 -0.25 1.1786E+01
2.8184E+00 -0.25 8.9645E+00
3.1623E+00 -0.25 6.7698E+00
3.5481E+00 -0.25 5.1274E+00
3.9811E+00 -0.25 3.8630E+00
4.4668E+00 -0.25 2.8812E+00
5.0119E+00 -0.25 2.1428E+00
5.6234E+00 -0.25 1.5632E+00
6.3096E+00 -0.25 1.1302E+00
7.0795E+00 -0.25 8.0732E-01
7.9433E+00 -0.25 5.8237E-01
8.9125E+00 -0.25 4.2345E-01
1.0000E+01 -0.25 3.0602E-01
1.1220E+01 -0.25 2.1666E-01
1.2589E+01 -0.25 1.5523E-01
1.4125E+01 -0.25 1.1044E-01
1.5849E+01 -0.25 7.7313E-02
1.7783E+01 -0.25 5.4154E-02
1.9953E+01 -0.25 3.8559E-02
2.2387E+01 -0.25 2.7551E-02
2.5119E+01 -0.25 1.9564E-02
2.8184E+01 -0.25 1.3745E-02
3.1623E+01 -0.25 9.8554E-03
3.5481E+01 -0.25 6.9831E-03
3.9811E+01 -0.25 4.9272E-03
4.4668E+01 -0.25 3.4781E-03
5.0119E+01 -0.25 2.4593E-03
5.6234E+01 -0.25 1.7366E-03
6.3096E+01 -0.25 1.2263E-03
7.0795E+01 -0.25 8.6213E-04
7.9433E+01 -0.25 6.0444E-04
8.9125E+01 -0.25 4.2311E-04
1.0000E+02 -0.25 2.9857E-04
1.1220E+02 -0.25 2.1062E-04
1.2589E+02 -0.25 1.4819E-04
1.4125E+02 -0.25 1.0335E-04
1.5849E+02 -0.25 7.2140E-05
1.7783E+02 -0.25 5.0393E-05
1.9953E+02 -0.25 3.5098E-05
2.2387E+02 -0.25 2.4425E-05
2.5119E+02 -0.25 1.6965E-05
2.8184E+02 -0.25 1.1883E-05
3.1623E+02 -0.25 8.2610E-06
3.5481E+02 -0.25 5.7221E-06
3.9811E+02 -0.25 3.9740E-06
4.4668E+02 -0.25 2.7607E-06
5.0119E+02 -0.25 1.9176E-06
5.6234E+02 -0.25 1.3191E-06
6.3096E+02 -0.25 9.0806E-07
7.0795E+02 -0.25 6.2756E-07
7.9433E+02 -0.25 4.3588E-07
8.9125E+02 -0.25 3.0015E-07
1.0000E+03 -0.25 2.0726E-07
1.1220E+03 -0.25 1.4233E-07
1.2589E+03 -0.25 9.7644E-08
1.4125E+03 -0.25 6.6704E-08
1.5849E+03 -0.25 4.5571E-08
1.7783E+03 -0.25 3.0983E-08
1.9953E+03 -0.25 2.1183E-08
2.2387E+03 -0.25 1.4535E-08
2.5119E+03 -0.25 9.9026E-09
2.8184E+03 -0.25 6.7117E-09
3.1623E+03 -0.25 4.5755E-09
3.5481E+03 -0.25 3.0744E-09
3.9811E+03 -0.25 2.0836E-09
4.4668E+03 -0.25 1.3947E-09
5.0119E+03 -0.25 9.3517E-10
5.6234E+03 -0.25 6.2762E-10
6.3096E+03 -0.25 4.1448E-10
7.0795E+03 -0.25 2.7646E-10
7.9433E+03 -0.25 1.8283E-10
8.9125E+03 -0.25 1.2057E-10
1.0000E+04 -0.25 7.9714E-11
1.0000E-01 -0.35 3.2559E+03
1.1220E-01 -0.35 2.8028E+03
1.2589E-01 -0.35 2.4201E+03
1.4125E-01 -0.35 2.0884E+03
1.5849E-01 -0.35 1.7884E+03
1.7783E-01 -0.35 1.5137E+03
1.9953E-01 -0.35 1.2733E+03
2.2387E-01 -0.35 1.0676E+03
2.5119E-01 -0.35 8.8341E+02
2.8184E-01 -0.35 7.3155E+02
3.1623E-01 -0.35 6.1012E+02
3.5481E-01 -0.35 5.0789E+02
3.9811E-01 -0.35 4.1523E+02
4.4668E-01 -0.35 3.3291E+02
5.0119E-01 -0.35 2.7312E+02
5.6234E-01 -0.35 2.2652E+02
6.3096E-01 -0.35 1.8557E+02
7.0795E-01 -0.35 1.5258E+02
7.9433E-01 -0.35 1.2502E+02
8.9125E-01 -0.35 1.0113E+02
1.0000E+00 -0.35 8.0319E+01
1.1220E+00 -0.35 6.4337E+01
1.2589E+00 -0.35 5.0850E+01
1.4125E+00 -0.35 4.0133E+01
1.5849E+00 -0.35 3.1744E+01
1.7783E+00 -0.35 2.4938E+01
1.9953E+00 -0.35 1.9452E+01
2.2387E+00 -0.35 1.4924E+01
2.5119E+00 -0.35 1.1437E+01
2.8184E+00 -0.35 8.7051E+00
3.1623E+00 -0.35 6.4985E+00
3.5481E+00 -0.35 4.8787E+00
3.9811E+00 -0.35 3.6333E+00
4.4668E+00 -0.35 2.6642E+00
5.0119E+00 -0.35 1.9437E+00
5.6234E+00 -0.35 1.4293E+00
6.3096E+00 -0.35 1.0357E+00
7.0795E+00 -0.35 7.4797E-01
7.9433E+00 -0.35 5.3948E-01
8.9125E+00 -0.35 3.8770E-01
1.0000E+01 -0.35 2.7520E-01
1.1220E+01 -0.35 1.9379E-01
1.2589E+01 -0.35 1.3764E-01
1.4125E+01 -0.35 9.8011E-02
1.5849E+01 -0.35 6.8596E-02
1.7783E+01 -0.35 4.8260E-02
1.9953E+01 -0.35 3.4257E-02
2.2387E+01 -0.35 2.4587E-02
2.5119E+01 -0.35 1.7380E-02
2.8184E+01 -0.35 1.2276E-02
3.1623E+01 -0.35 8.6985E-03
3.5481E+01 -0.35 6.1607E-03
3.9811E+01 -0.35 4.3451E-03
4.4668E+01 -0.35 3.0551E-03
5.0119E+01 -0.35 2.1609E-03
5.6234E+01 -0.35 1.5235E-03
6.3096E+01 -0.35 1.0728E-03
7.0795E+01 -0.35 7.5351E-04
7.9433E+01 -0.35 5.2496E-04
8.9125E+01 -0.35 3.6895E-04
1.0000E+02 -0.35 2.6099E-04
1.1220E+02 -0.35 1.8267E-04
1.2589E+02 -0.35 1.2750E-04
1.4125E+02 -0.35 8.9227E-05
1.5849E+02 -0.35 6.2190E-05
1.7783E+02 -0.35 4.3319E-05
1.9953E+02 -0.35 3.0251E-05
2.2387E+02 -0.35 2.0946E-05
2.5119E+02 -0.35 1.4546E-05
2.8184E+02 -0.35 1.0159E-05
3.1623E+02 -0.35 7.0660E-06
3.5481E+02 -0.35 4.8975E-06
3.9811E+02 -0.35 3.3957E-06
4.4668E+02 -0.35 2.3288E-06
5.0119E+02 -0.35 1.6055E-06
5.6234E+02 -0.35 1.1208E-06
6.3096E+02 -0.35 7.7400E-07
7.0795E+02 -0.35 5.3132E-07
7.9433E+02 -0.35 3.6538E-07
8.9125E+02 -0.35 2.5050E-07
1.0000E+03 -0.35 1.7305E-07
1.1220E+03 -0.35 1.1845E-07
1.2589E+03 -0.35 8.0915E-08
1.4125E+03 -0.35 5.5116E-08
1.5849E+03 -0.35 3.7702E-08
1.7783E+03 -0.35 2.5476E-08
1.9953E+03 -0.35 1.7483E-08
2.2387E+03 -0.35 1.1933E-08
2.5119E+03 -0.35 8.0977E-09
2.8184E+03 -0.35 5.4764E-09
3.1623E+03 -0.35 3.7382E-09
3.5481E+03 -0.35 2.4373E-09
3.9811E+03 -0.35 1.6169E-09
4.4668E+03 -0.35 1.0830E-09
5.0119E+03 -0.35 7.2416E-10
5.6234E+03 -0.35 4.8831E-10
6.3096E+03 -0.35 3.2447E-10
7.0795E+03 -0.35 2.1265E-10
7.9433E+03 -0.35 1.4030E-10
8.9125E+03 -0.35 9.3578E-11
1.0000E+04 -0.35 6.1010E-11
1.0000E-01 -0.45 3.9385E+03
1.1220E-01 -0.45 3.4634E+03
1.2589E-01 -0.45 3.0213E+03
1.4125E-01 -0.45 2.6350E+03
1.5849E-01 -0.45 2.2799E+03
1.7783E-01 -0.45 1.9540E+03
1.9953E-01 -0.45 1.6609E+03
2.2387E-01 -0.45 1.4058E+03
2.5119E-01 -0.45 1.1936E+03
2.8184E-01 -0.45 9.8974E+02
3.1623E-01 -0.45 8.1912E+02
3.5481E-01 -0.45 6.8098E+02
3.9811E-01 -0.45 5.6355E+02
4.4668E-01 -0.45 4.6540E+02
5.0119E-01 -0.45 3.8047E+02
5.6234E-01 -0.45 3.0870E+02
6.3096E-01 -0.45 2.5226E+02
7.0795E-01 -0.45 2.0187E+02
7.9433E-01 -0.45 1.5989E+02
8.9125E-01 -0.45 1.2816E+02
1.0000E+00 -0.45 1.0126E+02
1.1220E+00 -0.45 7.9279E+01
1.2589E+00 -0.45 6.2133E+01
1.4125E+00 -0.45 4.8580E+01
1.5849E+00 -0.45 3.7353E+01
1.7783E+00 -0.45 2.8695E+01
1.9953E+00 -0.45 2.2051E+01
2.2387E+00 -0.45 1.6396E+01
2.5119E+00 -0.45 1.2105E+01
2.8184E+00 -0.45 8.9905E+00
3.1623E+00 -0.45 6.7449E+00
3.5481E+00 -0.45 4.9560E+00
3.9811E+00 -0.45 3.6038E+00
4.4668E+00 -0.45 2.6317E+00
5.0119E+00 -0.45 1.9067E+00
5.6234E+00 -0.45 1.3692E+00
6.3096E+00 -0.45 9.8901E-01
7.0795E+00 -0.45 7.1017E-01
7.9433E+00 -0.45 5.1258E-01
8.9125E+00 -0.45 3.6346E-01
1.0000E+01 -0.45 2.5214E-01
1.1220E+01 -0.45 1.7911E-01
1.2589E+01 -0.45 1.2589E-01
1.4125E+01 -0.45 9.0197E-02
1.5849E+01 -0.45 6.3570E-02
1.7783E+01 -0.45 4.4462E-02
1.9953E+01 -0.45 3.1582E-02
2.2387E+01 -0.45 2.2316E-02
2.5119E+01 -0.45 1.5967E-02
2.8184E+01 -0.45 1.1314E-02
3.1623E+01 -0.45 7.9430E-03
3.5481E+01 -0.45 5.6284E-03
3.9811E+01 -0.45 3.9824E-03
4.4668E+01 -0.45 2.8031E-03
5.0119E+01 -0.45 1.9757E-03
5.6234E+01 -0.45 1.3910E-03
6.3096E+01 -0.45 9.7985E-04
7.0795E+01 -0.45 6.8778E-04
7.9433E+01 -0.45 4.8269E-04
8.9125E+01 -0.45 3.4051E-04
1.0000E+02 -0.45 2.3570E-04
1.1220E+02 -0.45 1.6459E-04
1.2589E+02 -0.45 1.1492E-04
1.4125E+02 -0.45 8.0261E-05
1.5849E+02 -0.45 5.5835E-05
1.7783E+02 -0.45 3.8770E-05
1.9953E+02 -0.45 2.6921E-05
2.2387E+02 -0.45 1.8839E-05
2.5119E+02 -0.45 1.3081E-05
2.8184E+02 -0.45 9.0395E-06
3.1623E+02 -0.45 6.2589E-06
3.5481E+02 -0.45 4.3232E-06
3.9811E+02 -0.45 2.9831E-06
4.4668E+02 -0.45 2.0677E-06
5.0119E+02 -0.45 1.4374E-06
5.6234E+02 -0.45 9.8793E-07
6.3096E+02 -0.45 6.7714E-07
7.0795E+02 -0.45 4.6532E-07
7.9433E+02 -0.45 3.1936E-07
8.9125E+02 -0.45 2.2086E-07
1.0000E+03 -0.45 1.5131E-07
1.1220E+03 -0.45 1.0293E-07
1.2589E+03 -0.45 7.0506E-08
1.4125E+03 -0.45 4.7906E-08
1.5849E+03 -0.45 3.2237E-08
1.7783E+03 -0.45 2.2065E-08
1.9953E+03 -0.45 1.5057E-08
2.2387E+03 -0.45 1.0042E-08
2.5119E+03 -0.45 6.7153E-09
2.8184E+03 -0.45 4.4836E-09
3.1623E+03 -0.45 3.1050E-09
3.5481E+03 -0.45 2.0198E-09
3.9811E+03 -0.45 1.3500E-09
4.4668E+03 -0.45 8.9651E-10
5.0119E+03 -0.45 5.9976E-10
5.6234E+03 -0.45 3.9749E-10
6.3096E+03 -0.45 2.6256E-10
7.0795E+03 -0.45 1.7421E-10
7.9433E+03 -0.45 1.1420E-10
8.9125E+03 -0.45 7.4930E-11
1.0000E+04 -0.45 4.8861E-11
1.0000E-01 -0.55 7.3604E+03
1.1220E-01 -0.55 6.4947E+03
1.2589E-01 -0.55 5.7341E+03
1.4125E-01 -0.55 5.0251E+03
1.5849E-01 -0.55 4.3383E+03
1.7783E-01 -0.55 3.7215E+03
1.9953E-01 -0.55 3.1737E+03
2.2387E-01 -0.55 2.6695E+03
2.5119E-01 -0.55 2.2304E+03
2.8184E-01 -0.55 1.8483E+03
3.1623E-01 -0.55 1.5148E+03
3.5481E-01 -0.55 1.2319E+03
3.9811E-01 -0.55 9.9671E+02
4.4668E-01 -0.55 8.0306E+02
5.0119E-01 -0.55 6.4328E+02
5.6234E-01 -0.55 5.0868E+02
6.3096E-01 -0.55 3.9857E+02
7.0795E-01 -0.55 3.1234E+02
7.9433E-01 -0.55 2.4229E+02
8.9125E-01 -0.55 1.8597E+02
1.0000E+00 -0.55 1.4050E+02
1.1220E+00 -0.55 1.0698E+02
1.2589E+00 -0.55 8.1372E+01
1.4125E+00 -0.55 6.1300E+01
1.5849E+00 -0.55 4.5633E+01
1.7783E+00 -0.55 3.3916E+01
1.9953E+00 -0.55 2.5100E+01
2.2387E+00 -0.55 1.8337E+01
2.5119E+00 -0.55 1.3297E+01
2.8184E+00 -0.55 9.6540E+00
3.1623E+00 -0.55 6.9702E+00
3.5481E+00 -0.55 4.9855E+00
3.9811E+00 -0.55 3.5549E+00
4.4668E+00 -0.55 2.5292E+00
5.0119E+00 -0.55 1.8205E+00
5.6234E+00 -0.55 1.3171E+00
6.3096E+00 -0.55 9.3194E-01
7.0795E+00 -0.55 6.6275E-01
7.9433E+00 -0.55 4.7013E-01
8.9125E+00 -0.55 3.3404E-01
1.0000E+01 -0.55 2.3460E-01
1.1220E+01 -0.55 1.6687E-01
1.2589E+01 -0.55 1.1789E-01
1.4125E+01 -0.55 8.3161E-02
1.5849E+01 -0.55 5.9307E-02
1.7783E+01 -0.55 4.2370E-02
1.9953E+01 -0.55 2.9874E-02
2.2387E+01 -0.55 2.1010E-02
2.5119E+01 -0.55 1.5015E-02
2.8184E+01 -0.55 1.0594E-02
3.1623E+01 -0.55 7.4166E-03
3.5481E+01 -0.55 5.2287E-03
3.9811E+01 -0.55 3.6837E-03
4.4668E+01 -0.55 2.6035E-03
5.0119E+01 -0.55 1.8325E-03
5.6234E+01 -0.55 1.2890E-03
6.3096E+01 -0.55 9.0100E-04
7.0795E+01 -0.55 6.2968E-04
7.9433E+01 -0.55 4.4267E-04
8.9125E+01 -0.55 3.1237E-04
1.0000E+02 -0.55 2.1756E-04
1.1220E+02 -0.55 1.5149E-04
1.2589E+02 -0.55 1.0565E-04
1.4125E+02 -0.55 7.3566E-05
1.5849E+02 -0.55 5.1265E-05
1.7783E+02 -0.55 3.5621E-05
1.9953E+02 -0.55 2.4734E-05
2.2387E+02 -0.55 1.7122E-05
2.5119E+02 -0.55 1.1927E-05
2.8184E+02 -0.55 8.2613E-06
3.1623E+02 -0.55 5.7008E-06
3.5481E+02 -0.55 3.9454E-06
3.9811E+02 -0.55 2.7092E-06
4.4668E+02 -0.55 1.8833E-06
5.0119E+02 -0.55 1.3012E-06
5.6234E+02 -0.55 8.8760E-07
6.3096E+02 -0.55 6.1143E-07
7.0795E+02 -0.55 4.2326E-07
7.9433E+02 -0.55 2.8955E-07
8.9125E+02 -0.55 1.9566E-07
1.0000E+03 -0.55 1.3498E-07
1.1220E+03 -0.55 9.1426E-08
1.2589E+03 -0.55 6.2125E-08
1.4125E+03 -0.55 4.2168E-08
1.5849E+03 -0.55 2.8238E-08
1.7783E+03 -0.55 1.9023E-08
1.9953E+03 -0.55 1.2987E-08
2.2387E+03 -0.55 8.7468E-09
2.5119E+03 -0.55 5.8341E-09
2.8184E+03 -0.55 3.9302E-09
3.1623E+03 -0.55 2.7318E-09
3.5481E+03 -0.55 1.7569E-09
3.9811E+03 -0.55 1.1633E-09
4.4668E+03 -0.55 7.7098E-10
5.0119E+03 -0.55 5.1019E-10
5.6234E+03 -0.55 3.3752E-10
6.3096E+03 -0.55 2.2303E-10
7.0795E+03 -0.55 1.4837E-10
7.9433E+03 -0.55 9.9039E-11
8.9125E+03 -0.55 6.4908E-11
1.0000E+04 -0.55 4.2318E-11
1.0000E-01 -0.65 1.1800E+04
1.1220E-01 -0.65 1.0392E+04
1.2589E-01 -0.65 9.1245E+03
1.4125E-01 -0.65 7.9283E+03
1.5849E-01 -0.65 6.8146E+03
1.7783E-01 -0.65 5.8183E+03
1.9953E-01 -0.65 4.8896E+03
2.2387E-01 -0.65 4.0535E+03
2.5119E-01 -0.65 3.3358E+03
2.8184E-01 -0.65 2.7073E+03
3.1623E-01 -0.65 2.1787E+03
3.5481E-01 -0.65 1.7347E+03
3.9811E-01 -0.65 1.3605E+03
4.4668E-01 -0.65 1.0643E+03
5.0119E-01 -0.65 8.2606E+02
5.6234E-01 -0.65 6.3026E+02
6.3096E-01 -0.65 4.8113E+02
7.0795E-01 -0.65 3.6667E+02
7.9433E-01 -0.65 2.7513E+02
8.9125E-01 -0.65 2.0550E+02
1.0000E+00 -0.65 1.5381E+02
1.1220E+00 -0.65 1.1365E+02
1.2589E+00 -0.65 8.4132E+01
1.4125E+00 -0.65 6.2454E+01
1.5849E+00 -0.65 4.5589E+01
1.7783E+00 -0.65 3.3001E+01
1.9953E+00 -0.65 2.4259E+01
2.2387E+00 -0.65 1.7656E+01
2.5119E+00 -0.65 1.2639E+01
2.8184E+00 -0.65 9.0915E+00
3.1623E+00 -0.65 6.6029E+00
3.5481E+00 -0.65 4.7414E+00
3.9811E+00 -0.65 3.3815E+00
4.4668E+00 -0.65 2.4042E+00
5.0119E+00 -0.65 1.7172E+00
5.6234E+00 -0.65 1.2354E+00
6.3096E+00 -0.65 8.7493E-01
7.0795E+00 -0.65 6.2311E-01
7.9433E+00 -0.65 4.4788E-01
8.9125E+00 -0.65 3.1386E-01
1.0000E+01 -0.65 2.2093E-01
1.1220E+01 -0.65 1.5708E-01
1.2589E+01 -0.65 1.1089E-01
1.4125E+01 -0.65 7.8333E-02
1.5849E+01 -0.65 5.6011E-02
1.7783E+01 -0.65 3.9716E-02
1.9953E+01 -0.65 2.7827E-02
2.2387E+01 -0.65 1.9818E-02
2.5119E+01 -0.65 1.4159E-02
2.8184E+01 -0.65 9.7515E-03
3.1623E+01 -0.65 6.9836E-03
3.5481E+01 -0.65 4.9197E-03
3.9811E+01 -0.65 3.4671E-03
4.4668E+01 -0.65 2.4460E-03
5.0119E+01 -0.65 1.7202E-03
5.6234E+01 -0.65 1.2035E-03
6.3096E+01 -0.65 8.4188E-04
7.0795E+01 -0.65 5.8984E-04
7.9433E+01 -0.65 4.1322E-04
8.9125E+01 -0.65 2.8940E-04
1.0000E+02 -0.65 2.0320E-04
1.1220E+02 -0.65 1.4151E-04
1.2589E+02 -0.65 9.8068E-05
1.4125E+02 -0.65 6.8281E-05
1.5849E+02 -0.65 4.7688E-05
1.7783E+02 -0.65 3.3085E-05
1.9953E+02 -0.65 2.2808E-05
2.2387E+02 -0.65 1.5827E-05
2.5119E+02 -0.65 1.1033E-05
2.8184E+02 -0.65 7.6145E-06
3.1623E+02 -0.65 5.2727E-06
3.5481E+02 -0.65 3.6407E-06
3.9811E+02 -0.65 2.5158E-06
4.4668E+02 -0.65 1.7300E-06
5.0119E+02 -0.65 1.1918E-06
5.6234E+02 -0.65 8.2155E-07
6.3096E+02 -0.65 5.5937E-07
7.0795E+02 -0.65 3.8215E-07
7.9433E+02 -0.65 2.6137E-07
8.9125E+02 -0.65 1.7930E-07
1.0000E+03 -0.65 1.2298E-07
1.1220E+03 -0.65 8.2708E-08
1.2589E+03 -0.65 5.6611E-08
1.4125E+03 -0.65 3.8116E-08
1.5849E+03 -0.65 2.5409E-08
1.7783E+03 -0.65 1.7083E-08
1.9953E+03 -0.65 1.1655E-08
2.2387E+03 -0.65 7.8642E-09
2.5119E+03 -0.65 5.2830E-09
2.8184E+03 -0.65 3.5052E-09
3.1623E+03 -0.65 2.3982E-09
3.5481E+03 -0.65 1.5566E-09
3.9811E+03 -0.65 1.0154E-09
4.4668E+03 -0.65 6.8095E-10
5.0119E+03 -0.65 4.4816E-10
5.6234E+03 -0.65 2.9413E-10
6.3096E+03 -0.65 1.9629E-10
7.0795E+03 -0.65 1.2896E-10
7.9433E+03 -0.65 8.5286E-11
8.9125E+03 -0.65 5.6562E-11
1.0000E+04 -0.65 3.6840E-11
1.0000E-01 -0.75 1.2950E+04
1.1220E-01 -0.75 1.1480E+04
1.2589E-01 -0.75 1.0064E+04
1.4125E-01 -0.75 8.7122E+03
1.5849E-01 -0.75 7.4874E+03
1.7783E-01 -0.75 6.3645E+03
1.9953E-01 -0.75 5.3294E+03
2.2387E-01 -0.75 4.4102E+03
2.5119E-01 -0.75 3.5927E+03
2.8184E-01 -0.75 2.8896E+03
3.1623E-01 -0.75 2.3001E+03
3.5481E-01 -0.75 1.8139E+03
3.9811E-01 -0.75 1.4221E+03
4.4668E-01 -0.75 1.0986E+03
5.0119E-01 -0.75 8.3895E+02
5.6234E-01 -0.75 6.4008E+02
6.3096E-01 -0.75 4.8452E+02
7.0795E-01 -0.75 3.6154E+02
7.9433E-01 -0.75 2.6917E+02
8.9125E-01 -0.75 2.0043E+02
1.0000E+00 -0.75 1.4902E+02
1.1220E+00 -0.75 1.0987E+02
1.2589E+00 -0.75 8.0900E+01
1.4125E+00 -0.75 5.9478E+01
1.5849E+00 -0.75 4.3597E+01
1.7783E+00 -0.75 3.1955E+01
1.9953E+00 -0.75 2.3251E+01
2.2387E+00 -0.75 1.6680E+01
2.5119E+00 -0.75 1.2010E+01
2.8184E+00 -0.75 8.6903E+00
3.1623E+00 -0.75 6.2191E+00
3.5481E+00 -0.75 4.4770E+00
3.9811E+00 -0.75 3.2183E+00
4.4668E+00 -0.75 2.2883E+00
5.0119E+00 -0.75 1.6268E+00
5.6234E+00 -0.75 1.1519E+00
6.3096E+00 -0.75 8.2195E-01
7.0795E+00 -0.75 5.9051E-01
7.9433E+00 -0.75 4.2189E-01
8.9125E+00 -0.75 2.9909E-01
1.0000E+01 -0.75 2.1100E-01
1.1220E+01 -0.75 1.4916E-01
1.2589E+01 -0.75 1.0587E-01
1.4125E+01 -0.75 7.4824E-02
1.5849E+01 -0.75 5.3007E-02
1.7783E+01 -0.75 3.7725E-02
1.9953E+01 -0.75 2.6567E-02
2.2387E+01 -0.75 1.8683E-02
2.5119E+01 -0.75 1.3182E-02
2.8184E+01 -0.75 9.3391E-03
3.1623E+01 -0.75 6.5886E-03
3.5481E+01 -0.75 4.6394E-03
3.9811E+01 -0.75 3.2666E-03
4.4668E+01 -0.75 2.2945E-03
5.0119E+01 -0.75 1.6092E-03
5.6234E+01 -0.75 1.1290E-03
6.3096E+01 -0.75 7.8927E-04
7.0795E+01 -0.75 5.5162E-04
7.9433E+01 -0.75 3.8442E-04
8.9125E+01 -0.75 2.6798E-04
1.0000E+02 -0.75 1.8942E-04
1.1220E+02 -0.75 1.3211E-04
1.2589E+02 -0.75 9.1867E-05
1.4125E+02 -0.75 6.3726E-05
1.5849E+02 -0.75 4.4151E-05
1.7783E+02 -0.75 3.0636E-05
1.9953E+02 -0.75 2.1252E-05
2.2387E+02 -0.75 1.4763E-05
2.5119E+02 -0.75 1.0186E-05
2.8184E+02 -0.75 7.0628E-06
3.1623E+02 -0.75 4.8859E-06
3.5481E+02 -0.75 3.3496E-06
3.9811E+02 -0.75 2.3173E-06
4.4668E+02 -0.75 1.5975E-06
5.0119E+02 -0.75 1.0939E-06
5.6234E+02 -0.75 7.5771E-07
6.3096E+02 -0.75 5.1692E-07
7.0795E+02 -0.75 3.5205E-07
7.9433E+02 -0.75 2.4160E-07
8.9125E+02 -0.75 1.6502E-07
1.0000E+03 -0.75 1.1272E-07
1.1220E+03 -0.75 7.5863E-08
1.2589E+03 -0.75 5.1219E-08
1.4125E+03 -0.75 3.4223E-08
1.5849E+03 -0.75 2.2956E-08
1.7783E+03 -0.75 1.5479E-08
1.9953E+03 -0.75 1.0571E-08
2.2387E+03 -0.75 7.0289E-09
2.5119E+03 -0.75 4.7607E-09
2.8184E+03 -0.75 3.1869E-09
3.1623E+03 -0.75 2.1212E-09
3.5481E+03 -0.75 1.3690E-09
3.9811E+03 -0.75 9.0976E-10
4.4668E+03 -0.75 6.0106E-10
5.0119E+03 -0.75 3.9056E-10
5.6234E+03 -0.75 2.5860E-10
6.3096E+03 -0.75 1.7386E-10
7.0795E+03 -0.75 1.1455E-10
7.9433E+03 -0.75 7.4403E-11
8.9125E+03 -0.75 4.8621E-11
1.0000E+04 -0.75 3.2285E-11
1.0000E-01 -0.85 1.2617E+04
1.1220E-01 -0.85 1.1201E+04
1.2589E-01 -0.85 9.8600E+03
1.4125E-01 -0.85 8.6096E+03
1.5849E-01 -0.85 7.4317E+03
1.7783E-01 -0.85 6.3169E+03
1.9953E-01 -0.85 5.2844E+03
2.2387E-01 -0.85 4.3712E+03
2.5119E-01 -0.85 3.5560E+03
2.8184E-01 -0.85 2.8619E+03
3.1623E-01 -0.85 2.2769E+03
3.5481E-01 -0.85 1.7897E+03
3.9811E-01 -0.85 1.3987E+03
4.4668E-01 -0.85 1.0746E+03
5.0119E-01 -0.85 8.1724E+02
5.6234E-01 -0.85 6.2130E+02
6.3096E-01 -0.85 4.7071E+02
7.0795E-01 -0.85 3.5237E+02
7.9433E-01 -0.85 2.6174E+02
8.9125E-01 -0.85 1.9407E+02
1.0000E+00 -0.85 1.4338E+02
1.1220E+00 -0.85 1.0582E+02
1.2589E+00 -0.85 7.8056E+01
1.4125E+00 -0.85 5.7151E+01
1.5849E+00 -0.85 4.1578E+01
1.7783E+00 -0.85 3.0426E+01
1.9953E+00 -0.85 2.2020E+01
2.2387E+00 -0.85 1.5851E+01
2.5119E+00 -0.85 1.1538E+01
2.8184E+00 -0.85 8.2769E+00
3.1623E+00 -0.85 5.9264E+00
3.5481E+00 -0.85 4.2077E+00
3.9811E+00 -0.85 3.0093E+00
4.4668E+00 -0.85 2.1658E+00
5.0119E+00 -0.85 1.5518E+00
5.6234E+00 -0.85 1.1012E+00
6.3096E+00 -0.85 7.8307E-01
7.0795E+00 -0.85 5.5901E-01
7.9433E+00 -0.85 3.9493E-01
8.9125E+00 -0.85 2.7887E-01
1.0000E+01 -0.85 2.0116E-01
1.1220E+01 -0.85 1.4228E-01
1.2589E+01 -0.85 1.0032E-01
1.4125E+01 -0.85 7.0991E-02
1.5849E+01 -0.85 5.0293E-02
1.7783E+01 -0.85 3.5519E-02
1.9953E+01 -0.85 2.5269E-02
2.2387E+01 -0.85 1.7822E-02
2.5119E+01 -0.85 1.2498E-02
2.8184E+01 -0.85 8.8898E-03
3.1623E+01 -0.85 6.2464E-03
3.5481E+01 -0.85 4.3861E-03
3.9811E+01 -0.85 3.0806E-03
4.4668E+01 -0.85 2.1607E-03
5.0119E+01 -0.85 1.5170E-03
5.6234E+01 -0.85 1.0698E-03
6.3096E+01 -0.85 7.4616E-04
7.0795E+01 -0.85 5.1904E-04
7.9433E+01 -0.85 3.6172E-04
8.9125E+01 -0.85 2.5428E-04
1.0000E+02 -0.85 1.7655E-04
1.1220E+02 -0.85 1.2255E-04
1.2589E+02 -0.85 8.5444E-05
1.4125E+02 -0.85 5.9437E-05
1.5849E+02 -0.85 4.0931E-05
1.7783E+02 -0.85 2.8440E-05
1.9953E+02 -0.85 1.9816E-05
2.2387E+02 -0.85 1.3747E-05
2.5119E+02 -0.85 9.5459E-06
2.8184E+02 -0.85 6.6116E-06
3.1623E+02 -0.85 4.5005E-06
3.5481E+02 -0.85 3.0980E-06
3.9811E+02 -0.85 2.1311E-06
4.4668E+02 -0.85 1.4701E-06
5.0119E+02 -0.85 1.0127E-06
5.6234E+02 -0.85 6.9453E-07
6.3096E+02 -0.85 4.6962E-07
7.0795E+02 -0.85 3.1907E-07
7.9433E+02 -0.85 2.1869E-07
8.9125E+02 -0.85 1.5032E-07
1.0000E+03 -0.85 1.0272E-07
1.1220E+03 -0.85 6.8639E-08
1.2589E+03 -0.85 4.6221E-08
1.4125E+03 -0.85 3.1012E-08
1.5849E+03 -0.85 2.0742E-08
1.7783E+03 -0.85 1.4039E-08
1.9953E+03 -0.85 9.5158E-09
2.2387E+03 -0.85 6.2584E-09
2.5119E+03 -0.85 4.1477E-09
2.8184E+03 -0.85 2.7652E-09
3.1623E+03 -0.85 1.8879E-09
3.5481E+03 -0.85 1.2088E-09
3.9811E+03 -0.85 8.0277E-10
4.4668E+03 -0.85 5.2733E-10
5.0119E+03 -0.85 3.4207E-10
5.6234E+03 -0.85 2.2792E-10
6.3096E+03 -0.85 1.5141E-10
7.0795E+03 -0.85 1.0005E-10
7.9433E+03 -0.85 6.4491E-11
8.9125E+03 -0.85 4.2214E-11
1.0000E+04 -0.85 2.7403E-11
1.0000E-01 -0.95 1.1159E+04
1.1220E-01 -0.95 9.9781E+03
1.2589E-01 -0.95 8.8617E+03
1.4125E-01 -0.95 7.8114E+03
1.5849E-01 -0.95 6.8019E+03
1.7783E-01 -0.95 5.8252E+03
1.9953E-01 -0.95 4.9017E+03
2.2387E-01 -0.95 4.0693E+03
2.5119E-01 -0.95 3.3331E+03
2.8184E-01 -0.95 2.7002E+03
3.1623E-01 -0.95 2.1624E+03
3.5481E-01 -0.95 1.7094E+03
3.9811E-01 -0.95 1.3289E+03
4.4668E-01 -0.95 1.0265E+03
5.0119E-01 -0.95 7.9009E+02
5.6234E-01 -0.95 6.0062E+02
6.3096E-01 -0.95 4.5069E+02
7.0795E-01 -0.95 3.3725E+02
7.9433E-01 -0.95 2.5247E+02
8.9125E-01 -0.95 1.8740E+02
1.0000E+00 -0.95 1.3808E+02
1.1220E+00 -0.95 1.0218E+02
1.2589E+00 -0.95 7.5511E+01
1.4125E+00 -0.95 5.5451E+01
1.5849E+00 -0.95 4.0533E+01
1.7783E+00 -0.95 2.9544E+01
1.9953E+00 -0.95 2.1348E+01
2.2387E+00 -0.95 1.5338E+01
2.5119E+00 -0.95 1.0974E+01
2.8184E+00 -0.95 7.8471E+00
3.1623E+00 -0.95 5.7242E+00
3.5481E+00 -0.95 4.0904E+00
3.9811E+00 -0.95 2.9177E+00
4.4668E+00 -0.95 2.0858E+00
5.0119E+00 -0.95 1.4825E+00
5.6234E+00 -0.95 1.0625E+00
6.3096E+00 -0.95 7.5789E-01
7.0795E+00 -0.95 5.3403E-01
7.9433E+00 -0.95 3.8189E-01
8.9125E+00 -0.95 2.7305E-01
1.0000E+01 -0.95 1.9420E-01
1.1220E+01 -0.95 1.3768E-01
1.2589E+01 -0.95 9.7389E-02
1.4125E+01 -0.95 6.8687E-02
1.5849E+01 -0.95 4.8789E-02
1.7783E+01 -0.95 3.4674E-02
1.9953E+01 -0.95 2.4479E-02
2.2387E+01 -0.95 1.7410E-02
2.5119E+01 -0.95 1.2173E-02
2.8184E+01 -0.95 8.5849E-03
3.1623E+01 -0.95 5.9711E-03
3.5481E+01 -0.95 4.1892E-03
3.9811E+01 -0.95 2.9433E-03
4.4668E+01 -0.95 2.0706E-03
5.0119E+01 -0.95 1.4484E-03
5.6234E+01 -0.95 1.0174E-03
6.3096E+01 -0.95 7.1240E-04
7.0795E+01 -0.95 4.9467E-04
7.9433E+01 -0.95 3.4631E-04
8.9125E+01 -0.95 2.4199E-04
1.0000E+02 -0.95 1.6861E-04
1.1220E+02 -0.95 1.1669E-04
1.2589E+02 -0.95 8.0745E-05
1.4125E+02 -0.95 5.6086E-05
1.5849E+02 -0.95 3.9137E-05
1.7783E+02 -0.95 2.7031E-05
1.9953E+02 -0.95 1.8592E-05
2.2387E+02 -0.95 1.2867E-05
2.5119E+02 -0.95 8.8768E-06
2.8184E+02 -0.95 6.1544E-06
3.1623E+02 -0.95 4.2579E-06
3.5481E+02 -0.95 2.9161E-06
3.9811E+02 -0.95 2.0065E-06
4.4668E+02 -0.95 1.3737E-06
5.0119E+02 -0.95 9.4203E-07
5.6234E+02 -0.95 6.5201E-07
6.3096E+02 -0.95 4.4079E-07
7.0795E+02 -0.95 3.0082E-07
7.9433E+02 -0.95 2.0489E-07
8.9125E+02 -0.95 1.4025E-07
1.0000E+03 -0.95 9.4758E-08
1.1220E+03 -0.95 6.2625E-08
1.2589E+03 -0.95 4.2086E-08
1.4125E+03 -0.95 2.8494E-08
1.5849E+03 -0.95 1.9241E-08
1.7783E+03 -0.95 1.2941E-08
1.9953E+03 -0.95 8.6819E-09
2.2387E+03 -0.95 5.7737E-09
2.5119E+03 -0.95 3.8071E-09
2.8184E+03 -0.95 2.4710E-09
3.1623E+03 -0.95 1.7124E-09
3.5481E+03 -0.95 1.1072E-09
3.9811E+03 -0.95 7.3007E-10
4.4668E+03 -0.95 4.8494E-10
5.0119E+03 -0.95 3.1474E-10
5.6234E+03 -0.95 2.0763E-10
6.3096E+03 -0.95 1.3770E-10
7.0795E+03 -0.95 9.0479E-11
7.9433E+03 -0.95 5.8650E-11
8.9125E+03 -0.95 3.7470E-11
1.0000E+04 -0.95 2.4767E-11
