1.0000E-01 0.95 4.1137E+03
1.1220E-01 0.95 3.7606E+03
1.2589E-01 0.95 3.4178E+03
1.4125E-01 0.95 3.0730E+03
1.5849E-01 0.95 2.7315E+03
1.7783E-01 0.95 2.4048E+03
1.9953E-01 0.95 2.0932E+03
2.2387E-01 0.95 1.7984E+03
2.5119E-01 0.95 1.5299E+03
2.8184E-01 0.95 1.2896E+03
3.1623E-01 0.95 1.0765E+03
3.5481E-01 0.95 8.9130E+02
3.9811E-01 0.95 7.3045E+02
4.4668E-01 0.95 5.9350E+02
5.0119E-01 0.95 4.7853E+02
5.6234E-01 0.95 3.8237E+02
6.3096E-01 0.95 3.0311E+02
7.0795E-01 0.95 2.3760E+02
7.9433E-01 0.95 1.8517E+02
8.9125E-01 0.95 1.4362E+02
1.0000E+00 0.95 1.1059E+02
1.1220E+00 0.95 8.4626E+01
1.2589E+00 0.95 6.4201E+01
1.4125E+00 0.95 4.8443E+01
1.5849E+00 0.95 3.6295E+01
1.7783E+00 0.95 2.6969E+01
1.9953E+00 0.95 1.9944E+01
2.2387E+00 0.95 1.4634E+01
2.5119E+00 0.95 1.0661E+01
2.8184E+00 0.95 7.7496E+00
3.1623E+00 0.95 5.6048E+00
3.5481E+00 0.95 4.0347E+00
3.9811E+00 0.95 2.9042E+00
4.4668E+00 0.95 2.0812E+00
5.0119E+00 0.95 1.4862E+00
5.6234E+00 0.95 1.0618E+00
6.3096E+00 0.95 7.5617E-01
7.0795E+00 0.95 5.3694E-01
7.9433E+00 0.95 3.8173E-01
8.9125E+00 0.95 2.7201E-01
1.0000E+01 0.95 1.9312E-01
1.1220E+01 0.95 1.3688E-01
1.2589E+01 0.95 9.7006E-02
1.4125E+01 0.95 6.8732E-02
1.5849E+01 0.95 4.8654E-02
1.7783E+01 0.95 3.4416E-02
1.9953E+01 0.95 2.4299E-02
2.2387E+01 0.95 1.7181E-02
2.5119E+01 0.95 1.2134E-02
2.8184E+01 0.95 8.5841E-03
3.1623E+01 0.95 6.0168E-03
3.5481E+01 0.95 4.2306E-03
3.9811E+01 0.95 2.9718E-03
4.4668E+01 0.95 2.0853E-03
5.0119E+01 0.95 1.4620E-03
5.6234E+01 0.95 1.0244E-03
6.3096E+01 0.95 7.1559E-04
7.0795E+01 0.95 4.9953E-04
7.9433E+01 0.95 3.4893E-04
8.9125E+01 0.95 2.4307E-04
1.0000E+02 0.95 1.6946E-04
1.1220E+02 0.95 1.1773E-04
1.2589E+02 0.95 8.1795E-05
1.4125E+02 0.95 5.6824E-05
1.5849E+02 0.95 3.9507E-05
1.7783E+02 0.95 2.7315E-05
1.9953E+02 0.95 1.8880E-05
2.2387E+02 0.95 1.3083E-05
2.5119E+02 0.95 9.0473E-06
2.8184E+02 0.95 6.2255E-06
3.1623E+02 0.95 4.3077E-06
3.5481E+02 0.95 2.9517E-06
3.9811E+02 0.95 2.0341E-06
4.4668E+02 0.95 1.3967E-06
5.0119E+02 0.95 9.5660E-07
5.6234E+02 0.95 6.5882E-07
6.3096E+02 0.95 4.4675E-07
7.0795E+02 0.95 3.0429E-07
7.9433E+02 0.95 2.0691E-07
8.9125E+02 0.95 1.4042E-07
1.0000E+03 0.95 9.6046E-08
1.1220E+03 0.95 6.4274E-08
1.2589E+03 0.95 4.3199E-08
1.4125E+03 0.95 2.9039E-08
1.5849E+03 0.95 1.9492E-08
1.7783E+03 0.95 1.2990E-08
1.9953E+03 0.95 8.7258E-09
2.2387E+03 0.95 5.8279E-09
2.5119E+03 0.95 3.8604E-09
2.8184E+03 0.95 2.5630E-09
3.1623E+03 0.95 1.7460E-09
3.5481E+03 0.95 1.1260E-09
3.9811E+03 0.95 7.4354E-10
4.4668E+03 0.95 4.9078E-10
5.0119E+03 0.95 3.2496E-10
5.6234E+03 0.95 2.1343E-10
6.3096E+03 0.95 1.3895E-10
7.0795E+03 0.95 9.1180E-11
7.9433E+03 0.95 5.9298E-11
8.9125E+03 0.95 3.8404E-11
1.0000E+04 0.95 2.5189E-11
1.0000E-01 0.85 4.2106E+03
1.1220E-01 0.85 3.8264E+03
1.2589E-01 0.85 3.4631E+03
1.4125E-01 0.85 3.1087E+03
1.5849E-01 0.85 2.7608E+03
1.7783E-01 0.85 2.4286E+03
1.9953E-01 0.85 2.1094E+03
2.2387E-01 0.85 1.8136E+03
2.5119E-01 0.85 1.5435E+03
2.8184E-01 0.85 1.3001E+03
3.1623E-01 0.85 1.0849E+03
3.5481E-01 0.85 8.9758E+02
3.9811E-01 0.85 7.3609E+02
4.4668E-01 0.85 5.9897E+02
5.0119E-01 0.85 4.8313E+02
5.6234E-01 0.85 3.8565E+02
6.3096E-01 0.85 3.0587E+02
7.0795E-01 0.85 2.4088E+02
7.9433E-01 0.85 1.8854E+02
8.9125E-01 0.85 1.4653E+02
1.0000E+00 0.85 1.1274E+02
1.1220E+00 0.85 8.6409E+01
1.2589E+00 0.85 6.5722E+01
1.4125E+00 0.85 4.9689E+01
1.5849E+00 0.85 3.7213E+01
1.7783E+00 0.85 2.7693E+01
1.9953E+00 0.85 2.0563E+01
2.2387E+00 0.85 1.5109E+01
2.5119E+00 0.85 1.1017E+01
2.8184E+00 0.85 8.0105E+00
3.1623E+00 0.85 5.8165E+00
3.5481E+00 0.85 4.1999E+00
3.9811E+00 0.85 3.0214E+00
4.4668E+00 0.85 2.1635E+00
5.0119E+00 0.85 1.5501E+00
5.6234E+00 0.85 1.1062E+00
6.3096E+00 0.85 7.8890E-01
7.0795E+00 0.85 5.6287E-01
7.9433E+00 0.85 3.9938E-01
8.9125E+00 0.85 2.8309E-01
1.0000E+01 0.85 2.0104E-01
1.1220E+01 0.85 1.4252E-01
1.2589E+01 0.85 1.0092E-01
1.4125E+01 0.85 7.1443E-02
1.5849E+01 0.85 5.0481E-02
1.7783E+01 0.85 3.5698E-02
1.9953E+01 0.85 2.5285E-02
2.2387E+01 0.85 1.7894E-02
2.5119E+01 0.85 1.2626E-02
2.8184E+01 0.85 8.9047E-03
3.1623E+01 0.85 6.2796E-03
3.5481E+01 0.85 4.4223E-03
3.9811E+01 0.85 3.1100E-03
4.4668E+01 0.85 2.1830E-03
5.0119E+01 0.85 1.5305E-03
5.6234E+01 0.85 1.0728E-03
6.3096E+01 0.85 7.5084E-04
7.0795E+01 0.85 5.2490E-04
7.9433E+01 0.85 3.6618E-04
8.9125E+01 0.85 2.5571E-04
1.0000E+02 0.85 1.7842E-04
1.1220E+02 0.85 1.2414E-04
1.2589E+02 0.85 8.6420E-05
1.4125E+02 0.85 5.9930E-05
1.5849E+02 0.85 4.1553E-05
1.7783E+02 0.85 2.8851E-05
1.9953E+02 0.85 2.0004E-05
2.2387E+02 0.85 1.3855E-05
2.5119E+02 0.85 9.5539E-06
2.8184E+02 0.85 6.6054E-06
3.1623E+02 0.85 4.5635E-06
3.5481E+02 0.85 3.1355E-06
3.9811E+02 0.85 2.1595E-06
4.4668E+02 0.85 1.4842E-06
5.0119E+02 0.85 1.0179E-06
5.6234E+02 0.85 7.0330E-07
6.3096E+02 0.85 4.7763E-07
7.0795E+02 0.85 3.2589E-07
7.9433E+02 0.85 2.2231E-07
8.9125E+02 0.85 1.5134E-07
1.0000E+03 0.85 1.0356E-07
1.1220E+03 0.85 6.9423E-08
1.2589E+03 0.85 4.6776E-08
1.4125E+03 0.85 3.1403E-08
1.5849E+03 0.85 2.1129E-08
1.7783E+03 0.85 1.4214E-08
1.9953E+03 0.85 9.5260E-09
2.2387E+03 0.85 6.3382E-09
2.5119E+03 0.85 4.2334E-09
2.8184E+03 0.85 2.8227E-09
3.1623E+03 0.85 1.9208E-09
3.5481E+03 0.85 1.2370E-09
3.9811E+03 0.85 8.1775E-10
4.4668E+03 0.85 5.4034E-10
5.0119E+03 0.85 3.5648E-10
5.6234E+03 0.85 2.3371E-10
6.3096E+03 0.85 1.5291E-10
7.0795E+03 0.85 1.0050E-10
7.9433E+03 0.85 6.6148E-11
8.9125E+03 0.85 4.3041E-11
1.0000E+04 0.85 2.8040E-11
1.0000E-01 0.75 4.3339E+03
1.1220E-01 0.75 3.9270E+03
1.2589E-01 0.75 3.5362E+03
1.4125E-01 0.75 3.1628E+03
1.5849E-01 0.75 2.7985E+03
1.7783E-01 0.75 2.4513E+03
1.9953E-01 0.75 2.1263E+03
2.2387E-01 0.75 1.8267E+03
2.5119E-01 0.75 1.5532E+03
2.8184E-01 0.75 1.3084E+03
3.1623E-01 0.75 1.0951E+03
3.5481E-01 0.75 9.0682E+02
3.9811E-01 0.75 7.4415E+02
4.4668E-01 0.75 6.0574E+02
5.0119E-01 0.75 4.8856E+02
5.6234E-01 0.75 3.9078E+02
6.3096E-01 0.75 3.1043E+02
7.0795E-01 0.75 2.4524E+02
7.9433E-01 0.75 1.9220E+02
8.9125E-01 0.75 1.4933E+02
1.0000E+00 0.75 1.1535E+02
1.1220E+00 0.75 8.8424E+01
1.2589E+00 0.75 6.7388E+01
1.4125E+00 0.75 5.1077E+01
1.5849E+00 0.75 3.8346E+01
1.7783E+00 0.75 2.8654E+01
1.9953E+00 0.75 2.1264E+01
2.2387E+00 0.75 1.5657E+01
2.5119E+00 0.75 1.1480E+01
2.8184E+00 0.75 8.3679E+00
3.1623E+00 0.75 6.0614E+00
3.5481E+00 0.75 4.3748E+00
3.9811E+00 0.75 3.1476E+00
4.4668E+00 0.75 2.2586E+00
5.0119E+00 0.75 1.6194E+00
5.6234E+00 0.75 1.1561E+00
6.3096E+00 0.75 8.2278E-01
7.0795E+00 0.75 5.8604E-01
7.9433E+00 0.75 4.1666E-01
8.9125E+00 0.75 2.9472E-01
1.0000E+01 0.75 2.0939E-01
1.1220E+01 0.75 1.4835E-01
1.2589E+01 0.75 1.0491E-01
1.4125E+01 0.75 7.4310E-02
1.5849E+01 0.75 5.2669E-02
1.7783E+01 0.75 3.7375E-02
1.9953E+01 0.75 2.6402E-02
2.2387E+01 0.75 1.8536E-02
2.5119E+01 0.75 1.3085E-02
2.8184E+01 0.75 9.2788E-03
3.1623E+01 0.75 6.5857E-03
3.5481E+01 0.75 4.6444E-03
3.9811E+01 0.75 3.2728E-03
4.4668E+01 0.75 2.2998E-03
5.0119E+01 0.75 1.6144E-03
5.6234E+01 0.75 1.1334E-03
6.3096E+01 0.75 7.9425E-04
7.0795E+01 0.75 5.5500E-04
7.9433E+01 0.75 3.8799E-04
8.9125E+01 0.75 2.7108E-04
1.0000E+02 0.75 1.8883E-04
1.1220E+02 0.75 1.3161E-04
1.2589E+02 0.75 9.1558E-05
1.4125E+02 0.75 6.3647E-05
1.5849E+02 0.75 4.4169E-05
1.7783E+02 0.75 3.0645E-05
1.9953E+02 0.75 2.1274E-05
2.2387E+02 0.75 1.4708E-05
2.5119E+02 0.75 1.0167E-05
2.8184E+02 0.75 7.0451E-06
3.1623E+02 0.75 4.8790E-06
3.5481E+02 0.75 3.3523E-06
3.9811E+02 0.75 2.3112E-06
4.4668E+02 0.75 1.5918E-06
5.0119E+02 0.75 1.0946E-06
5.6234E+02 0.75 7.5581E-07
6.3096E+02 0.75 5.1444E-07
7.0795E+02 0.75 3.5093E-07
7.9433E+02 0.75 2.3930E-07
8.9125E+02 0.75 1.6314E-07
1.0000E+03 0.75 1.1185E-07
1.1220E+03 0.75 7.5203E-08
1.2589E+03 0.75 5.0880E-08
1.4125E+03 0.75 3.4270E-08
1.5849E+03 0.75 2.3088E-08
1.7783E+03 0.75 1.5518E-08
1.9953E+03 0.75 1.0434E-08
2.2387E+03 0.75 6.9645E-09
2.5119E+03 0.75 4.6545E-09
2.8184E+03 0.75 3.1024E-09
3.1623E+03 0.75 2.1246E-09
3.5481E+03 0.75 1.3724E-09
3.9811E+03 0.75 9.0806E-10
4.4668E+03 0.75 6.0047E-10
5.0119E+03 0.75 3.9622E-10
5.6234E+03 0.75 2.6118E-10
6.3096E+03 0.75 1.7212E-10
7.0795E+03 0.75 1.1306E-10
7.9433E+03 0.75 7.3962E-11
8.9125E+03 0.75 4.8356E-11
1.0000E+04 0.75 3.1805E-11
1.0000E-01 0.65 4.4989E+03
1.1220E-01 0.65 4.0553E+03
1.2589E-01 0.65 3.6404E+03
1.4125E-01 0.65 3.2387E+03
1.5849E-01 0.65 2.8567E+03
1.7783E-01 0.65 2.4962E+03
1.9953E-01 0.65 2.1601E+03
2.2387E-01 0.65 1.8510E+03
2.5119E-01 0.65 1.5706E+03
2.8184E-01 0.65 1.3240E+03
3.1623E-01 0.65 1.1059E+03
3.5481E-01 0.65 9.1617E+02
3.9811E-01 0.65 7.5307E+02
4.4668E-01 0.65 6.1239E+02
5.0119E-01 0.65 4.9447E+02
5.6234E-01 0.65 3.9708E+02
6.3096E-01 0.65 3.1667E+02
7.0795E-01 0.65 2.5050E+02
7.9433E-01 0.65 1.9624E+02
8.9125E-01 0.65 1.5298E+02
1.0000E+00 0.65 1.1816E+02
1.1220E+00 0.65 9.0785E+01
1.2589E+00 0.65 6.9371E+01
1.4125E+00 0.65 5.2609E+01
1.5849E+00 0.65 3.9566E+01
1.7783E+00 0.65 2.9595E+01
1.9953E+00 0.65 2.2040E+01
2.2387E+00 0.65 1.6274E+01
2.5119E+00 0.65 1.1946E+01
2.8184E+00 0.65 8.7189E+00
3.1623E+00 0.65 6.3248E+00
3.5481E+00 0.65 4.5800E+00
3.9811E+00 0.65 3.3040E+00
4.4668E+00 0.65 2.3701E+00
5.0119E+00 0.65 1.6952E+00
5.6234E+00 0.65 1.2145E+00
6.3096E+00 0.65 8.6761E-01
7.0795E+00 0.65 6.1725E-01
7.9433E+00 0.65 4.3743E-01
8.9125E+00 0.65 3.1050E-01
1.0000E+01 0.65 2.2112E-01
1.1220E+01 0.65 1.5652E-01
1.2589E+01 0.65 1.1069E-01
1.4125E+01 0.65 7.8453E-02
1.5849E+01 0.65 5.5516E-02
1.7783E+01 0.65 3.9241E-02
1.9953E+01 0.65 2.7721E-02
2.2387E+01 0.65 1.9688E-02
2.5119E+01 0.65 1.3984E-02
2.8184E+01 0.65 9.8607E-03
3.1623E+01 0.65 6.9439E-03
3.5481E+01 0.65 4.8986E-03
3.9811E+01 0.65 3.4513E-03
4.4668E+01 0.65 2.4296E-03
5.0119E+01 0.65 1.7099E-03
5.6234E+01 0.65 1.2016E-03
6.3096E+01 0.65 8.4169E-04
7.0795E+01 0.65 5.8929E-04
7.9433E+01 0.65 4.1209E-04
8.9125E+01 0.65 2.8749E-04
1.0000E+02 0.65 2.0121E-04
1.1220E+02 0.65 1.4019E-04
1.2589E+02 0.65 9.7660E-05
1.4125E+02 0.65 6.7975E-05
1.5849E+02 0.65 4.7217E-05
1.7783E+02 0.65 3.2744E-05
1.9953E+02 0.65 2.2780E-05
2.2387E+02 0.65 1.5809E-05
2.5119E+02 0.65 1.0914E-05
2.8184E+02 0.65 7.5457E-06
3.1623E+02 0.65 5.2360E-06
3.5481E+02 0.65 3.6099E-06
3.9811E+02 0.65 2.4957E-06
4.4668E+02 0.65 1.7191E-06
5.0119E+02 0.65 1.1822E-06
5.6234E+02 0.65 8.1826E-07
6.3096E+02 0.65 5.5856E-07
7.0795E+02 0.65 3.8307E-07
7.9433E+02 0.65 2.6168E-07
8.9125E+02 0.65 1.7832E-07
1.0000E+03 0.65 1.2275E-07
1.1220E+03 0.65 8.2808E-08
1.2589E+03 0.65 5.6009E-08
1.4125E+03 0.65 3.7777E-08
1.5849E+03 0.65 2.5584E-08
1.7783E+03 0.65 1.7269E-08
1.9953E+03 0.65 1.1633E-08
2.2387E+03 0.65 7.7815E-09
2.5119E+03 0.65 5.2061E-09
2.8184E+03 0.65 3.4808E-09
3.1623E+03 0.65 2.3801E-09
3.5481E+03 0.65 1.5462E-09
3.9811E+03 0.65 1.0262E-09
4.4668E+03 0.65 6.7665E-10
5.0119E+03 0.65 4.4563E-10
5.6234E+03 0.65 2.9458E-10
6.3096E+03 0.65 1.9479E-10
7.0795E+03 0.65 1.2847E-10
7.9433E+03 0.65 8.4170E-11
8.9125E+03 0.65 5.4865E-11
1.0000E+04 0.65 3.6049E-11
1.0000E-01 0.55 4.7630E+03
1.1220E-01 0.55 4.2588E+03
1.2589E-01 0.55 3.7879E+03
1.4125E-01 0.55 3.3552E+03
1.5849E-01 0.55 2.9532E+03
1.7783E-01 0.55 2.5670E+03
1.9953E-01 0.55 2.2109E+03
2.2387E-01 0.55 1.8862E+03
2.5119E-01 0.55 1.5965E+03
2.8184E-01 0.55 1.3420E+03
3.1623E-01 0.55 1.1175E+03
3.5481E-01 0.55 9.2471E+02
3.9811E-01 0.55 7.6159E+02
4.4668E-01 0.55 6.2112E+02
5.0119E-01 0.55 5.0222E+02
5.6234E-01 0.55 4.0354E+02
6.3096E-01 0.55 3.2194E+02
7.0795E-01 0.55 2.5442E+02
7.9433E-01 0.55 1.9959E+02
8.9125E-01 0.55 1.5603E+02
1.0000E+00 0.55 1.2098E+02
1.1220E+00 0.55 9.3361E+01
1.2589E+00 0.55 7.1638E+01
1.4125E+00 0.55 5.4398E+01
1.5849E+00 0.55 4.1041E+01
1.7783E+00 0.55 3.0846E+01
1.9953E+00 0.55 2.2958E+01
2.2387E+00 0.55 1.6955E+01
2.5119E+00 0.55 1.2493E+01
2.8184E+00 0.55 9.1425E+00
3.1623E+00 0.55 6.6522E+00
3.5481E+00 0.55 4.8315E+00
3.9811E+00 0.55 3.4891E+00
4.4668E+00 0.55 2.5121E+00
5.0119E+00 0.55 1.8034E+00
5.6234E+00 0.55 1.2872E+00
6.3096E+00 0.55 9.1622E-01
7.0795E+00 0.55 6.5509E-01
7.9433E+00 0.55 4.6653E-01
8.9125E+00 0.55 3.3181E-01
1.0000E+01 0.55 2.3452E-01
1.1220E+01 0.55 1.6618E-01
1.2589E+01 0.55 1.1783E-01
1.4125E+01 0.55 8.3294E-02
1.5849E+01 0.55 5.8729E-02
1.7783E+01 0.55 4.1635E-02
1.9953E+01 0.55 2.9553E-02
2.2387E+01 0.55 2.0971E-02
2.5119E+01 0.55 1.4804E-02
2.8184E+01 0.55 1.0420E-02
3.1623E+01 0.55 7.3979E-03
3.5481E+01 0.55 5.2213E-03
3.9811E+01 0.55 3.6791E-03
4.4668E+01 0.55 2.5917E-03
5.0119E+01 0.55 1.8261E-03
5.6234E+01 0.55 1.2849E-03
6.3096E+01 0.55 9.0221E-04
7.0795E+01 0.55 6.3214E-04
7.9433E+01 0.55 4.4345E-04
8.9125E+01 0.55 3.1032E-04
1.0000E+02 0.55 2.1690E-04
1.1220E+02 0.55 1.5144E-04
1.2589E+02 0.55 1.0549E-04
1.4125E+02 0.55 7.3379E-05
1.5849E+02 0.55 5.1036E-05
1.7783E+02 0.55 3.5482E-05
1.9953E+02 0.55 2.4659E-05
2.2387E+02 0.55 1.7118E-05
2.5119E+02 0.55 1.1895E-05
2.8184E+02 0.55 8.2595E-06
3.1623E+02 0.55 5.7042E-06
3.5481E+02 0.55 3.9346E-06
3.9811E+02 0.55 2.7176E-06
4.4668E+02 0.55 1.8772E-06
5.0119E+02 0.55 1.2951E-06
5.6234E+02 0.55 8.9561E-07
6.3096E+02 0.55 6.1320E-07
7.0795E+02 0.55 4.2132E-07
7.9433E+02 0.55 2.8877E-07
8.9125E+02 0.55 1.9746E-07
1.0000E+03 0.55 1.3579E-07
1.1220E+03 0.55 9.1801E-08
1.2589E+03 0.55 6.2284E-08
1.4125E+03 0.55 4.2343E-08
1.5849E+03 0.55 2.8707E-08
1.7783E+03 0.55 1.9411E-08
1.9953E+03 0.55 1.3108E-08
2.2387E+03 0.55 8.8156E-09
2.5119E+03 0.55 5.9148E-09
2.8184E+03 0.55 3.9589E-09
3.1623E+03 0.55 2.7185E-09
3.5481E+03 0.55 1.7641E-09
3.9811E+03 0.55 1.1715E-09
4.4668E+03 0.55 7.7622E-10
5.0119E+03 0.55 5.1609E-10
5.6234E+03 0.55 3.4246E-10
6.3096E+03 0.55 2.2506E-10
7.0795E+03 0.55 1.4802E-10
7.9433E+03 0.55 9.7518E-11
8.9125E+03 0.55 6.3923E-11
1.0000E+04 0.55 4.2001E-11
1.0000E-01 0.45 5.1399E+03
1.1220E-01 0.45 4.5650E+03
1.2589E-01 0.45 4.0308E+03
1.4125E-01 0.45 3.5475E+03
1.5849E-01 0.45 3.0957E+03
1.7783E-01 0.45 2.6773E+03
1.9953E-01 0.45 2.2917E+03
2.2387E-01 0.45 1.9424E+03
2.5119E-01 0.45 1.6376E+03
2.8184E-01 0.45 1.3688E+03
3.1623E-01 0.45 1.1375E+03
3.5481E-01 0.45 9.3914E+02
3.9811E-01 0.45 7.7066E+02
4.4668E-01 0.45 6.2845E+02
5.0119E-01 0.45 5.0788E+02
5.6234E-01 0.45 4.0721E+02
6.3096E-01 0.45 3.2467E+02
7.0795E-01 0.45 2.5824E+02
7.9433E-01 0.45 2.0376E+02
8.9125E-01 0.45 1.5905E+02
1.0000E+00 0.45 1.2344E+02
1.1220E+00 0.45 9.5542E+01
1.2589E+00 0.45 7.3477E+01
1.4125E+00 0.45 5.5987E+01
1.5849E+00 0.45 4.2509E+01
1.7783E+00 0.45 3.2018E+01
1.9953E+00 0.45 2.3887E+01
2.2387E+00 0.45 1.7781E+01
2.5119E+00 0.45 1.3132E+01
2.8184E+00 0.45 9.6450E+00
3.1623E+00 0.45 7.0474E+00
3.5481E+00 0.45 5.1230E+00
3.9811E+00 0.45 3.7031E+00
4.4668E+00 0.45 2.6689E+00
5.0119E+00 0.45 1.9230E+00
5.6234E+00 0.45 1.3810E+00
6.3096E+00 0.45 9.8372E-01
7.0795E+00 0.45 7.0115E-01
7.9433E+00 0.45 4.9874E-01
8.9125E+00 0.45 3.5323E-01
1.0000E+01 0.45 2.5179E-01
1.1220E+01 0.45 1.7846E-01
1.2589E+01 0.45 1.2630E-01
1.4125E+01 0.45 8.9474E-02
1.5849E+01 0.45 6.3312E-02
1.7783E+01 0.45 4.4821E-02
1.9953E+01 0.45 3.1770E-02
2.2387E+01 0.45 2.2482E-02
2.5119E+01 0.45 1.5901E-02
2.8184E+01 0.45 1.1216E-02
3.1623E+01 0.45 7.9576E-03
3.5481E+01 0.45 5.6220E-03
3.9811E+01 0.45 3.9723E-03
4.4668E+01 0.45 2.8032E-03
5.0119E+01 0.45 1.9750E-03
5.6234E+01 0.45 1.3892E-03
6.3096E+01 0.45 9.7694E-04
7.0795E+01 0.45 6.8773E-04
7.9433E+01 0.45 4.8289E-04
8.9125E+01 0.45 3.3784E-04
1.0000E+02 0.45 2.3642E-04
1.1220E+02 0.45 1.6521E-04
1.2589E+02 0.45 1.1540E-04
1.4125E+02 0.45 8.0452E-05
1.5849E+02 0.45 5.6020E-05
1.7783E+02 0.45 3.9028E-05
1.9953E+02 0.45 2.7140E-05
2.2387E+02 0.45 1.8868E-05
2.5119E+02 0.45 1.3111E-05
2.8184E+02 0.45 9.0782E-06
3.1623E+02 0.45 6.2942E-06
3.5481E+02 0.45 4.3574E-06
3.9811E+02 0.45 3.0152E-06
4.4668E+02 0.45 2.0838E-06
5.0119E+02 0.45 1.4377E-06
5.6234E+02 0.45 9.9564E-07
6.3096E+02 0.45 6.8573E-07
7.0795E+02 0.45 4.7205E-07
7.9433E+02 0.45 3.2392E-07
8.9125E+02 0.45 2.2213E-07
1.0000E+03 0.45 1.5266E-07
1.1220E+03 0.45 1.0378E-07
1.2589E+03 0.45 7.0860E-08
1.4125E+03 0.45 4.8128E-08
1.5849E+03 0.45 3.2671E-08
1.7783E+03 0.45 2.2148E-08
1.9953E+03 0.45 1.5057E-08
2.2387E+03 0.45 1.0139E-08
2.5119E+03 0.45 6.8186E-09
2.8184E+03 0.45 4.5821E-09
3.1623E+03 0.45 3.1562E-09
3.5481E+03 0.45 2.0642E-09
3.9811E+03 0.45 1.3733E-09
4.4668E+03 0.45 9.1582E-10
5.0119E+03 0.45 6.0760E-10
5.6234E+03 0.45 4.0240E-10
6.3096E+03 0.45 2.6613E-10
7.0795E+03 0.45 1.7656E-10
7.9433E+03 0.45 1.1655E-10
8.9125E+03 0.45 7.6340E-11
1.0000E+04 0.45 5.0321E-11
1.0000E-01 0.35 5.8104E+03
1.1220E-01 0.35 5.1008E+03
1.2589E-01 0.35 4.4551E+03
1.4125E-01 0.35 3.8752E+03
1.5849E-01 0.35 3.3476E+03
1.7783E-01 0.35 2.8685E+03
1.9953E-01 0.35 2.4367E+03
2.2387E-01 0.35 2.0502E+03
2.5119E-01 0.35 1.7163E+03
2.8184E-01 0.35 1.4253E+03
3.1623E-01 0.35 1.1734E+03
3.5481E-01 0.35 9.6438E+02
3.9811E-01 0.35 7.8782E+02
4.4668E-01 0.35 6.3687E+02
5.0119E-01 0.35 5.1450E+02
5.6234E-01 0.35 4.1361E+02
6.3096E-01 0.35 3.2889E+02
7.0795E-01 0.35 2.6086E+02
7.9433E-01 0.35 2.0600E+02
8.9125E-01 0.35 1.6164E+02
1.0000E+00 0.35 1.2563E+02
1.1220E+00 0.35 9.7469E+01
1.2589E+00 0.35 7.5241E+01
1.4125E+00 0.35 5.7585E+01
1.5849E+00 0.35 4.3696E+01
1.7783E+00 0.35 3.3077E+01
1.9953E+00 0.35 2.4912E+01
2.2387E+00 0.35 1.8564E+01
2.5119E+00 0.35 1.3723E+01
2.8184E+00 0.35 1.0142E+01
3.1623E+00 0.35 7.4609E+00
3.5481E+00 0.35 5.4616E+00
3.9811E+00 0.35 3.9797E+00
4.4668E+00 0.35 2.8834E+00
5.0119E+00 0.35 2.0796E+00
5.6234E+00 0.35 1.4925E+00
6.3096E+00 0.35 1.0664E+00
7.0795E+00 0.35 7.6129E-01
7.9433E+00 0.35 5.4554E-01
8.9125E+00 0.35 3.8817E-01
1.0000E+01 0.35 2.7546E-01
1.1220E+01 0.35 1.9593E-01
1.2589E+01 0.35 1.3836E-01
1.4125E+01 0.35 9.7661E-02
1.5849E+01 0.35 6.9141E-02
1.7783E+01 0.35 4.9013E-02
1.9953E+01 0.35 3.4742E-02
2.2387E+01 0.35 2.4635E-02
2.5119E+01 0.35 1.7321E-02
2.8184E+01 0.35 1.2214E-02
3.1623E+01 0.35 8.7223E-03
3.5481E+01 0.35 6.1677E-03
3.9811E+01 0.35 4.3596E-03
4.4668E+01 0.35 3.0786E-03
5.0119E+01 0.35 2.1734E-03
5.6234E+01 0.35 1.5339E-03
6.3096E+01 0.35 1.0806E-03
7.0795E+01 0.35 7.6024E-04
7.9433E+01 0.35 5.3505E-04
8.9125E+01 0.35 3.7559E-04
1.0000E+02 0.35 2.6323E-04
1.1220E+02 0.35 1.8433E-04
1.2589E+02 0.35 1.2900E-04
1.4125E+02 0.35 9.0079E-05
1.5849E+02 0.35 6.2852E-05
1.7783E+02 0.35 4.3893E-05
1.9953E+02 0.35 3.0582E-05
2.2387E+02 0.35 2.1284E-05
2.5119E+02 0.35 1.4796E-05
2.8184E+02 0.35 1.0286E-05
3.1623E+02 0.35 7.1134E-06
3.5481E+02 0.35 4.9249E-06
3.9811E+02 0.35 3.4117E-06
4.4668E+02 0.35 2.3638E-06
5.0119E+02 0.35 1.6342E-06
5.6234E+02 0.35 1.1332E-06
6.3096E+02 0.35 7.8162E-07
7.0795E+02 0.35 5.3960E-07
7.9433E+02 0.35 3.7136E-07
8.9125E+02 0.35 2.5465E-07
1.0000E+03 0.35 1.7549E-07
1.1220E+03 0.35 1.2009E-07
1.2589E+03 0.35 8.2281E-08
1.4125E+03 0.35 5.6129E-08
1.5849E+03 0.35 3.8183E-08
1.7783E+03 0.35 2.5988E-08
1.9953E+03 0.35 1.7744E-08
2.2387E+03 0.35 1.2010E-08
2.5119E+03 0.35 8.1257E-09
2.8184E+03 0.35 5.4850E-09
3.1623E+03 0.35 3.7608E-09
3.5481E+03 0.35 2.4738E-09
3.9811E+03 0.35 1.6571E-09
4.4668E+03 0.35 1.1124E-09
5.0119E+03 0.35 7.4113E-10
5.6234E+03 0.35 4.9272E-10
6.3096E+03 0.35 3.2648E-10
7.0795E+03 0.35 2.1694E-10
7.9433E+03 0.35 1.4310E-10
8.9125E+03 0.35 9.4267E-11
1.0000E+04 0.35 6.2201E-11
1.0000E-01 0.25 6.9872E+03
1.1220E-01 0.25 6.0572E+03
1.2589E-01 0.25 5.2375E+03
1.4125E-01 0.25 4.5116E+03
1.5849E-01 0.25 3.8537E+03
1.7783E-01 0.25 3.2675E+03
1.9953E-01 0.25 2.7454E+03
2.2387E-01 0.25 2.2777E+03
2.5119E-01 0.25 1.8772E+03
2.8184E-01 0.25 1.5407E+03
3.1623E-01 0.25 1.2593E+03
3.5481E-01 0.25 1.0260E+03
3.9811E-01 0.25 8.3179E+02
4.4668E-01 0.25 6.6914E+02
5.0119E-01 0.25 5.3519E+02
5.6234E-01 0.25 4.2685E+02
6.3096E-01 0.25 3.3896E+02
7.0795E-01 0.25 2.6772E+02
7.9433E-01 0.25 2.0996E+02
8.9125E-01 0.25 1.6374E+02
1.0000E+00 0.25 1.2793E+02
1.1220E+00 0.25 9.9302E+01
1.2589E+00 0.25 7.6355E+01
1.4125E+00 0.25 5.8599E+01
1.5849E+00 0.25 4.4867E+01
1.7783E+00 0.25 3.4175E+01
1.9953E+00 0.25 2.5769E+01
2.2387E+00 0.25 1.9314E+01
2.5119E+00 0.25 1.4436E+01
2.8184E+00 0.25 1.0702E+01
3.1623E+00 0.25 7.9359E+00
3.5481E+00 0.25 5.8410E+00
3.9811E+00 0.25 4.2659E+00
4.4668E+00 0.25 3.1107E+00
5.0119E+00 0.25 2.2629E+00
5.6234E+00 0.25 1.6334E+00
6.3096E+00 0.25 1.1767E+00
7.0795E+00 0.25 8.4593E-01
7.9433E+00 0.25 6.0708E-01
8.9125E+00 0.25 4.3227E-01
1.0000E+01 0.25 3.0690E-01
1.1220E+01 0.25 2.1868E-01
1.2589E+01 0.25 1.5562E-01
1.4125E+01 0.25 1.1021E-01
1.5849E+01 0.25 7.8182E-02
1.7783E+01 0.25 5.5402E-02
1.9953E+01 0.25 3.9201E-02
2.2387E+01 0.25 2.7809E-02
2.5119E+01 0.25 1.9688E-02
2.8184E+01 0.25 1.3831E-02
3.1623E+01 0.25 9.8275E-03
3.5481E+01 0.25 6.9463E-03
3.9811E+01 0.25 4.9137E-03
4.4668E+01 0.25 3.4804E-03
5.0119E+01 0.25 2.4579E-03
5.6234E+01 0.25 1.7320E-03
6.3096E+01 0.25 1.2222E-03
7.0795E+01 0.25 8.6248E-04
7.9433E+01 0.25 6.0751E-04
8.9125E+01 0.25 4.2639E-04
1.0000E+02 0.25 2.9998E-04
1.1220E+02 0.25 2.1067E-04
1.2589E+02 0.25 1.4778E-04
1.4125E+02 0.25 1.0350E-04
1.5849E+02 0.25 7.2332E-05
1.7783E+02 0.25 5.0582E-05
1.9953E+02 0.25 3.5328E-05
2.2387E+02 0.25 2.4599E-05
2.5119E+02 0.25 1.7109E-05
2.8184E+02 0.25 1.1924E-05
3.1623E+02 0.25 8.2836E-06
3.5481E+02 0.25 5.7566E-06
3.9811E+02 0.25 3.9978E-06
4.4668E+02 0.25 2.7701E-06
5.0119E+02 0.25 1.9205E-06
5.6234E+02 0.25 1.3306E-06
6.3096E+02 0.25 9.1930E-07
7.0795E+02 0.25 6.3551E-07
7.9433E+02 0.25 4.3834E-07
8.9125E+02 0.25 3.0156E-07
1.0000E+03 0.25 2.0834E-07
1.1220E+03 0.25 1.4327E-07
1.2589E+03 0.25 9.8328E-08
1.4125E+03 0.25 6.7425E-08
1.5849E+03 0.25 4.6257E-08
1.7783E+03 0.25 3.1657E-08
1.9953E+03 0.25 2.1605E-08
2.2387E+03 0.25 1.4687E-08
2.5119E+03 0.25 9.9734E-09
2.8184E+03 0.25 6.7797E-09
3.1623E+03 0.25 4.6522E-09
3.5481E+03 0.25 3.0894E-09
3.9811E+03 0.25 2.0842E-09
4.4668E+03 0.25 1.3975E-09
5.0119E+03 0.25 9.3572E-10
5.6234E+03 0.25 6.2507E-10
6.3096E+03 0.25 4.1760E-10
7.0795E+03 0.25 2.7900E-10
7.9433E+03 0.25 1.8549E-10
8.9125E+03 0.25 1.2257E-10
1.0000E+04 0.25 8.1047E-11
1.0000E-01 0.15 9.5600E+03
1.1220E-01 0.15 8.1805E+03
1.2589E-01 0.15 6.9759E+03
1.4125E-01 0.15 5.9125E+03
1.5849E-01 0.15 4.9767E+03
1.7783E-01 0.15 4.1476E+03
1.9953E-01 0.15 3.4311E+03
2.2387E-01 0.15 2.8036E+03
2.5119E-01 0.15 2.2750E+03
2.8184E-01 0.15 1.8443E+03
3.1623E-01 0.15 1.4807E+03
3.5481E-01 0.15 1.1823E+03
3.9811E-01 0.15 9.4111E+02
4.4668E-01 0.15 7.4760E+02
5.0119E-01 0.15 5.9180E+02
5.6234E-01 0.15 4.6491E+02
6.3096E-01 0.15 3.6388E+02
7.0795E-01 0.15 2.8491E+02
7.9433E-01 0.15 2.2270E+02
8.9125E-01 0.15 1.7275E+02
1.0000E+00 0.15 1.3376E+02
1.1220E+00 0.15 1.0328E+02
1.2589E+00 0.15 7.9340E+01
1.4125E+00 0.15 6.0919E+01
1.5849E+00 0.15 4.6687E+01
1.7783E+00 0.15 3.5343E+01
1.9953E+00 0.15 2.6698E+01
2.2387E+00 0.15 2.0201E+01
2.5119E+00 0.15 1.5120E+01
2.8184E+00 0.15 1.1272E+01
3.1623E+00 0.15 8.4434E+00
3.5481E+00 0.15 6.2487E+00
3.9811E+00 0.15 4.5909E+00
4.4668E+00 0.15 3.3868E+00
5.0119E+00 0.15 2.4820E+00
5.6234E+00 0.15 1.8111E+00
6.3096E+00 0.15 1.3117E+00
7.0795E+00 0.15 9.4729E-01
7.9433E+00 0.15 6.8634E-01
8.9125E+00 0.15 4.9567E-01
1.0000E+01 0.15 3.5108E-01
1.1220E+01 0.15 2.5105E-01
1.2589E+01 0.15 1.7978E-01
1.4125E+01 0.15 1.2809E-01
1.5849E+01 0.15 9.0395E-02
1.7783E+01 0.15 6.4057E-02
1.9953E+01 0.15 4.5651E-02
2.2387E+01 0.15 3.2435E-02
2.5119E+01 0.15 2.2999E-02
2.8184E+01 0.15 1.6354E-02
3.1623E+01 0.15 1.1562E-02
3.5481E+01 0.15 8.1850E-03
3.9811E+01 0.15 5.7951E-03
4.4668E+01 0.15 4.0963E-03
5.0119E+01 0.15 2.8974E-03
5.6234E+01 0.15 2.0510E-03
6.3096E+01 0.15 1.4451E-03
7.0795E+01 0.15 1.0197E-03
7.9433E+01 0.15 7.2032E-04
8.9125E+01 0.15 5.0759E-04
1.0000E+02 0.15 3.5757E-04
1.1220E+02 0.15 2.5130E-04
1.2589E+02 0.15 1.7669E-04
1.4125E+02 0.15 1.2399E-04
1.5849E+02 0.15 8.6972E-05
1.7783E+02 0.15 6.0958E-05
1.9953E+02 0.15 4.2606E-05
2.2387E+02 0.15 2.9789E-05
2.5119E+02 0.15 2.0862E-05
2.8184E+02 0.15 1.4513E-05
3.1623E+02 0.15 1.0093E-05
3.5481E+02 0.15 7.0282E-06
3.9811E+02 0.15 4.8866E-06
4.4668E+02 0.15 3.3887E-06
5.0119E+02 0.15 2.3508E-06
5.6234E+02 0.15 1.6357E-06
6.3096E+02 0.15 1.1331E-06
7.0795E+02 0.15 7.8518E-07
7.9433E+02 0.15 5.4294E-07
8.9125E+02 0.15 3.7482E-07
1.0000E+03 0.15 2.5904E-07
1.1220E+03 0.15 1.7818E-07
1.2589E+03 0.15 1.2261E-07
1.4125E+03 0.15 8.4367E-08
1.5849E+03 0.15 5.7928E-08
1.7783E+03 0.15 3.9901E-08
1.9953E+03 0.15 2.7417E-08
2.2387E+03 0.15 1.8698E-08
2.5119E+03 0.15 1.2772E-08
2.8184E+03 0.15 8.7414E-09
3.1623E+03 0.15 6.0040E-09
3.5481E+03 0.15 4.0392E-09
3.9811E+03 0.15 2.7348E-09
4.4668E+03 0.15 1.8506E-09
5.0119E+03 0.15 1.2529E-09
5.6234E+03 0.15 8.4547E-10
6.3096E+03 0.15 5.6667E-10
7.0795E+03 0.15 3.7813E-10
7.9433E+03 0.15 2.5289E-10
8.9125E+03 0.15 1.6909E-10
1.0000E+04 0.15 1.1239E-10
1.0000E-01 0.05 1.5498E+04
1.1220E-01 0.05 1.3018E+04
1.2589E-01 0.05 1.0914E+04
1.4125E-01 0.05 9.0949E+03
1.5849E-01 0.05 7.5297E+03
1.7783E-01 0.05 6.1803E+03
1.9953E-01 0.05 4.9839E+03
2.2387E-01 0.05 3.9818E+03
2.5119E-01 0.05 3.1725E+03
2.8184E-01 0.05 2.5011E+03
3.1623E-01 0.05 1.9618E+03
3.5481E-01 0.05 1.5378E+03
3.9811E-01 0.05 1.1991E+03
4.4668E-01 0.05 9.2916E+02
5.0119E-01 0.05 7.2049E+02
5.6234E-01 0.05 5.5945E+02
6.3096E-01 0.05 4.3306E+02
7.0795E-01 0.05 3.3501E+02
7.9433E-01 0.05 2.5682E+02
8.9125E-01 0.05 1.9750E+02
1.0000E+00 0.05 1.5027E+02
1.1220E+00 0.05 1.1480E+02
1.2589E+00 0.05 8.7087E+01
1.4125E+00 0.05 6.6125E+01
1.5849E+00 0.05 5.0336E+01
1.7783E+00 0.05 3.7867E+01
1.9953E+00 0.05 2.8363E+01
2.2387E+00 0.05 2.1618E+01
2.5119E+00 0.05 1.6431E+01
2.8184E+00 0.05 1.2080E+01
3.1623E+00 0.05 8.9443E+00
3.5481E+00 0.05 6.6120E+00
3.9811E+00 0.05 4.8637E+00
4.4668E+00 0.05 3.5918E+00
5.0119E+00 0.05 2.6521E+00
5.6234E+00 0.05 1.9466E+00
6.3096E+00 0.05 1.4170E+00
7.0795E+00 0.05 1.0259E+00
7.9433E+00 0.05 7.4242E-01
8.9125E+00 0.05 5.4147E-01
1.0000E+01 0.05 3.9246E-01
1.1220E+01 0.05 2.8325E-01
1.2589E+01 0.05 2.0381E-01
1.4125E+01 0.05 1.4717E-01
1.5849E+01 0.05 1.0548E-01
1.7783E+01 0.05 7.4903E-02
1.9953E+01 0.05 5.4340E-02
2.2387E+01 0.05 3.8769E-02
2.5119E+01 0.05 2.7544E-02
2.8184E+01 0.05 1.9666E-02
3.1623E+01 0.05 1.4141E-02
3.5481E+01 0.05 1.0046E-02
3.9811E+01 0.05 7.1337E-03
4.4668E+01 0.05 5.0608E-03
5.0119E+01 0.05 3.5871E-03
5.6234E+01 0.05 2.5411E-03
6.3096E+01 0.05 1.7969E-03
7.0795E+01 0.05 1.2703E-03
7.9433E+01 0.05 8.9621E-04
8.9125E+01 0.05 6.3203E-04
1.0000E+02 0.05 4.4624E-04
1.1220E+02 0.05 3.1423E-04
1.2589E+02 0.05 2.2107E-04
1.4125E+02 0.05 1.5529E-04
1.5849E+02 0.05 1.0902E-04
1.7783E+02 0.05 7.6411E-05
1.9953E+02 0.05 5.3499E-05
2.2387E+02 0.05 3.7394E-05
2.5119E+02 0.05 2.6124E-05
2.8184E+02 0.05 1.8246E-05
3.1623E+02 0.05 1.2722E-05
3.5481E+02 0.05 8.8530E-06
3.9811E+02 0.05 6.1570E-06
4.4668E+02 0.05 4.2821E-06
5.0119E+02 0.05 2.9745E-06
5.6234E+02 0.05 2.0669E-06
6.3096E+02 0.05 1.4297E-06
7.0795E+02 0.05 9.8919E-07
7.9433E+02 0.05 6.8430E-07
8.9125E+02 0.05 4.7328E-07
1.0000E+03 0.05 3.2722E-07
1.1220E+03 0.05 2.2542E-07
1.2589E+03 0.05 1.5547E-07
1.4125E+03 0.05 1.0709E-07
1.5849E+03 0.05 7.3653E-08
1.7783E+03 0.05 5.0759E-08
1.9953E+03 0.05 3.5066E-08
2.2387E+03 0.05 2.4054E-08
2.5119E+03 0.05 1.6452E-08
2.8184E+03 0.05 1.1263E-08
3.1623E+03 0.05 7.7669E-09
3.5481E+03 0.05 5.2681E-09
3.9811E+03 0.05 3.5830E-09
4.4668E+03 0.05 2.4411E-09
5.0119E+03 0.05 1.6595E-09
5.6234E+03 0.05 1.1235E-09
6.3096E+03 0.05 7.6072E-10
7.0795E+03 0.05 5.1279E-10
7.9433E+03 0.05 3.4495E-10
8.9125E+03 0.05 2.3108E-10
1.0000E+04 0.05 1.5478E-10
1.0000E-01 -0.05 1.6532E+04
1.1220E-01 -0.05 1.3841E+04
1.2589E-01 -0.05 1.1521E+04
1.4125E-01 -0.05 9.5688E+03
1.5849E-01 -0.05 7.9043E+03
1.7783E-01 -0.05 6.4471E+03
1.9953E-01 -0.05 5.1809E+03
2.2387E-01 -0.05 4.1245E+03
2.5119E-01 -0.05 3.2613E+03
2.8184E-01 -0.05 2.5692E+03
3.1623E-01 -0.05 2.0044E+03
3.5481E-01 -0.05 1.5533E+03
3.9811E-01 -0.05 1.2109E+03
4.4668E-01 -0.05 9.3924E+02
5.0119E-01 -0.05 7.2244E+02
5.6234E-01 -0.05 5.5360E+02
6.3096E-01 -0.05 4.2684E+02
7.0795E-01 -0.05 3.3024E+02
7.9433E-01 -0.05 2.5387E+02
8.9125E-01 -0.05 1.9331E+02
1.0000E+00 -0.05 1.4801E+02
1.1220E+00 -0.05 1.1300E+02
1.2589E+00 -0.05 8.5737E+01
1.4125E+00 -0.05 6.5353E+01
1.5849E+00 -0.05 5.0026E+01
1.7783E+00 -0.05 3.7711E+01
1.9953E+00 -0.05 2.8235E+01
2.2387E+00 -0.05 2.1350E+01
2.5119E+00 -0.05 1.6124E+01
2.8184E+00 -0.05 1.1821E+01
3.1623E+00 -0.05 8.8818E+00
3.5481E+00 -0.05 6.6059E+00
3.9811E+00 -0.05 4.8583E+00
4.4668E+00 -0.05 3.5787E+00
5.0119E+00 -0.05 2.6331E+00
5.6234E+00 -0.05 1.9342E+00
6.3096E+00 -0.05 1.4082E+00
7.0795E+00 -0.05 1.0290E+00
7.9433E+00 -0.05 7.4525E-01
8.9125E+00 -0.05 5.3800E-01
1.0000E+01 -0.05 3.9399E-01
1.1220E+01 -0.05 2.8389E-01
1.2589E+01 -0.05 2.0457E-01
1.4125E+01 -0.05 1.4775E-01
1.5849E+01 -0.05 1.0568E-01
1.7783E+01 -0.05 7.5230E-02
1.9953E+01 -0.05 5.4659E-02
2.2387E+01 -0.05 3.8811E-02
2.5119E+01 -0.05 2.7104E-02
2.8184E+01 -0.05 1.9475E-02
3.1623E+01 -0.05 1.4205E-02
3.5481E+01 -0.05 1.0105E-02
3.9811E+01 -0.05 7.1754E-03
4.4668E+01 -0.05 5.0891E-03
5.0119E+01 -0.05 3.6096E-03
5.6234E+01 -0.05 2.5570E-03
6.3096E+01 -0.05 1.8101E-03
7.0795E+01 -0.05 1.2802E-03
7.9433E+01 -0.05 9.0336E-04
8.9125E+01 -0.05 6.3748E-04
1.0000E+02 -0.05 4.5016E-04
1.1220E+02 -0.05 3.1708E-04
1.2589E+02 -0.05 2.2292E-04
1.4125E+02 -0.05 1.5660E-04
1.5849E+02 -0.05 1.0991E-04
1.7783E+02 -0.05 7.7009E-05
1.9953E+02 -0.05 5.3844E-05
2.2387E+02 -0.05 3.7671E-05
2.5119E+02 -0.05 2.6323E-05
2.8184E+02 -0.05 1.8374E-05
3.1623E+02 -0.05 1.2811E-05
3.5481E+02 -0.05 8.9115E-06
3.9811E+02 -0.05 6.1999E-06
4.4668E+02 -0.05 4.3058E-06
5.0119E+02 -0.05 2.9852E-06
5.6234E+02 -0.05 2.0741E-06
6.3096E+02 -0.05 1.4375E-06
7.0795E+02 -0.05 9.9406E-07
7.9433E+02 -0.05 6.8774E-07
8.9125E+02 -0.05 4.7510E-07
1.0000E+03 -0.05 3.2783E-07
1.1220E+03 -0.05 2.2613E-07
1.2589E+03 -0.05 1.5598E-07
1.4125E+03 -0.05 1.0739E-07
1.5849E+03 -0.05 7.4049E-08
1.7783E+03 -0.05 5.0940E-08
1.9953E+03 -0.05 3.5017E-08
2.2387E+03 -0.05 2.4051E-08
2.5119E+03 -0.05 1.6508E-08
2.8184E+03 -0.05 1.1291E-08
3.1623E+03 -0.05 7.7589E-09
3.5481E+03 -0.05 5.2653E-09
3.9811E+03 -0.05 3.5938E-09
4.4668E+03 -0.05 2.4418E-09
5.0119E+03 -0.05 1.6586E-09
5.6234E+03 -0.05 1.1245E-09
6.3096E+03 -0.05 7.5953E-10
7.0795E+03 -0.05 5.1272E-10
7.9433E+03 -0.05 3.4519E-10
8.9125E+03 -0.05 2.3126E-10
1.0000E+04 -0.05 1.5470E-10
1.0000E-01 -0.15 1.1747E+04
1.1220E-01 -0.15 9.9537E+03
1.2589E-01 -0.15 8.3943E+03
1.4125E-01 -0.15 7.0366E+03
1.5849E-01 -0.15 5.8618E+03
1.7783E-01 -0.15 4.8329E+03
1.9953E-01 -0.15 3.9412E+03
2.2387E-01 -0.15 3.1869E+03
2.5119E-01 -0.15 2.5599E+03
2.8184E-01 -0.15 2.0334E+03
3.1623E-01 -0.15 1.6093E+03
3.5481E-01 -0.15 1.2701E+03
3.9811E-01 -0.15 9.9657E+02
4.4668E-01 -0.15 7.8113E+02
5.0119E-01 -0.15 6.1115E+02
5.6234E-01 -0.15 4.7749E+02
6.3096E-01 -0.15 3.7026E+02
7.0795E-01 -0.15 2.8615E+02
7.9433E-01 -0.15 2.2175E+02
8.9125E-01 -0.15 1.7067E+02
1.0000E+00 -0.15 1.3189E+02
1.1220E+00 -0.15 1.0181E+02
1.2589E+00 -0.15 7.8184E+01
1.4125E+00 -0.15 5.9895E+01
1.5849E+00 -0.15 4.5590E+01
1.7783E+00 -0.15 3.4667E+01
1.9953E+00 -0.15 2.6284E+01
2.2387E+00 -0.15 1.9845E+01
2.5119E+00 -0.15 1.5010E+01
2.8184E+00 -0.15 1.1216E+01
3.1623E+00 -0.15 8.2868E+00
3.5481E+00 -0.15 6.1560E+00
3.9811E+00 -0.15 4.5491E+00
4.4668E+00 -0.15 3.3452E+00
5.0119E+00 -0.15 2.4584E+00
5.6234E+00 -0.15 1.7937E+00
6.3096E+00 -0.15 1.3059E+00
7.0795E+00 -0.15 9.4585E-01
7.9433E+00 -0.15 6.7849E-01
8.9125E+00 -0.15 4.9033E-01
1.0000E+01 -0.15 3.5125E-01
1.1220E+01 -0.15 2.5099E-01
1.2589E+01 -0.15 1.7895E-01
1.4125E+01 -0.15 1.2783E-01
1.5849E+01 -0.15 9.1524E-02
1.7783E+01 -0.15 6.4752E-02
1.9953E+01 -0.15 4.5745E-02
2.2387E+01 -0.15 3.2455E-02
2.5119E+01 -0.15 2.2870E-02
2.8184E+01 -0.15 1.6287E-02
3.1623E+01 -0.15 1.1592E-02
3.5481E+01 -0.15 8.2109E-03
3.9811E+01 -0.15 5.8158E-03
4.4668E+01 -0.15 4.1148E-03
5.0119E+01 -0.15 2.9104E-03
5.6234E+01 -0.15 2.0552E-03
6.3096E+01 -0.15 1.4506E-03
7.0795E+01 -0.15 1.0243E-03
7.9433E+01 -0.15 7.2327E-04
8.9125E+01 -0.15 5.0998E-04
1.0000E+02 -0.15 3.5877E-04
1.1220E+02 -0.15 2.5218E-04
1.2589E+02 -0.15 1.7705E-04
1.4125E+02 -0.15 1.2432E-04
1.5849E+02 -0.15 8.7244E-05
1.7783E+02 -0.15 6.1104E-05
1.9953E+02 -0.15 4.2682E-05
2.2387E+02 -0.15 2.9775E-05
2.5119E+02 -0.15 2.0800E-05
2.8184E+02 -0.15 1.4519E-05
3.1623E+02 -0.15 1.0092E-05
3.5481E+02 -0.15 7.0204E-06
3.9811E+02 -0.15 4.8822E-06
4.4668E+02 -0.15 3.3952E-06
5.0119E+02 -0.15 2.3573E-06
5.6234E+02 -0.15 1.6387E-06
6.3096E+02 -0.15 1.1331E-06
7.0795E+02 -0.15 7.8359E-07
7.9433E+02 -0.15 5.4170E-07
8.9125E+02 -0.15 3.7481E-07
1.0000E+03 -0.15 2.5914E-07
1.1220E+03 -0.15 1.7836E-07
1.2589E+03 -0.15 1.2289E-07
1.4125E+03 -0.15 8.4550E-08
1.5849E+03 -0.15 5.8077E-08
1.7783E+03 -0.15 3.9912E-08
1.9953E+03 -0.15 2.7424E-08
2.2387E+03 -0.15 1.8758E-08
2.5119E+03 -0.15 1.2838E-08
2.8184E+03 -0.15 8.7716E-09
3.1623E+03 -0.15 5.9967E-09
3.5481E+03 -0.15 4.0395E-09
3.9811E+03 -0.15 2.7379E-09
4.4668E+03 -0.15 1.8463E-09
5.0119E+03 -0.15 1.2494E-09
5.6234E+03 -0.15 8.4539E-10
6.3096E+03 -0.15 5.6562E-10
7.0795E+03 -0.15 3.7890E-10
7.9433E+03 -0.15 2.5334E-10
8.9125E+03 -0.15 1.6885E-10
1.0000E+04 -0.15 1.1235E-10
1.0000E-01 -0.25 9.3401E+03
1.1220E-01 -0.25 7.9836E+03
1.2589E-01 -0.25 6.8159E+03
1.4125E-01 -0.25 5.7872E+03
1.5849E-01 -0.25 4.8645E+03
1.7783E-01 -0.25 4.0498E+03
1.9953E-01 -0.25 3.3393E+03
2.2387E-01 -0.25 2.7310E+03
2.5119E-01 -0.25 2.2176E+03
2.8184E-01 -0.25 1.7855E+03
3.1623E-01 -0.25 1.4269E+03
3.5481E-01 -0.25 1.1378E+03
3.9811E-01 -0.25 9.0610E+02
4.4668E-01 -0.25 7.1923E+02
5.0119E-01 -0.25 5.6553E+02
5.6234E-01 -0.25 4.4316E+02
6.3096E-01 -0.25 3.4831E+02
7.0795E-01 -0.25 2.7194E+02
7.9433E-01 -0.25 2.1126E+02
8.9125E-01 -0.25 1.6391E+02
1.0000E+00 -0.25 1.2684E+02
1.1220E+00 -0.25 9.7887E+01
1.2589E+00 -0.25 7.5364E+01
1.4125E+00 -0.25 5.7660E+01
1.5849E+00 -0.25 4.3793E+01
1.7783E+00 -0.25 3.3274E+01
1.9953E+00 -0.25 2.5158E+01
2.2387E+00 -0.25 1.8915E+01
2.5119E+00 -0.25 1.4182E+01
2.8184E+00 -0.25 1.0555E+01
3.1623E+00 -0.25 7.8026E+00
3.5481E+00 -0.25 5.7496E+00
3.9811E+00 -0.25 4.2267E+00
4.4668E+00 -0.25 3.0917E+00
5.0119E+00 -0.25 2.2454E+00
5.6234E+00 -0.25 1.6234E+00
6.3096E+00 -0.25 1.1731E+00
7.0795E+00 -0.25 8.4240E-01
7.9433E+00 -0.25 6.0141E-01
8.9125E+00 -0.25 4.2894E-01
1.0000E+01 -0.25 3.0725E-01
1.1220E+01 -0.25 2.1820E-01
1.2589E+01 -0.25 1.5532E-01
1.4125E+01 -0.25 1.1043E-01
1.5849E+01 -0.25 7.8380E-02
1.7783E+01 -0.25 5.5186E-02
1.9953E+01 -0.25 3.9135E-02
2.2387E+01 -0.25 2.7907E-02
2.5119E+01 -0.25 1.9651E-02
2.8184E+01 -0.25 1.3944E-02
3.1623E+01 -0.25 9.8439E-03
3.5481E+01 -0.25 6.9665E-03
3.9811E+01 -0.25 4.9243E-03
4.4668E+01 -0.25 3.4822E-03
5.0119E+01 -0.25 2.4608E-03
5.6234E+01 -0.25 1.7353E-03
6.3096E+01 -0.25 1.2228E-03
7.0795E+01 -0.25 8.6274E-04
7.9433E+01 -0.25 6.0675E-04
8.9125E+01 -0.25 4.2601E-04
1.0000E+02 -0.25 3.0045E-04
1.1220E+02 -0.25 2.1086E-04
1.2589E+02 -0.25 1.4776E-04
1.4125E+02 -0.25 1.0344E-04
1.5849E+02 -0.25 7.2399E-05
1.7783E+02 -0.25 5.0598E-05
1.9953E+02 -0.25 3.5294E-05
2.2387E+02 -0.25 2.4584E-05
2.5119E+02 -0.25 1.7129E-05
2.8184E+02 -0.25 1.1914E-05
3.1623E+02 -0.25 8.2864E-06
3.5481E+02 -0.25 5.7513E-06
3.9811E+02 -0.25 3.9911E-06
4.4668E+02 -0.25 2.7694E-06
5.0119E+02 -0.25 1.9194E-06
5.6234E+02 -0.25 1.3283E-06
6.3096E+02 -0.25 9.1683E-07
7.0795E+02 -0.25 6.3345E-07
7.9433E+02 -0.25 4.3787E-07
8.9125E+02 -0.25 3.0254E-07
1.0000E+03 -0.25 2.0864E-07
1.1220E+03 -0.25 1.4309E-07
1.2589E+03 -0.25 9.8216E-08
1.4125E+03 -0.25 6.7174E-08
1.5849E+03 -0.25 4.5903E-08
1.7783E+03 -0.25 3.1411E-08
1.9953E+03 -0.25 2.1538E-08
2.2387E+03 -0.25 1.4685E-08
2.5119E+03 -0.25 9.9801E-09
2.8184E+03 -0.25 6.7630E-09
3.1623E+03 -0.25 4.6398E-09
3.5481E+03 -0.25 3.0900E-09
3.9811E+03 -0.25 2.0788E-09
4.4668E+03 -0.25 1.3965E-09
5.0119E+03 -0.25 9.3729E-10
5.6234E+03 -0.25 6.2870E-10
6.3096E+03 -0.25 4.1921E-10
7.0795E+03 -0.25 2.7877E-10
7.9433E+03 -0.25 1.8457E-10
8.9125E+03 -0.25 1.2224E-10
1.0000E+04 -0.25 8.0971E-11
1.0000E-01 -0.35 7.8082E+03
1.1220E-01 -0.35 6.7478E+03
1.2589E-01 -0.35 5.8148E+03
1.4125E-01 -0.35 4.9935E+03
1.5849E-01 -0.35 4.2523E+03
1.7783E-01 -0.35 3.5766E+03
1.9953E-01 -0.35 2.9858E+03
2.2387E-01 -0.35 2.4691E+03
2.5119E-01 -0.35 2.0215E+03
2.8184E-01 -0.35 1.6437E+03
3.1623E-01 -0.35 1.3315E+03
3.5481E-01 -0.35 1.0756E+03
3.9811E-01 -0.35 8.6222E+02
4.4668E-01 -0.35 6.8464E+02
5.0119E-01 -0.35 5.4255E+02
5.6234E-01 -0.35 4.2910E+02
6.3096E-01 -0.35 3.3673E+02
7.0795E-01 -0.35 2.6353E+02
7.9433E-01 -0.35 2.0591E+02
8.9125E-01 -0.35 1.5954E+02
1.0000E+00 -0.35 1.2354E+02
1.1220E+00 -0.35 9.5107E+01
1.2589E+00 -0.35 7.2931E+01
1.4125E+00 -0.35 5.5820E+01
1.5849E+00 -0.35 4.2531E+01
1.7783E+00 -0.35 3.2081E+01
1.9953E+00 -0.35 2.4056E+01
2.2387E+00 -0.35 1.8028E+01
2.5119E+00 -0.35 1.3422E+01
2.8184E+00 -0.35 9.9278E+00
3.1623E+00 -0.35 7.3020E+00
3.5481E+00 -0.35 5.3438E+00
3.9811E+00 -0.35 3.8959E+00
4.4668E+00 -0.35 2.8349E+00
5.0119E+00 -0.35 2.0548E+00
5.6234E+00 -0.35 1.4831E+00
6.3096E+00 -0.35 1.0659E+00
7.0795E+00 -0.35 7.6072E-01
7.9433E+00 -0.35 5.4241E-01
8.9125E+00 -0.35 3.8814E-01
1.0000E+01 -0.35 2.7523E-01
1.1220E+01 -0.35 1.9522E-01
1.2589E+01 -0.35 1.3814E-01
1.4125E+01 -0.35 9.7567E-02
1.5849E+01 -0.35 6.9137E-02
1.7783E+01 -0.35 4.9039E-02
1.9953E+01 -0.35 3.4742E-02
2.2387E+01 -0.35 2.4634E-02
2.5119E+01 -0.35 1.7381E-02
2.8184E+01 -0.35 1.2277E-02
3.1623E+01 -0.35 8.7332E-03
3.5481E+01 -0.35 6.1725E-03
3.9811E+01 -0.35 4.3594E-03
4.4668E+01 -0.35 3.0748E-03
5.0119E+01 -0.35 2.1696E-03
5.6234E+01 -0.35 1.5306E-03
6.3096E+01 -0.35 1.0774E-03
7.0795E+01 -0.35 7.5739E-04
7.9433E+01 -0.35 5.3216E-04
8.9125E+01 -0.35 3.7370E-04
1.0000E+02 -0.35 2.6273E-04
1.1220E+02 -0.35 1.8398E-04
1.2589E+02 -0.35 1.2862E-04
1.4125E+02 -0.35 8.9917E-05
1.5849E+02 -0.35 6.2720E-05
1.7783E+02 -0.35 4.3693E-05
1.9953E+02 -0.35 3.0435E-05
2.2387E+02 -0.35 2.1146E-05
2.5119E+02 -0.35 1.4675E-05
2.8184E+02 -0.35 1.0223E-05
3.1623E+02 -0.35 7.0966E-06
3.5481E+02 -0.35 4.9094E-06
3.9811E+02 -0.35 3.4011E-06
4.4668E+02 -0.35 2.3538E-06
5.0119E+02 -0.35 1.6273E-06
5.6234E+02 -0.35 1.1301E-06
6.3096E+02 -0.35 7.7815E-07
7.0795E+02 -0.35 5.3507E-07
7.9433E+02 -0.35 3.6860E-07
8.9125E+02 -0.35 2.5377E-07
1.0000E+03 -0.35 1.7494E-07
1.1220E+03 -0.35 1.1958E-07
1.2589E+03 -0.35 8.1765E-08
1.4125E+03 -0.35 5.5741E-08
1.5849E+03 -0.35 3.8036E-08
1.7783E+03 -0.35 2.5981E-08
1.9953E+03 -0.35 1.7656E-08
2.2387E+03 -0.35 1.1956E-08
2.5119E+03 -0.35 8.0852E-09
2.8184E+03 -0.35 5.4638E-09
3.1623E+03 -0.35 3.7570E-09
3.5481E+03 -0.35 2.4678E-09
3.9811E+03 -0.35 1.6486E-09
4.4668E+03 -0.35 1.1022E-09
5.0119E+03 -0.35 7.3791E-10
5.6234E+03 -0.35 4.9129E-10
6.3096E+03 -0.35 3.2512E-10
7.0795E+03 -0.35 2.1475E-10
7.9433E+03 -0.35 1.4214E-10
8.9125E+03 -0.35 9.4051E-11
1.0000E+04 -0.35 6.1672E-11
1.0000E-01 -0.45 6.9978E+03
1.1220E-01 -0.45 6.1285E+03
1.2589E-01 -0.45 5.3390E+03
1.4125E-01 -0.45 4.6287E+03
1.5849E-01 -0.45 3.9824E+03
1.7783E-01 -0.45 3.3865E+03
1.9953E-01 -0.45 2.8521E+03
2.2387E-01 -0.45 2.3845E+03
2.5119E-01 -0.45 1.9741E+03
2.8184E-01 -0.45 1.6163E+03
3.1623E-01 -0.45 1.3176E+03
3.5481E-01 -0.45 1.0706E+03
3.9811E-01 -0.45 8.6219E+02
4.4668E-01 -0.45 6.8960E+02
5.0119E-01 -0.45 5.4850E+02
5.6234E-01 -0.45 4.3442E+02
6.3096E-01 -0.45 3.4155E+02
7.0795E-01 -0.45 2.6637E+02
7.9433E-01 -0.45 2.0749E+02
8.9125E-01 -0.45 1.6074E+02
1.0000E+00 -0.45 1.2414E+02
1.1220E+00 -0.45 9.5412E+01
1.2589E+00 -0.45 7.2873E+01
1.4125E+00 -0.45 5.5359E+01
1.5849E+00 -0.45 4.1833E+01
1.7783E+00 -0.45 3.1474E+01
1.9953E+00 -0.45 2.3557E+01
2.2387E+00 -0.45 1.7491E+01
2.5119E+00 -0.45 1.2898E+01
2.8184E+00 -0.45 9.4839E+00
3.1623E+00 -0.45 6.9475E+00
3.5481E+00 -0.45 5.0594E+00
3.9811E+00 -0.45 3.6684E+00
4.4668E+00 -0.45 2.6575E+00
5.0119E+00 -0.45 1.9131E+00
5.6234E+00 -0.45 1.3726E+00
6.3096E+00 -0.45 9.8432E-01
7.0795E+00 -0.45 7.0291E-01
7.9433E+00 -0.45 5.0124E-01
8.9125E+00 -0.45 3.5653E-01
1.0000E+01 -0.45 2.5198E-01
1.1220E+01 -0.45 1.7877E-01
1.2589E+01 -0.45 1.2652E-01
1.4125E+01 -0.45 8.9785E-02
1.5849E+01 -0.45 6.3524E-02
1.7783E+01 -0.45 4.4781E-02
1.9953E+01 -0.45 3.1737E-02
2.2387E+01 -0.45 2.2504E-02
2.5119E+01 -0.45 1.5945E-02
2.8184E+01 -0.45 1.1256E-02
3.1623E+01 -0.45 7.9663E-03
3.5481E+01 -0.45 5.6277E-03
3.9811E+01 -0.45 3.9721E-03
4.4668E+01 -0.45 2.8033E-03
5.0119E+01 -0.45 1.9758E-03
5.6234E+01 -0.45 1.3893E-03
6.3096E+01 -0.45 9.7674E-04
7.0795E+01 -0.45 6.8653E-04
7.9433E+01 -0.45 4.8147E-04
8.9125E+01 -0.45 3.3742E-04
1.0000E+02 -0.45 2.3589E-04
1.1220E+02 -0.45 1.6471E-04
1.2589E+02 -0.45 1.1507E-04
1.4125E+02 -0.45 8.0300E-05
1.5849E+02 -0.45 5.5884E-05
1.7783E+02 -0.45 3.8813E-05
1.9953E+02 -0.45 2.6981E-05
2.2387E+02 -0.45 1.8818E-05
2.5119E+02 -0.45 1.3074E-05
2.8184E+02 -0.45 9.0173E-06
3.1623E+02 -0.45 6.2669E-06
3.5481E+02 -0.45 4.3335E-06
3.9811E+02 -0.45 3.0003E-06
4.4668E+02 -0.45 2.0762E-06
5.0119E+02 -0.45 1.4327E-06
5.6234E+02 -0.45 9.9106E-07
6.3096E+02 -0.45 6.8087E-07
7.0795E+02 -0.45 4.6826E-07
7.9433E+02 -0.45 3.2165E-07
8.9125E+02 -0.45 2.2090E-07
1.0000E+03 -0.45 1.5197E-07
1.1220E+03 -0.45 1.0337E-07
1.2589E+03 -0.45 7.0398E-08
1.4125E+03 -0.45 4.7918E-08
1.5849E+03 -0.45 3.2569E-08
1.7783E+03 -0.45 2.2061E-08
1.9953E+03 -0.45 1.4958E-08
2.2387E+03 -0.45 1.0104E-08
2.5119E+03 -0.45 6.8123E-09
2.8184E+03 -0.45 4.5689E-09
3.1623E+03 -0.45 3.1292E-09
3.5481E+03 -0.45 2.0406E-09
3.9811E+03 -0.45 1.3597E-09
4.4668E+03 -0.45 9.0498E-10
5.0119E+03 -0.45 6.0228E-10
5.6234E+03 -0.45 3.9956E-10
6.3096E+03 -0.45 2.6393E-10
7.0795E+03 -0.45 1.7429E-10
7.9433E+03 -0.45 1.1515E-10
8.9125E+03 -0.45 7.5924E-11
1.0000E+04 -0.45 4.9597E-11
1.0000E-01 -0.55 6.9904E+03
1.1220E-01 -0.55 6.1848E+03
1.2589E-01 -0.55 5.4468E+03
1.4125E-01 -0.55 4.7641E+03
1.5849E-01 -0.55 4.1245E+03
1.7783E-01 -0.55 3.5316E+03
1.9953E-01 -0.55 2.9979E+03
2.2387E-01 -0.55 2.5186E+03
2.5119E-01 -0.55 2.0949E+03
2.8184E-01 -0.55 1.7271E+03
3.1623E-01 -0.55 1.4121E+03
3.5481E-01 -0.55 1.1454E+03
3.9811E-01 -0.55 9.2369E+02
4.4668E-01 -0.55 7.3842E+02
5.0119E-01 -0.55 5.8601E+02
5.6234E-01 -0.55 4.6213E+02
6.3096E-01 -0.55 3.6060E+02
7.0795E-01 -0.55 2.8023E+02
7.9433E-01 -0.55 2.1755E+02
8.9125E-01 -0.55 1.6762E+02
1.0000E+00 -0.55 1.2819E+02
1.1220E+00 -0.55 9.7724E+01
1.2589E+00 -0.55 7.4175E+01
1.4125E+00 -0.55 5.5848E+01
1.5849E+00 -0.55 4.1852E+01
1.7783E+00 -0.55 3.1204E+01
1.9953E+00 -0.55 2.3163E+01
2.2387E+00 -0.55 1.7127E+01
2.5119E+00 -0.55 1.2558E+01
2.8184E+00 -0.55 9.1474E+00
3.1623E+00 -0.55 6.6598E+00
3.5481E+00 -0.55 4.8257E+00
3.9811E+00 -0.55 3.4789E+00
4.4668E+00 -0.55 2.5041E+00
5.0119E+00 -0.55 1.8016E+00
5.6234E+00 -0.55 1.2868E+00
6.3096E+00 -0.55 9.1699E-01
7.0795E+00 -0.55 6.5521E-01
7.9433E+00 -0.55 4.6545E-01
8.9125E+00 -0.55 3.3007E-01
1.0000E+01 -0.55 2.3491E-01
1.1220E+01 -0.55 1.6659E-01
1.2589E+01 -0.55 1.1819E-01
1.4125E+01 -0.55 8.3504E-02
1.5849E+01 -0.55 5.9146E-02
1.7783E+01 -0.55 4.2095E-02
1.9953E+01 -0.55 2.9777E-02
2.2387E+01 -0.55 2.0965E-02
2.5119E+01 -0.55 1.4833E-02
2.8184E+01 -0.55 1.0475E-02
3.1623E+01 -0.55 7.4021E-03
3.5481E+01 -0.55 5.2188E-03
3.9811E+01 -0.55 3.6788E-03
4.4668E+01 -0.55 2.5935E-03
5.0119E+01 -0.55 1.8240E-03
5.6234E+01 -0.55 1.2826E-03
6.3096E+01 -0.55 9.0113E-04
7.0795E+01 -0.55 6.3098E-04
7.9433E+01 -0.55 4.4162E-04
8.9125E+01 -0.55 3.0930E-04
1.0000E+02 -0.55 2.1635E-04
1.1220E+02 -0.55 1.5095E-04
1.2589E+02 -0.55 1.0527E-04
1.4125E+02 -0.55 7.3203E-05
1.5849E+02 -0.55 5.0921E-05
1.7783E+02 -0.55 3.5412E-05
1.9953E+02 -0.55 2.4614E-05
2.2387E+02 -0.55 1.7075E-05
2.5119E+02 -0.55 1.1830E-05
2.8184E+02 -0.55 8.1978E-06
3.1623E+02 -0.55 5.6741E-06
3.5481E+02 -0.55 3.9178E-06
3.9811E+02 -0.55 2.7092E-06
4.4668E+02 -0.55 1.8702E-06
5.0119E+02 -0.55 1.2911E-06
5.6234E+02 -0.55 8.9145E-07
6.3096E+02 -0.55 6.1142E-07
7.0795E+02 -0.55 4.1936E-07
7.9433E+02 -0.55 2.8736E-07
8.9125E+02 -0.55 1.9648E-07
1.0000E+03 -0.55 1.3477E-07
1.1220E+03 -0.55 9.1237E-08
1.2589E+03 -0.55 6.2076E-08
1.4125E+03 -0.55 4.2173E-08
1.5849E+03 -0.55 2.8522E-08
1.7783E+03 -0.55 1.9247E-08
1.9953E+03 -0.55 1.3001E-08
2.2387E+03 -0.55 8.7292E-09
2.5119E+03 -0.55 5.8696E-09
2.8184E+03 -0.55 3.9340E-09
3.1623E+03 -0.55 2.6945E-09
3.5481E+03 -0.55 1.7479E-09
3.9811E+03 -0.55 1.1646E-09
4.4668E+03 -0.55 7.7248E-10
5.0119E+03 -0.55 5.0886E-10
5.6234E+03 -0.55 3.3641E-10
6.3096E+03 -0.55 2.2301E-10
7.0795E+03 -0.55 1.4695E-10
7.9433E+03 -0.55 9.7163E-11
8.9125E+03 -0.55 6.3814E-11
1.0000E+04 -0.55 4.1718E-11
1.0000E-01 -0.65 7.3157E+03
1.1220E-01 -0.65 6.5066E+03
1.2589E-01 -0.65 5.7671E+03
1.4125E-01 -0.65 5.0645E+03
1.5849E-01 -0.65 4.3983E+03
1.7783E-01 -0.65 3.7803E+03
1.9953E-01 -0.65 3.2137E+03
2.2387E-01 -0.65 2.7040E+03
2.5119E-01 -0.65 2.2487E+03
2.8184E-01 -0.65 1.8521E+03
3.1623E-01 -0.65 1.5125E+03
3.5481E-01 -0.65 1.2229E+03
3.9811E-01 -0.65 9.8068E+02
4.4668E-01 -0.65 7.7938E+02
5.0119E-01 -0.65 6.1429E+02
5.6234E-01 -0.65 4.8036E+02
6.3096E-01 -0.65 3.7402E+02
7.0795E-01 -0.65 2.8937E+02
7.9433E-01 -0.65 2.2227E+02
8.9125E-01 -0.65 1.6994E+02
1.0000E+00 -0.65 1.2911E+02
1.1220E+00 -0.65 9.7636E+01
1.2589E+00 -0.65 7.3710E+01
1.4125E+00 -0.65 5.5339E+01
1.5849E+00 -0.65 4.1205E+01
1.7783E+00 -0.65 3.0571E+01
1.9953E+00 -0.65 2.2572E+01
2.2387E+00 -0.65 1.6576E+01
2.5119E+00 -0.65 1.2114E+01
2.8184E+00 -0.65 8.8229E+00
3.1623E+00 -0.65 6.3818E+00
3.5481E+00 -0.65 4.6060E+00
3.9811E+00 -0.65 3.3145E+00
4.4668E+00 -0.65 2.3801E+00
5.0119E+00 -0.65 1.7048E+00
5.6234E+00 -0.65 1.2180E+00
6.3096E+00 -0.65 8.7182E-01
7.0795E+00 -0.65 6.2148E-01
7.9433E+00 -0.65 4.3995E-01
8.9125E+00 -0.65 3.1121E-01
1.0000E+01 -0.65 2.2128E-01
1.1220E+01 -0.65 1.5684E-01
1.2589E+01 -0.65 1.1085E-01
1.4125E+01 -0.65 7.8519E-02
1.5849E+01 -0.65 5.5741E-02
1.7783E+01 -0.65 3.9376E-02
1.9953E+01 -0.65 2.7819E-02
2.2387E+01 -0.65 1.9660E-02
2.5119E+01 -0.65 1.3899E-02
2.8184E+01 -0.65 9.7860E-03
3.1623E+01 -0.65 6.9578E-03
3.5481E+01 -0.65 4.9050E-03
3.9811E+01 -0.65 3.4573E-03
4.4668E+01 -0.65 2.4340E-03
5.0119E+01 -0.65 1.7105E-03
5.6234E+01 -0.65 1.2011E-03
6.3096E+01 -0.65 8.4249E-04
7.0795E+01 -0.65 5.8962E-04
7.9433E+01 -0.65 4.1218E-04
8.9125E+01 -0.65 2.8788E-04
1.0000E+02 -0.65 2.0124E-04
1.1220E+02 -0.65 1.4013E-04
1.2589E+02 -0.65 9.7529E-05
1.4125E+02 -0.65 6.7843E-05
1.5849E+02 -0.65 4.7174E-05
1.7783E+02 -0.65 3.2762E-05
1.9953E+02 -0.65 2.2719E-05
2.2387E+02 -0.65 1.5791E-05
2.5119E+02 -0.65 1.0942E-05
2.8184E+02 -0.65 7.5353E-06
3.1623E+02 -0.65 5.2249E-06
3.5481E+02 -0.65 3.6027E-06
3.9811E+02 -0.65 2.4898E-06
4.4668E+02 -0.65 1.7163E-06
5.0119E+02 -0.65 1.1783E-06
5.6234E+02 -0.65 8.1333E-07
6.3096E+02 -0.65 5.5566E-07
7.0795E+02 -0.65 3.8054E-07
7.9433E+02 -0.65 2.5990E-07
8.9125E+02 -0.65 1.7754E-07
1.0000E+03 -0.65 1.2215E-07
1.1220E+03 -0.65 8.2443E-08
1.2589E+03 -0.65 5.5908E-08
1.4125E+03 -0.65 3.7779E-08
1.5849E+03 -0.65 2.5427E-08
1.7783E+03 -0.65 1.7148E-08
1.9953E+03 -0.65 1.1604E-08
2.2387E+03 -0.65 7.7527E-09
2.5119E+03 -0.65 5.1747E-09
2.8184E+03 -0.65 3.4698E-09
3.1623E+03 -0.65 2.3659E-09
3.5481E+03 -0.65 1.5343E-09
3.9811E+03 -0.65 1.0182E-09
4.4668E+03 -0.65 6.7325E-10
5.0119E+03 -0.65 4.4387E-10
5.6234E+03 -0.65 2.9295E-10
6.3096E+03 -0.65 1.9367E-10
7.0795E+03 -0.65 1.2730E-10
7.9433E+03 -0.65 8.3547E-11
8.9125E+03 -0.65 5.4597E-11
1.0000E+04 -0.65 3.5663E-11
1.0000E-01 -0.75 7.0186E+03
1.1220E-01 -0.75 6.2929E+03
1.2589E-01 -0.75 5.5930E+03
1.4125E-01 -0.75 4.9334E+03
1.5849E-01 -0.75 4.3132E+03
1.7783E-01 -0.75 3.7266E+03
1.9953E-01 -0.75 3.1754E+03
2.2387E-01 -0.75 2.6762E+03
2.5119E-01 -0.75 2.2310E+03
2.8184E-01 -0.75 1.8382E+03
3.1623E-01 -0.75 1.5022E+03
3.5481E-01 -0.75 1.2168E+03
3.9811E-01 -0.75 9.7540E+02
4.4668E-01 -0.75 7.7552E+02
5.0119E-01 -0.75 6.1039E+02
5.6234E-01 -0.75 4.7760E+02
6.3096E-01 -0.75 3.7156E+02
7.0795E-01 -0.75 2.8610E+02
7.9433E-01 -0.75 2.1929E+02
8.9125E-01 -0.75 1.6725E+02
1.0000E+00 -0.75 1.2699E+02
1.1220E+00 -0.75 9.5949E+01
1.2589E+00 -0.75 7.2067E+01
1.4125E+00 -0.75 5.3828E+01
1.5849E+00 -0.75 4.0027E+01
1.7783E+00 -0.75 2.9652E+01
1.9953E+00 -0.75 2.1859E+01
2.2387E+00 -0.75 1.5978E+01
2.5119E+00 -0.75 1.1645E+01
2.8184E+00 -0.75 8.4635E+00
3.1623E+00 -0.75 6.1116E+00
3.5481E+00 -0.75 4.4056E+00
3.9811E+00 -0.75 3.1704E+00
4.4668E+00 -0.75 2.2754E+00
5.0119E+00 -0.75 1.6269E+00
5.6234E+00 -0.75 1.1620E+00
6.3096E+00 -0.75 8.2874E-01
7.0795E+00 -0.75 5.8900E-01
7.9433E+00 -0.75 4.1924E-01
8.9125E+00 -0.75 2.9693E-01
1.0000E+01 -0.75 2.1127E-01
1.1220E+01 -0.75 1.4982E-01
1.2589E+01 -0.75 1.0601E-01
1.4125E+01 -0.75 7.4852E-02
1.5849E+01 -0.75 5.2931E-02
1.7783E+01 -0.75 3.7474E-02
1.9953E+01 -0.75 2.6552E-02
2.2387E+01 -0.75 1.8770E-02
2.5119E+01 -0.75 1.3277E-02
2.8184E+01 -0.75 9.3578E-03
3.1623E+01 -0.75 6.5879E-03
3.5481E+01 -0.75 4.6371E-03
3.9811E+01 -0.75 3.2657E-03
4.4668E+01 -0.75 2.2967E-03
5.0119E+01 -0.75 1.6133E-03
5.6234E+01 -0.75 1.1304E-03
6.3096E+01 -0.75 7.9089E-04
7.0795E+01 -0.75 5.5319E-04
7.9433E+01 -0.75 3.8669E-04
8.9125E+01 -0.75 2.7016E-04
1.0000E+02 -0.75 1.8849E-04
1.1220E+02 -0.75 1.3106E-04
1.2589E+02 -0.75 9.1259E-05
1.4125E+02 -0.75 6.3530E-05
1.5849E+02 -0.75 4.4033E-05
1.7783E+02 -0.75 3.0494E-05
1.9953E+02 -0.75 2.1173E-05
2.2387E+02 -0.75 1.4648E-05
2.5119E+02 -0.75 1.0127E-05
2.8184E+02 -0.75 7.0288E-06
3.1623E+02 -0.75 4.8618E-06
3.5481E+02 -0.75 3.3422E-06
3.9811E+02 -0.75 2.3025E-06
4.4668E+02 -0.75 1.5860E-06
5.0119E+02 -0.75 1.0891E-06
5.6234E+02 -0.75 7.5244E-07
6.3096E+02 -0.75 5.1238E-07
7.0795E+02 -0.75 3.4986E-07
7.9433E+02 -0.75 2.3921E-07
8.9125E+02 -0.75 1.6245E-07
1.0000E+03 -0.75 1.1122E-07
1.1220E+03 -0.75 7.4967E-08
1.2589E+03 -0.75 5.0819E-08
1.4125E+03 -0.75 3.4184E-08
1.5849E+03 -0.75 2.2944E-08
1.7783E+03 -0.75 1.5393E-08
1.9953E+03 -0.75 1.0425E-08
2.2387E+03 -0.75 6.9785E-09
2.5119E+03 -0.75 4.6519E-09
2.8184E+03 -0.75 3.0915E-09
3.1623E+03 -0.75 2.1088E-09
3.5481E+03 -0.75 1.3592E-09
3.9811E+03 -0.75 8.9971E-10
4.4668E+03 -0.75 5.9565E-10
5.0119E+03 -0.75 3.9221E-10
5.6234E+03 -0.75 2.5803E-10
6.3096E+03 -0.75 1.7072E-10
7.0795E+03 -0.75 1.1213E-10
7.9433E+03 -0.75 7.3539E-11
8.9125E+03 -0.75 4.8107E-11
1.0000E+04 -0.75 3.1324E-11
1.0000E-01 -0.85 6.2526E+03
1.1220E-01 -0.85 5.6422E+03
1.2589E-01 -0.85 5.0507E+03
1.4125E-01 -0.85 4.4853E+03
1.5849E-01 -0.85 3.9377E+03
1.7783E-01 -0.85 3.4089E+03
1.9953E-01 -0.85 2.9193E+03
2.2387E-01 -0.85 2.4725E+03
2.5119E-01 -0.85 2.0672E+03
2.8184E-01 -0.85 1.7114E+03
3.1623E-01 -0.85 1.4035E+03
3.5481E-01 -0.85 1.1389E+03
3.9811E-01 -0.85 9.1586E+02
4.4668E-01 -0.85 7.2958E+02
5.0119E-01 -0.85 5.7586E+02
5.6234E-01 -0.85 4.5079E+02
6.3096E-01 -0.85 3.5158E+02
7.0795E-01 -0.85 2.7247E+02
7.9433E-01 -0.85 2.0928E+02
8.9125E-01 -0.85 1.5984E+02
1.0000E+00 -0.85 1.2165E+02
1.1220E+00 -0.85 9.1972E+01
1.2589E+00 -0.85 6.9186E+01
1.4125E+00 -0.85 5.1820E+01
1.5849E+00 -0.85 3.8516E+01
1.7783E+00 -0.85 2.8508E+01
1.9953E+00 -0.85 2.1020E+01
2.2387E+00 -0.85 1.5371E+01
2.5119E+00 -0.85 1.1182E+01
2.8184E+00 -0.85 8.1038E+00
3.1623E+00 -0.85 5.8575E+00
3.5481E+00 -0.85 4.2186E+00
3.9811E+00 -0.85 3.0320E+00
4.4668E+00 -0.85 2.1774E+00
5.0119E+00 -0.85 1.5587E+00
5.6234E+00 -0.85 1.1132E+00
6.3096E+00 -0.85 7.9317E-01
7.0795E+00 -0.85 5.6257E-01
7.9433E+00 -0.85 3.9831E-01
8.9125E+00 -0.85 2.8302E-01
1.0000E+01 -0.85 2.0134E-01
1.1220E+01 -0.85 1.4255E-01
1.2589E+01 -0.85 1.0093E-01
1.4125E+01 -0.85 7.1358E-02
1.5849E+01 -0.85 5.0450E-02
1.7783E+01 -0.85 3.5661E-02
1.9953E+01 -0.85 2.5324E-02
2.2387E+01 -0.85 1.7938E-02
2.5119E+01 -0.85 1.2618E-02
2.8184E+01 -0.85 8.9144E-03
3.1623E+01 -0.85 6.2718E-03
3.5481E+01 -0.85 4.4102E-03
3.9811E+01 -0.85 3.0994E-03
4.4668E+01 -0.85 2.1774E-03
5.0119E+01 -0.85 1.5267E-03
5.6234E+01 -0.85 1.0685E-03
6.3096E+01 -0.85 7.4783E-04
7.0795E+01 -0.85 5.2175E-04
7.9433E+01 -0.85 3.6444E-04
8.9125E+01 -0.85 2.5431E-04
1.0000E+02 -0.85 1.7760E-04
1.1220E+02 -0.85 1.2348E-04
1.2589E+02 -0.85 8.5854E-05
1.4125E+02 -0.85 5.9663E-05
1.5849E+02 -0.85 4.1387E-05
1.7783E+02 -0.85 2.8744E-05
1.9953E+02 -0.85 1.9931E-05
2.2387E+02 -0.85 1.3771E-05
2.5119E+02 -0.85 9.5036E-06
2.8184E+02 -0.85 6.5527E-06
3.1623E+02 -0.85 4.5416E-06
3.5481E+02 -0.85 3.1178E-06
3.9811E+02 -0.85 2.1438E-06
4.4668E+02 -0.85 1.4745E-06
5.0119E+02 -0.85 1.0105E-06
5.6234E+02 -0.85 6.9601E-07
6.3096E+02 -0.85 4.7366E-07
7.0795E+02 -0.85 3.2300E-07
7.9433E+02 -0.85 2.2043E-07
8.9125E+02 -0.85 1.4986E-07
1.0000E+03 -0.85 1.0240E-07
1.1220E+03 -0.85 6.8355E-08
1.2589E+03 -0.85 4.6148E-08
1.4125E+03 -0.85 3.1144E-08
1.5849E+03 -0.85 2.0954E-08
1.7783E+03 -0.85 1.4036E-08
1.9953E+03 -0.85 9.4179E-09
2.2387E+03 -0.85 6.2788E-09
2.5119E+03 -0.85 4.1850E-09
2.8184E+03 -0.85 2.7940E-09
3.1623E+03 -0.85 1.8975E-09
3.5481E+03 -0.85 1.2188E-09
3.9811E+03 -0.85 8.0789E-10
4.4668E+03 -0.85 5.3447E-10
5.0119E+03 -0.85 3.5142E-10
5.6234E+03 -0.85 2.3027E-10
6.3096E+03 -0.85 1.5102E-10
7.0795E+03 -0.85 9.9056E-11
7.9433E+03 -0.85 6.5062E-11
8.9125E+03 -0.85 4.2424E-11
1.0000E+04 -0.85 2.7543E-11
1.0000E-01 -0.95 6.1561E+03
1.1220E-01 -0.95 5.5789E+03
1.2589E-01 -0.95 5.0175E+03
1.4125E-01 -0.95 4.4737E+03
1.5849E-01 -0.95 3.9433E+03
1.7783E-01 -0.95 3.4284E+03
1.9953E-01 -0.95 2.9386E+03
2.2387E-01 -0.95 2.4870E+03
2.5119E-01 -0.95 2.0804E+03
2.8184E-01 -0.95 1.7232E+03
3.1623E-01 -0.95 1.4141E+03
3.5481E-01 -0.95 1.1476E+03
3.9811E-01 -0.95 9.2161E+02
4.4668E-01 -0.95 7.3360E+02
5.0119E-01 -0.95 5.7914E+02
5.6234E-01 -0.95 4.5263E+02
6.3096E-01 -0.95 3.5154E+02
7.0795E-01 -0.95 2.7150E+02
7.9433E-01 -0.95 2.0831E+02
8.9125E-01 -0.95 1.5887E+02
1.0000E+00 -0.95 1.2034E+02
1.1220E+00 -0.95 9.0709E+01
1.2589E+00 -0.95 6.8104E+01
1.4125E+00 -0.95 5.0785E+01
1.5849E+00 -0.95 3.7677E+01
1.7783E+00 -0.95 2.7882E+01
1.9953E+00 -0.95 2.0423E+01
2.2387E+00 -0.95 1.4900E+01
2.5119E+00 -0.95 1.0863E+01
2.8184E+00 -0.95 7.8462E+00
3.1623E+00 -0.95 5.6627E+00
3.5481E+00 -0.95 4.0762E+00
3.9811E+00 -0.95 2.9272E+00
4.4668E+00 -0.95 2.0983E+00
5.0119E+00 -0.95 1.4985E+00
5.6234E+00 -0.95 1.0699E+00
6.3096E+00 -0.95 7.6240E-01
7.0795E+00 -0.95 5.4234E-01
7.9433E+00 -0.95 3.8549E-01
8.9125E+00 -0.95 2.7391E-01
1.0000E+01 -0.95 1.9401E-01
1.1220E+01 -0.95 1.3750E-01
1.2589E+01 -0.95 9.7429E-02
1.4125E+01 -0.95 6.8966E-02
1.5849E+01 -0.95 4.8686E-02
1.7783E+01 -0.95 3.4410E-02
1.9953E+01 -0.95 2.4425E-02
2.2387E+01 -0.95 1.7292E-02
2.5119E+01 -0.95 1.2163E-02
2.8184E+01 -0.95 8.5492E-03
3.1623E+01 -0.95 6.0160E-03
3.5481E+01 -0.95 4.2283E-03
3.9811E+01 -0.95 2.9695E-03
4.4668E+01 -0.95 2.0833E-03
5.0119E+01 -0.95 1.4604E-03
5.6234E+01 -0.95 1.0237E-03
6.3096E+01 -0.95 7.1541E-04
7.0795E+01 -0.95 4.9924E-04
7.9433E+01 -0.95 3.4858E-04
8.9125E+01 -0.95 2.4252E-04
1.0000E+02 -0.95 1.6920E-04
1.1220E+02 -0.95 1.1743E-04
1.2589E+02 -0.95 8.1596E-05
1.4125E+02 -0.95 5.6643E-05
1.5849E+02 -0.95 3.9322E-05
1.7783E+02 -0.95 2.7268E-05
1.9953E+02 -0.95 1.8859E-05
2.2387E+02 -0.95 1.3052E-05
2.5119E+02 -0.95 9.0167E-06
2.8184E+02 -0.95 6.2220E-06
3.1623E+02 -0.95 4.2839E-06
3.5481E+02 -0.95 2.9354E-06
3.9811E+02 -0.95 2.0179E-06
4.4668E+02 -0.95 1.3847E-06
5.0119E+02 -0.95 9.5028E-07
5.6234E+02 -0.95 6.5457E-07
6.3096E+02 -0.95 4.4367E-07
7.0795E+02 -0.95 3.0216E-07
7.9433E+02 -0.95 2.0513E-07
8.9125E+02 -0.95 1.3946E-07
1.0000E+03 -0.95 9.5211E-08
1.1220E+03 -0.95 6.3509E-08
1.2589E+03 -0.95 4.2807E-08
1.4125E+03 -0.95 2.8757E-08
1.5849E+03 -0.95 1.9279E-08
1.7783E+03 -0.95 1.2902E-08
1.9953E+03 -0.95 8.6142E-09
2.2387E+03 -0.95 5.7542E-09
2.5119E+03 -0.95 3.8163E-09
2.8184E+03 -0.95 2.5209E-09
3.1623E+03 -0.95 1.7255E-09
3.5481E+03 -0.95 1.1102E-09
3.9811E+03 -0.95 7.3424E-10
4.4668E+03 -0.95 4.8281E-10
5.0119E+03 -0.95 3.1626E-10
5.6234E+03 -0.95 2.0778E-10
6.3096E+03 -0.95 1.3658E-10
7.0795E+03 -0.95 8.9409E-11
7.9433E+03 -0.95 5.8174E-11
8.9125E+03 -0.95 3.7958E-11
1.0000E+04 -0.95 2.4950E-11
