1.0000E-01 0.95 4.2323E+03
1.1220E-01 0.95 3.8722E+03
1.2589E-01 0.95 3.5214E+03
1.4125E-01 0.95 3.1750E+03
1.5849E-01 0.95 2.8309E+03
1.7783E-01 0.95 2.4968E+03
1.9953E-01 0.95 2.1756E+03
2.2387E-01 0.95 1.8760E+03
2.5119E-01 0.95 1.6010E+03
2.8184E-01 0.95 1.3523E+03
3.1623E-01 0.95 1.1306E+03
3.5481E-01 0.95 9.3772E+02
3.9811E-01 0.95 7.7122E+02
4.4668E-01 0.95 6.2780E+02
5.0119E-01 0.95 5.0764E+02
5.6234E-01 0.95 4.0761E+02
6.3096E-01 0.95 3.2480E+02
7.0795E-01 0.95 2.5689E+02
7.9433E-01 0.95 2.0170E+02
8.9125E-01 0.95 1.5740E+02
1.0000E+00 0.95 1.2171E+02
1.1220E+00 0.95 9.3733E+01
1.2589E+00 0.95 7.1847E+01
1.4125E+00 0.95 5.4696E+01
1.5849E+00 0.95 4.1323E+01
1.7783E+00 0.95 3.1053E+01
1.9953E+00 0.95 2.3157E+01
2.2387E+00 0.95 1.7150E+01
2.5119E+00 0.95 1.2665E+01
2.8184E+00 0.95 9.3106E+00
3.1623E+00 0.95 6.8251E+00
3.5481E+00 0.95 4.9665E+00
3.9811E+00 0.95 3.6057E+00
4.4668E+00 0.95 2.6046E+00
5.0119E+00 0.95 1.8800E+00
5.6234E+00 0.95 1.3572E+00
6.3096E+00 0.95 9.7575E-01
7.0795E+00 0.95 6.9845E-01
7.9433E+00 0.95 5.0004E-01
8.9125E+00 0.95 3.5815E-01
1.0000E+01 0.95 2.5568E-01
1.1220E+01 0.95 1.8233E-01
1.2589E+01 0.95 1.2959E-01
1.4125E+01 0.95 9.2177E-02
1.5849E+01 0.95 6.5688E-02
1.7783E+01 0.95 4.6660E-02
1.9953E+01 0.95 3.3171E-02
2.2387E+01 0.95 2.3574E-02
2.5119E+01 0.95 1.6699E-02
2.8184E+01 0.95 1.1859E-02
3.1623E+01 0.95 8.3624E-03
3.5481E+01 0.95 5.9054E-03
3.9811E+01 0.95 4.1735E-03
4.4668E+01 0.95 2.9459E-03
5.0119E+01 0.95 2.0771E-03
5.6234E+01 0.95 1.4609E-03
6.3096E+01 0.95 1.0259E-03
7.0795E+01 0.95 7.2069E-04
7.9433E+01 0.95 5.0446E-04
8.9125E+01 0.95 3.5299E-04
1.0000E+02 0.95 2.4821E-04
1.1220E+02 0.95 1.7372E-04
1.2589E+02 0.95 1.2145E-04
1.4125E+02 0.95 8.4742E-05
1.5849E+02 0.95 5.9111E-05
1.7783E+02 0.95 4.1217E-05
1.9953E+02 0.95 2.8742E-05
2.2387E+02 0.95 2.0030E-05
2.5119E+02 0.95 1.3916E-05
2.8184E+02 0.95 9.6478E-06
3.1623E+02 0.95 6.7298E-06
3.5481E+02 0.95 4.6486E-06
3.9811E+02 0.95 3.2162E-06
4.4668E+02 0.95 2.2228E-06
5.0119E+02 0.95 1.5321E-06
5.6234E+02 0.95 1.0618E-06
6.3096E+02 0.95 7.2380E-07
7.0795E+02 0.95 4.9540E-07
7.9433E+02 0.95 3.3928E-07
8.9125E+02 0.95 2.3171E-07
1.0000E+03 0.95 1.5936E-07
1.1220E+03 0.95 1.0717E-07
1.2589E+03 0.95 7.2512E-08
1.4125E+03 0.95 4.8944E-08
1.5849E+03 0.95 3.2970E-08
1.7783E+03 0.95 2.2237E-08
1.9953E+03 0.95 1.4952E-08
2.2387E+03 0.95 1.0001E-08
2.5119E+03 0.95 6.6539E-09
2.8184E+03 0.95 4.4258E-09
3.1623E+03 0.95 3.0332E-09
3.5481E+03 0.95 1.9582E-09
3.9811E+03 0.95 1.2982E-09
4.4668E+03 0.95 8.6123E-10
5.0119E+03 0.95 5.6901E-10
5.6234E+03 0.95 3.7347E-10
6.3096E+03 0.95 2.4762E-10
7.0795E+03 0.95 1.6377E-10
7.9433E+03 0.95 1.0767E-10
8.9125E+03 0.95 7.0786E-11
1.0000E+04 0.95 4.6227E-11
1.0000E-01 0.85 4.3124E+03
1.1220E-01 0.85 3.9379E+03
1.2589E-01 0.85 3.5657E+03
1.4125E-01 0.85 3.2073E+03
1.5849E-01 0.85 2.8576E+03
1.7783E-01 0.85 2.5194E+03
1.9953E-01 0.85 2.1949E+03
2.2387E-01 0.85 1.8876E+03
2.5119E-01 0.85 1.6093E+03
2.8184E-01 0.85 1.3586E+03
3.1623E-01 0.85 1.1362E+03
3.5481E-01 0.85 9.4426E+02
3.9811E-01 0.85 7.7685E+02
4.4668E-01 0.85 6.3305E+02
5.0119E-01 0.85 5.1202E+02
5.6234E-01 0.85 4.1125E+02
6.3096E-01 0.85 3.2764E+02
7.0795E-01 0.85 2.5888E+02
7.9433E-01 0.85 2.0352E+02
8.9125E-01 0.85 1.5879E+02
1.0000E+00 0.85 1.2316E+02
1.1220E+00 0.85 9.4966E+01
1.2589E+00 0.85 7.2927E+01
1.4125E+00 0.85 5.5610E+01
1.5849E+00 0.85 4.2067E+01
1.7783E+00 0.85 3.1589E+01
1.9953E+00 0.85 2.3631E+01
2.2387E+00 0.85 1.7575E+01
2.5119E+00 0.85 1.2979E+01
2.8184E+00 0.85 9.5473E+00
3.1623E+00 0.85 6.9789E+00
3.5481E+00 0.85 5.0875E+00
3.9811E+00 0.85 3.6942E+00
4.4668E+00 0.85 2.6744E+00
5.0119E+00 0.85 1.9313E+00
5.6234E+00 0.85 1.3898E+00
6.3096E+00 0.85 9.9943E-01
7.0795E+00 0.85 7.1760E-01
7.9433E+00 0.85 5.1475E-01
8.9125E+00 0.85 3.6855E-01
1.0000E+01 0.85 2.6263E-01
1.1220E+01 0.85 1.8733E-01
1.2589E+01 0.85 1.3342E-01
1.4125E+01 0.85 9.4921E-02
1.5849E+01 0.85 6.7502E-02
1.7783E+01 0.85 4.7969E-02
1.9953E+01 0.85 3.4125E-02
2.2387E+01 0.85 2.4275E-02
2.5119E+01 0.85 1.7190E-02
2.8184E+01 0.85 1.2166E-02
3.1623E+01 0.85 8.6499E-03
3.5481E+01 0.85 6.1243E-03
3.9811E+01 0.85 4.3298E-03
4.4668E+01 0.85 3.0542E-03
5.0119E+01 0.85 2.1537E-03
5.6234E+01 0.85 1.5192E-03
6.3096E+01 0.85 1.0676E-03
7.0795E+01 0.85 7.4847E-04
7.9433E+01 0.85 5.2636E-04
8.9125E+01 0.85 3.6996E-04
1.0000E+02 0.85 2.5931E-04
1.1220E+02 0.85 1.8151E-04
1.2589E+02 0.85 1.2710E-04
1.4125E+02 0.85 8.8838E-05
1.5849E+02 0.85 6.2011E-05
1.7783E+02 0.85 4.3302E-05
1.9953E+02 0.85 3.0242E-05
2.2387E+02 0.85 2.1047E-05
2.5119E+02 0.85 1.4625E-05
2.8184E+02 0.85 1.0185E-05
3.1623E+02 0.85 7.1004E-06
3.5481E+02 0.85 4.9030E-06
3.9811E+02 0.85 3.3968E-06
4.4668E+02 0.85 2.3513E-06
5.0119E+02 0.85 1.6249E-06
5.6234E+02 0.85 1.1263E-06
6.3096E+02 0.85 7.7089E-07
7.0795E+02 0.85 5.2875E-07
7.9433E+02 0.85 3.6134E-07
8.9125E+02 0.85 2.4743E-07
1.0000E+03 0.85 1.7084E-07
1.1220E+03 0.85 1.1512E-07
1.2589E+03 0.85 7.8138E-08
1.4125E+03 0.85 5.2888E-08
1.5849E+03 0.85 3.5751E-08
1.7783E+03 0.85 2.3982E-08
1.9953E+03 0.85 1.6188E-08
2.2387E+03 0.85 1.0888E-08
2.5119E+03 0.85 7.2693E-09
2.8184E+03 0.85 4.8351E-09
3.1623E+03 0.85 3.3207E-09
3.5481E+03 0.85 2.1495E-09
3.9811E+03 0.85 1.4303E-09
4.4668E+03 0.85 9.5123E-10
5.0119E+03 0.85 6.2347E-10
5.6234E+03 0.85 4.1161E-10
6.3096E+03 0.85 2.7407E-10
7.0795E+03 0.85 1.8043E-10
7.9433E+03 0.85 1.1852E-10
8.9125E+03 0.85 7.8357E-11
1.0000E+04 0.85 5.1262E-11
1.0000E-01 0.75 4.4330E+03
1.1220E-01 0.75 4.0235E+03
1.2589E-01 0.75 3.6346E+03
1.4125E-01 0.75 3.2579E+03
1.5849E-01 0.75 2.8918E+03
1.7783E-01 0.75 2.5440E+03
1.9953E-01 0.75 2.2128E+03
2.2387E-01 0.75 1.9042E+03
2.5119E-01 0.75 1.6217E+03
2.8184E-01 0.75 1.3681E+03
3.1623E-01 0.75 1.1466E+03
3.5481E-01 0.75 9.5095E+02
3.9811E-01 0.75 7.8136E+02
4.4668E-01 0.75 6.3807E+02
5.0119E-01 0.75 5.1686E+02
5.6234E-01 0.75 4.1544E+02
6.3096E-01 0.75 3.3139E+02
7.0795E-01 0.75 2.6264E+02
7.9433E-01 0.75 2.0665E+02
8.9125E-01 0.75 1.6141E+02
1.0000E+00 0.75 1.2530E+02
1.1220E+00 0.75 9.6734E+01
1.2589E+00 0.75 7.4168E+01
1.4125E+00 0.75 5.6568E+01
1.5849E+00 0.75 4.2953E+01
1.7783E+00 0.75 3.2374E+01
1.9953E+00 0.75 2.4191E+01
2.2387E+00 0.75 1.7966E+01
2.5119E+00 0.75 1.3291E+01
2.8184E+00 0.75 9.8113E+00
3.1623E+00 0.75 7.1583E+00
3.5481E+00 0.75 5.2207E+00
3.9811E+00 0.75 3.7907E+00
4.4668E+00 0.75 2.7453E+00
5.0119E+00 0.75 1.9880E+00
5.6234E+00 0.75 1.4336E+00
6.3096E+00 0.75 1.0297E+00
7.0795E+00 0.75 7.3869E-01
7.9433E+00 0.75 5.2782E-01
8.9125E+00 0.75 3.7763E-01
1.0000E+01 0.75 2.7017E-01
1.1220E+01 0.75 1.9256E-01
1.2589E+01 0.75 1.3733E-01
1.4125E+01 0.75 9.7889E-02
1.5849E+01 0.75 6.9661E-02
1.7783E+01 0.75 4.9696E-02
1.9953E+01 0.75 3.5366E-02
2.2387E+01 0.75 2.5023E-02
2.5119E+01 0.75 1.7758E-02
2.8184E+01 0.75 1.2618E-02
3.1623E+01 0.75 8.9892E-03
3.5481E+01 0.75 6.3681E-03
3.9811E+01 0.75 4.5058E-03
4.4668E+01 0.75 3.1804E-03
5.0119E+01 0.75 2.2454E-03
5.6234E+01 0.75 1.5851E-03
6.3096E+01 0.75 1.1160E-03
7.0795E+01 0.75 7.8495E-04
7.9433E+01 0.75 5.5222E-04
8.9125E+01 0.75 3.8765E-04
1.0000E+02 0.75 2.7248E-04
1.1220E+02 0.75 1.9089E-04
1.2589E+02 0.75 1.3364E-04
1.4125E+02 0.75 9.3588E-05
1.5849E+02 0.75 6.5406E-05
1.7783E+02 0.75 4.5623E-05
1.9953E+02 0.75 3.1852E-05
2.2387E+02 0.75 2.2233E-05
2.5119E+02 0.75 1.5522E-05
2.8184E+02 0.75 1.0841E-05
3.1623E+02 0.75 7.5179E-06
3.5481E+02 0.75 5.2014E-06
3.9811E+02 0.75 3.6105E-06
4.4668E+02 0.75 2.5052E-06
5.0119E+02 0.75 1.7327E-06
5.6234E+02 0.75 1.2032E-06
6.3096E+02 0.75 8.2527E-07
7.0795E+02 0.75 5.6830E-07
7.9433E+02 0.75 3.8996E-07
8.9125E+02 0.75 2.6728E-07
1.0000E+03 0.75 1.8443E-07
1.1220E+03 0.75 1.2470E-07
1.2589E+03 0.75 8.4889E-08
1.4125E+03 0.75 5.7579E-08
1.5849E+03 0.75 3.8971E-08
1.7783E+03 0.75 2.6344E-08
1.9953E+03 0.75 1.7781E-08
2.2387E+03 0.75 1.1964E-08
2.5119E+03 0.75 8.0026E-09
2.8184E+03 0.75 5.3459E-09
3.1623E+03 0.75 3.6776E-09
3.5481E+03 0.75 2.3796E-09
3.9811E+03 0.75 1.5819E-09
4.4668E+03 0.75 1.0513E-09
5.0119E+03 0.75 6.9841E-10
5.6234E+03 0.75 4.6455E-10
6.3096E+03 0.75 3.0531E-10
7.0795E+03 0.75 2.0103E-10
7.9433E+03 0.75 1.3281E-10
8.9125E+03 0.75 8.7705E-11
1.0000E+04 0.75 5.7371E-11
1.0000E-01 0.65 4.5990E+03
1.1220E-01 0.65 4.1532E+03
1.2589E-01 0.65 3.7370E+03
1.4125E-01 0.65 3.3322E+03
1.5849E-01 0.65 2.9485E+03
1.7783E-01 0.65 2.5845E+03
1.9953E-01 0.65 2.2396E+03
2.2387E-01 0.65 1.9247E+03
2.5119E-01 0.65 1.6368E+03
2.8184E-01 0.65 1.3800E+03
3.1623E-01 0.65 1.1552E+03
3.5481E-01 0.65 9.5935E+02
3.9811E-01 0.65 7.8907E+02
4.4668E-01 0.65 6.4459E+02
5.0119E-01 0.65 5.2312E+02
5.6234E-01 0.65 4.2074E+02
6.3096E-01 0.65 3.3594E+02
7.0795E-01 0.65 2.6644E+02
7.9433E-01 0.65 2.0988E+02
8.9125E-01 0.65 1.6418E+02
1.0000E+00 0.65 1.2746E+02
1.1220E+00 0.65 9.8669E+01
1.2589E+00 0.65 7.5767E+01
1.4125E+00 0.65 5.7698E+01
1.5849E+00 0.65 4.3829E+01
1.7783E+00 0.65 3.3092E+01
1.9953E+00 0.65 2.4792E+01
2.2387E+00 0.65 1.8432E+01
2.5119E+00 0.65 1.3624E+01
2.8184E+00 0.65 1.0051E+01
3.1623E+00 0.65 7.3698E+00
3.5481E+00 0.65 5.3866E+00
3.9811E+00 0.65 3.9144E+00
4.4668E+00 0.65 2.8364E+00
5.0119E+00 0.65 2.0507E+00
5.6234E+00 0.65 1.4787E+00
6.3096E+00 0.65 1.0637E+00
7.0795E+00 0.65 7.6379E-01
7.9433E+00 0.65 5.4919E-01
8.9125E+00 0.65 3.9218E-01
1.0000E+01 0.65 2.8034E-01
1.1220E+01 0.65 2.0019E-01
1.2589E+01 0.65 1.4265E-01
1.4125E+01 0.65 1.0160E-01
1.5849E+01 0.65 7.2479E-02
1.7783E+01 0.65 5.1670E-02
1.9953E+01 0.65 3.6780E-02
2.2387E+01 0.65 2.6190E-02
2.5119E+01 0.65 1.8601E-02
2.8184E+01 0.65 1.3182E-02
3.1623E+01 0.65 9.3735E-03
3.5481E+01 0.65 6.6499E-03
3.9811E+01 0.65 4.7065E-03
4.4668E+01 0.65 3.3317E-03
5.0119E+01 0.65 2.3548E-03
5.6234E+01 0.65 1.6601E-03
6.3096E+01 0.65 1.1717E-03
7.0795E+01 0.65 8.2614E-04
7.9433E+01 0.65 5.8168E-04
8.9125E+01 0.65 4.0914E-04
1.0000E+02 0.65 2.8735E-04
1.1220E+02 0.65 2.0145E-04
1.2589E+02 0.65 1.4122E-04
1.4125E+02 0.65 9.8909E-05
1.5849E+02 0.65 6.9278E-05
1.7783E+02 0.65 4.8477E-05
1.9953E+02 0.65 3.3806E-05
2.2387E+02 0.65 2.3581E-05
2.5119E+02 0.65 1.6453E-05
2.8184E+02 0.65 1.1480E-05
3.1623E+02 0.65 8.0244E-06
3.5481E+02 0.65 5.5691E-06
3.9811E+02 0.65 3.8648E-06
4.4668E+02 0.65 2.6819E-06
5.0119E+02 0.65 1.8613E-06
5.6234E+02 0.65 1.2966E-06
6.3096E+02 0.65 8.9078E-07
7.0795E+02 0.65 6.1508E-07
7.9433E+02 0.65 4.2379E-07
8.9125E+02 0.65 2.9099E-07
1.0000E+03 0.65 2.0102E-07
1.1220E+03 0.65 1.3623E-07
1.2589E+03 0.65 9.2766E-08
1.4125E+03 0.65 6.3128E-08
1.5849E+03 0.65 4.2859E-08
1.7783E+03 0.65 2.9027E-08
1.9953E+03 0.65 1.9703E-08
2.2387E+03 0.65 1.3277E-08
2.5119E+03 0.65 8.9036E-09
2.8184E+03 0.65 5.9618E-09
3.1623E+03 0.65 4.1172E-09
3.5481E+03 0.65 2.6750E-09
3.9811E+03 0.65 1.7862E-09
4.4668E+03 0.65 1.1834E-09
5.0119E+03 0.65 7.8483E-10
5.6234E+03 0.65 5.2258E-10
6.3096E+03 0.65 3.4546E-10
7.0795E+03 0.65 2.2696E-10
7.9433E+03 0.65 1.4971E-10
8.9125E+03 0.65 9.9102E-11
1.0000E+04 0.65 6.5415E-11
1.0000E-01 0.55 4.8562E+03
1.1220E-01 0.55 4.3527E+03
1.2589E-01 0.55 3.8814E+03
1.4125E-01 0.55 3.4449E+03
1.5849E-01 0.55 3.0324E+03
1.7783E-01 0.55 2.6463E+03
1.9953E-01 0.55 2.2854E+03
2.2387E-01 0.55 1.9530E+03
2.5119E-01 0.55 1.6569E+03
2.8184E-01 0.55 1.3963E+03
3.1623E-01 0.55 1.1650E+03
3.5481E-01 0.55 9.6698E+02
3.9811E-01 0.55 7.9654E+02
4.4668E-01 0.55 6.5053E+02
5.0119E-01 0.55 5.2824E+02
5.6234E-01 0.55 4.2534E+02
6.3096E-01 0.55 3.3999E+02
7.0795E-01 0.55 2.6976E+02
7.9433E-01 0.55 2.1319E+02
8.9125E-01 0.55 1.6741E+02
1.0000E+00 0.55 1.2980E+02
1.1220E+00 0.55 1.0052E+02
1.2589E+00 0.55 7.7439E+01
1.4125E+00 0.55 5.9319E+01
1.5849E+00 0.55 4.5120E+01
1.7783E+00 0.55 3.4035E+01
1.9953E+00 0.55 2.5534E+01
2.2387E+00 0.55 1.9031E+01
2.5119E+00 0.55 1.4043E+01
2.8184E+00 0.55 1.0363E+01
3.1623E+00 0.55 7.6296E+00
3.5481E+00 0.55 5.5778E+00
3.9811E+00 0.55 4.0619E+00
4.4668E+00 0.55 2.9472E+00
5.0119E+00 0.55 2.1347E+00
5.6234E+00 0.55 1.5438E+00
6.3096E+00 0.55 1.1088E+00
7.0795E+00 0.55 7.9452E-01
7.9433E+00 0.55 5.6870E-01
8.9125E+00 0.55 4.0702E-01
1.0000E+01 0.55 2.9138E-01
1.1220E+01 0.55 2.0805E-01
1.2589E+01 0.55 1.4823E-01
1.4125E+01 0.55 1.0572E-01
1.5849E+01 0.55 7.5484E-02
1.7783E+01 0.55 5.3789E-02
1.9953E+01 0.55 3.8336E-02
2.2387E+01 0.55 2.7255E-02
2.5119E+01 0.55 1.9423E-02
2.8184E+01 0.55 1.3828E-02
3.1623E+01 0.55 9.8343E-03
3.5481E+01 0.55 6.9815E-03
3.9811E+01 0.55 4.9527E-03
4.4668E+01 0.55 3.5109E-03
5.0119E+01 0.55 2.4845E-03
5.6234E+01 0.55 1.7585E-03
6.3096E+01 0.55 1.2440E-03
7.0795E+01 0.55 8.7799E-04
7.9433E+01 0.55 6.1862E-04
8.9125E+01 0.55 4.3529E-04
1.0000E+02 0.55 3.0611E-04
1.1220E+02 0.55 2.1490E-04
1.2589E+02 0.55 1.5092E-04
1.4125E+02 0.55 1.0597E-04
1.5849E+02 0.55 7.4246E-05
1.7783E+02 0.55 5.1954E-05
1.9953E+02 0.55 3.6345E-05
2.2387E+02 0.55 2.5387E-05
2.5119E+02 0.55 1.7739E-05
2.8184E+02 0.55 1.2378E-05
3.1623E+02 0.55 8.6432E-06
3.5481E+02 0.55 6.0097E-06
3.9811E+02 0.55 4.1822E-06
4.4668E+02 0.55 2.9095E-06
5.0119E+02 0.55 2.0213E-06
5.6234E+02 0.55 1.4075E-06
6.3096E+02 0.55 9.7032E-07
7.0795E+02 0.55 6.7162E-07
7.9433E+02 0.55 4.6374E-07
8.9125E+02 0.55 3.1909E-07
1.0000E+03 0.55 2.2073E-07
1.1220E+03 0.55 1.5068E-07
1.2589E+03 0.55 1.0312E-07
1.4125E+03 0.55 7.0106E-08
1.5849E+03 0.55 4.7610E-08
1.7783E+03 0.55 3.2426E-08
1.9953E+03 0.55 2.2076E-08
2.2387E+03 0.55 1.4977E-08
2.5119E+03 0.55 1.0111E-08
2.8184E+03 0.55 6.7845E-09
3.1623E+03 0.55 4.6709E-09
3.5481E+03 0.55 3.0544E-09
3.9811E+03 0.55 2.0391E-09
4.4668E+03 0.55 1.3597E-09
5.0119E+03 0.55 9.0627E-10
5.6234E+03 0.55 5.9999E-10
6.3096E+03 0.55 3.9956E-10
7.0795E+03 0.55 2.6536E-10
7.9433E+03 0.55 1.7512E-10
8.9125E+03 0.55 1.1549E-10
1.0000E+04 0.55 7.6191E-11
1.0000E-01 0.45 5.2495E+03
1.1220E-01 0.45 4.6592E+03
1.2589E-01 0.45 4.1275E+03
1.4125E-01 0.45 3.6377E+03
1.5849E-01 0.45 3.1802E+03
1.7783E-01 0.45 2.7535E+03
1.9953E-01 0.45 2.3599E+03
2.2387E-01 0.45 2.0075E+03
2.5119E-01 0.45 1.6980E+03
2.8184E-01 0.45 1.4206E+03
3.1623E-01 0.45 1.1805E+03
3.5481E-01 0.45 9.7636E+02
3.9811E-01 0.45 8.0108E+02
4.4668E-01 0.45 6.5468E+02
5.0119E-01 0.45 5.3046E+02
5.6234E-01 0.45 4.2735E+02
6.3096E-01 0.45 3.4303E+02
7.0795E-01 0.45 2.7325E+02
7.9433E-01 0.45 2.1568E+02
8.9125E-01 0.45 1.6907E+02
1.0000E+00 0.45 1.3192E+02
1.1220E+00 0.45 1.0224E+02
1.2589E+00 0.45 7.8900E+01
1.4125E+00 0.45 6.0554E+01
1.5849E+00 0.45 4.6206E+01
1.7783E+00 0.45 3.4977E+01
1.9953E+00 0.45 2.6248E+01
2.2387E+00 0.45 1.9596E+01
2.5119E+00 0.45 1.4519E+01
2.8184E+00 0.45 1.0747E+01
3.1623E+00 0.45 7.9275E+00
3.5481E+00 0.45 5.7972E+00
3.9811E+00 0.45 4.2249E+00
4.4668E+00 0.45 3.0730E+00
5.0119E+00 0.45 2.2233E+00
5.6234E+00 0.45 1.6104E+00
6.3096E+00 0.45 1.1618E+00
7.0795E+00 0.45 8.3372E-01
7.9433E+00 0.45 5.9890E-01
8.9125E+00 0.45 4.2840E-01
1.0000E+01 0.45 3.0466E-01
1.1220E+01 0.45 2.1755E-01
1.2589E+01 0.45 1.5552E-01
1.4125E+01 0.45 1.1108E-01
1.5849E+01 0.45 7.9418E-02
1.7783E+01 0.45 5.6628E-02
1.9953E+01 0.45 4.0394E-02
2.2387E+01 0.45 2.8825E-02
2.5119E+01 0.45 2.0399E-02
2.8184E+01 0.45 1.4486E-02
3.1623E+01 0.45 1.0394E-02
3.5481E+01 0.45 7.3951E-03
3.9811E+01 0.45 5.2586E-03
4.4668E+01 0.45 3.7316E-03
5.0119E+01 0.45 2.6446E-03
5.6234E+01 0.45 1.8737E-03
6.3096E+01 0.45 1.3287E-03
7.0795E+01 0.45 9.3905E-04
7.9433E+01 0.45 6.6147E-04
8.9125E+01 0.45 4.6722E-04
1.0000E+02 0.45 3.2927E-04
1.1220E+02 0.45 2.3164E-04
1.2589E+02 0.45 1.6280E-04
1.4125E+02 0.45 1.1439E-04
1.5849E+02 0.45 8.0327E-05
1.7783E+02 0.45 5.6271E-05
1.9953E+02 0.45 3.9443E-05
2.2387E+02 0.45 2.7620E-05
2.5119E+02 0.45 1.9312E-05
2.8184E+02 0.45 1.3509E-05
3.1623E+02 0.45 9.4267E-06
3.5481E+02 0.45 6.5663E-06
3.9811E+02 0.45 4.5735E-06
4.4668E+02 0.45 3.1843E-06
5.0119E+02 0.45 2.2174E-06
5.6234E+02 0.45 1.5487E-06
6.3096E+02 0.45 1.0700E-06
7.0795E+02 0.45 7.4254E-07
7.9433E+02 0.45 5.1445E-07
8.9125E+02 0.45 3.5480E-07
1.0000E+03 0.45 2.4637E-07
1.1220E+03 0.45 1.6870E-07
1.2589E+03 0.45 1.1593E-07
1.4125E+03 0.45 7.9403E-08
1.5849E+03 0.45 5.4239E-08
1.7783E+03 0.45 3.7084E-08
1.9953E+03 0.45 2.5235E-08
2.2387E+03 0.45 1.7157E-08
2.5119E+03 0.45 1.1643E-08
2.8184E+03 0.45 7.8542E-09
3.1623E+03 0.45 5.4091E-09
3.5481E+03 0.45 3.5454E-09
3.9811E+03 0.45 2.3749E-09
4.4668E+03 0.45 1.5899E-09
5.0119E+03 0.45 1.0642E-09
5.6234E+03 0.45 7.0899E-10
6.3096E+03 0.45 4.7111E-10
7.0795E+03 0.45 3.1353E-10
7.9433E+03 0.45 2.0802E-10
8.9125E+03 0.45 1.3771E-10
1.0000E+04 0.45 9.1268E-11
1.0000E-01 0.35 5.8948E+03
1.1220E-01 0.35 5.1880E+03
1.2589E-01 0.35 4.5486E+03
1.4125E-01 0.35 3.9675E+03
1.5849E-01 0.35 3.4382E+03
1.7783E-01 0.35 2.9500E+03
1.9953E-01 0.35 2.5073E+03
2.2387E-01 0.35 2.1162E+03
2.5119E-01 0.35 1.7707E+03
2.8184E-01 0.35 1.4708E+03
3.1623E-01 0.35 1.2164E+03
3.5481E-01 0.35 9.9857E+02
3.9811E-01 0.35 8.1499E+02
4.4668E-01 0.35 6.6398E+02
5.0119E-01 0.35 5.3618E+02
5.6234E-01 0.35 4.3061E+02
6.3096E-01 0.35 3.4490E+02
7.0795E-01 0.35 2.7432E+02
7.9433E-01 0.35 2.1654E+02
8.9125E-01 0.35 1.7014E+02
1.0000E+00 0.35 1.3296E+02
1.1220E+00 0.35 1.0344E+02
1.2589E+00 0.35 7.9929E+01
1.4125E+00 0.35 6.1394E+01
1.5849E+00 0.35 4.7069E+01
1.7783E+00 0.35 3.5810E+01
1.9953E+00 0.35 2.6921E+01
2.2387E+00 0.35 2.0177E+01
2.5119E+00 0.35 1.5062E+01
2.8184E+00 0.35 1.1143E+01
3.1623E+00 0.35 8.2242E+00
3.5481E+00 0.35 6.0469E+00
3.9811E+00 0.35 4.4404E+00
4.4668E+00 0.35 3.2409E+00
5.0119E+00 0.35 2.3501E+00
5.6234E+00 0.35 1.7017E+00
6.3096E+00 0.35 1.2274E+00
7.0795E+00 0.35 8.8528E-01
7.9433E+00 0.35 6.3681E-01
8.9125E+00 0.35 4.5361E-01
1.0000E+01 0.35 3.2427E-01
1.1220E+01 0.35 2.3172E-01
1.2589E+01 0.35 1.6592E-01
1.4125E+01 0.35 1.1844E-01
1.5849E+01 0.35 8.4254E-02
1.7783E+01 0.35 6.0008E-02
1.9953E+01 0.35 4.3050E-02
2.2387E+01 0.35 3.0781E-02
2.5119E+01 0.35 2.1924E-02
2.8184E+01 0.35 1.5599E-02
3.1623E+01 0.35 1.1115E-02
3.5481E+01 0.35 7.9208E-03
3.9811E+01 0.35 5.6385E-03
4.4668E+01 0.35 4.0109E-03
5.0119E+01 0.35 2.8526E-03
5.6234E+01 0.35 2.0235E-03
6.3096E+01 0.35 1.4345E-03
7.0795E+01 0.35 1.0177E-03
7.9433E+01 0.35 7.2060E-04
8.9125E+01 0.35 5.0942E-04
1.0000E+02 0.35 3.5967E-04
1.1220E+02 0.35 2.5367E-04
1.2589E+02 0.35 1.7861E-04
1.4125E+02 0.35 1.2564E-04
1.5849E+02 0.35 8.8402E-05
1.7783E+02 0.35 6.2067E-05
1.9953E+02 0.35 4.3530E-05
2.2387E+02 0.35 3.0541E-05
2.5119E+02 0.35 2.1383E-05
2.8184E+02 0.35 1.4956E-05
3.1623E+02 0.35 1.0466E-05
3.5481E+02 0.35 7.3074E-06
3.9811E+02 0.35 5.1031E-06
4.4668E+02 0.35 3.5620E-06
5.0119E+02 0.35 2.4839E-06
5.6234E+02 0.35 1.7349E-06
6.3096E+02 0.35 1.2059E-06
7.0795E+02 0.35 8.3811E-07
7.9433E+02 0.35 5.8125E-07
8.9125E+02 0.35 4.0316E-07
1.0000E+03 0.35 2.8052E-07
1.1220E+03 0.35 1.9294E-07
1.2589E+03 0.35 1.3298E-07
1.4125E+03 0.35 9.1539E-08
1.5849E+03 0.35 6.2866E-08
1.7783E+03 0.35 4.3102E-08
1.9953E+03 0.35 2.9418E-08
2.2387E+03 0.35 2.0063E-08
2.5119E+03 0.35 1.3668E-08
2.8184E+03 0.35 9.2632E-09
3.1623E+03 0.35 6.3965E-09
3.5481E+03 0.35 4.2388E-09
3.9811E+03 0.35 2.8561E-09
4.4668E+03 0.35 1.9154E-09
5.0119E+03 0.35 1.2870E-09
5.6234E+03 0.35 8.6042E-10
6.3096E+03 0.35 5.7510E-10
7.0795E+03 0.35 3.8425E-10
7.9433E+03 0.35 2.5616E-10
8.9125E+03 0.35 1.6968E-10
1.0000E+04 0.35 1.1229E-10
1.0000E-01 0.25 7.0891E+03
1.1220E-01 0.25 6.1631E+03
1.2589E-01 0.25 5.3518E+03
1.4125E-01 0.25 4.6111E+03
1.5849E-01 0.25 3.9454E+03
1.7783E-01 0.25 3.3456E+03
1.9953E-01 0.25 2.8097E+03
2.2387E-01 0.25 2.3416E+03
2.5119E-01 0.25 1.9343E+03
2.8184E-01 0.25 1.5841E+03
3.1623E-01 0.25 1.2930E+03
3.5481E-01 0.25 1.0532E+03
3.9811E-01 0.25 8.5503E+02
4.4668E-01 0.25 6.9108E+02
5.0119E-01 0.25 5.5322E+02
5.6234E-01 0.25 4.4149E+02
6.3096E-01 0.25 3.5150E+02
7.0795E-01 0.25 2.7869E+02
7.9433E-01 0.25 2.1971E+02
8.9125E-01 0.25 1.7159E+02
1.0000E+00 0.25 1.3375E+02
1.1220E+00 0.25 1.0391E+02
1.2589E+00 0.25 8.0369E+01
1.4125E+00 0.25 6.1898E+01
1.5849E+00 0.25 4.7595E+01
1.7783E+00 0.25 3.6365E+01
1.9953E+00 0.25 2.7570E+01
2.2387E+00 0.25 2.0727E+01
2.5119E+00 0.25 1.5557E+01
2.8184E+00 0.25 1.1593E+01
3.1623E+00 0.25 8.5832E+00
3.5481E+00 0.25 6.3324E+00
3.9811E+00 0.25 4.6578E+00
4.4668E+00 0.25 3.4065E+00
5.0119E+00 0.25 2.4819E+00
5.6234E+00 0.25 1.8049E+00
6.3096E+00 0.25 1.3108E+00
7.0795E+00 0.25 9.4496E-01
7.9433E+00 0.25 6.7890E-01
8.9125E+00 0.25 4.8821E-01
1.0000E+01 0.25 3.4961E-01
1.1220E+01 0.25 2.5102E-01
1.2589E+01 0.25 1.7940E-01
1.4125E+01 0.25 1.2766E-01
1.5849E+01 0.25 9.1602E-02
1.7783E+01 0.25 6.5726E-02
1.9953E+01 0.25 4.6856E-02
2.2387E+01 0.25 3.3274E-02
2.5119E+01 0.25 2.3798E-02
2.8184E+01 0.25 1.7039E-02
3.1623E+01 0.25 1.2115E-02
3.5481E+01 0.25 8.6413E-03
3.9811E+01 0.25 6.1612E-03
4.4668E+01 0.25 4.3888E-03
5.0119E+01 0.25 3.1206E-03
5.6234E+01 0.25 2.2200E-03
6.3096E+01 0.25 1.5803E-03
7.0795E+01 0.25 1.1216E-03
7.9433E+01 0.25 7.9509E-04
8.9125E+01 0.25 5.6513E-04
1.0000E+02 0.25 3.9990E-04
1.1220E+02 0.25 2.8265E-04
1.2589E+02 0.25 1.9992E-04
1.4125E+02 0.25 1.4108E-04
1.5849E+02 0.25 9.9423E-05
1.7783E+02 0.25 7.0068E-05
1.9953E+02 0.25 4.9291E-05
2.2387E+02 0.25 3.4625E-05
2.5119E+02 0.25 2.4231E-05
2.8184E+02 0.25 1.6996E-05
3.1623E+02 0.25 1.1936E-05
3.5481E+02 0.25 8.3476E-06
3.9811E+02 0.25 5.8388E-06
4.4668E+02 0.25 4.0859E-06
5.0119E+02 0.25 2.8582E-06
5.6234E+02 0.25 1.9986E-06
6.3096E+02 0.25 1.3919E-06
7.0795E+02 0.25 9.6952E-07
7.9433E+02 0.25 6.7482E-07
8.9125E+02 0.25 4.6918E-07
1.0000E+03 0.25 3.2674E-07
1.1220E+03 0.25 2.2607E-07
1.2589E+03 0.25 1.5633E-07
1.4125E+03 0.25 1.0804E-07
1.5849E+03 0.25 7.4683E-08
1.7783E+03 0.25 5.1498E-08
1.9953E+03 0.25 3.5443E-08
2.2387E+03 0.25 2.4261E-08
2.5119E+03 0.25 1.6601E-08
2.8184E+03 0.25 1.1353E-08
3.1623E+03 0.25 7.8322E-09
3.5481E+03 0.25 5.2421E-09
3.9811E+03 0.25 3.5547E-09
4.4668E+03 0.25 2.3987E-09
5.0119E+03 0.25 1.6191E-09
5.6234E+03 0.25 1.0912E-09
6.3096E+03 0.25 7.3220E-10
7.0795E+03 0.25 4.9123E-10
7.9433E+03 0.25 3.2889E-10
8.9125E+03 0.25 2.1988E-10
1.0000E+04 0.25 1.4598E-10
1.0000E-01 0.15 9.6627E+03
1.1220E-01 0.15 8.2917E+03
1.2589E-01 0.15 7.0972E+03
1.4125E-01 0.15 6.0208E+03
1.5849E-01 0.15 5.0806E+03
1.7783E-01 0.15 4.2449E+03
1.9953E-01 0.15 3.4969E+03
2.2387E-01 0.15 2.8667E+03
2.5119E-01 0.15 2.3339E+03
2.8184E-01 0.15 1.8883E+03
3.1623E-01 0.15 1.5145E+03
3.5481E-01 0.15 1.2088E+03
3.9811E-01 0.15 9.6458E+02
4.4668E-01 0.15 7.6713E+02
5.0119E-01 0.15 6.0661E+02
5.6234E-01 0.15 4.7727E+02
6.3096E-01 0.15 3.7446E+02
7.0795E-01 0.15 2.9339E+02
7.9433E-01 0.15 2.2939E+02
8.9125E-01 0.15 1.7926E+02
1.0000E+00 0.15 1.3840E+02
1.1220E+00 0.15 1.0722E+02
1.2589E+00 0.15 8.2748E+01
1.4125E+00 0.15 6.3628E+01
1.5849E+00 0.15 4.8572E+01
1.7783E+00 0.15 3.7011E+01
1.9953E+00 0.15 2.8124E+01
2.2387E+00 0.15 2.1349E+01
2.5119E+00 0.15 1.6045E+01
2.8184E+00 0.15 1.1941E+01
3.1623E+00 0.15 8.9627E+00
3.5481E+00 0.15 6.6439E+00
3.9811E+00 0.15 4.9156E+00
4.4668E+00 0.15 3.6205E+00
5.0119E+00 0.15 2.6552E+00
5.6234E+00 0.15 1.9488E+00
6.3096E+00 0.15 1.4139E+00
7.0795E+00 0.15 1.0271E+00
7.9433E+00 0.15 7.4455E-01
8.9125E+00 0.15 5.3644E-01
1.0000E+01 0.15 3.8433E-01
1.1220E+01 0.15 2.7556E-01
1.2589E+01 0.15 1.9823E-01
1.4125E+01 0.15 1.4194E-01
1.5849E+01 0.15 1.0143E-01
1.7783E+01 0.15 7.2741E-02
1.9953E+01 0.15 5.1892E-02
2.2387E+01 0.15 3.7060E-02
2.5119E+01 0.15 2.6492E-02
2.8184E+01 0.15 1.8968E-02
3.1623E+01 0.15 1.3576E-02
3.5481E+01 0.15 9.6923E-03
3.9811E+01 0.15 6.9152E-03
4.4668E+01 0.15 4.9377E-03
5.0119E+01 0.15 3.5257E-03
5.6234E+01 0.15 2.5132E-03
6.3096E+01 0.15 1.7910E-03
7.0795E+01 0.15 1.2738E-03
7.9433E+01 0.15 9.0677E-04
8.9125E+01 0.15 6.4567E-04
1.0000E+02 0.15 4.5797E-04
1.1220E+02 0.15 3.2474E-04
1.2589E+02 0.15 2.3026E-04
1.4125E+02 0.15 1.6306E-04
1.5849E+02 0.15 1.1544E-04
1.7783E+02 0.15 8.1622E-05
1.9953E+02 0.15 5.7547E-05
2.2387E+02 0.15 4.0560E-05
2.5119E+02 0.15 2.8547E-05
2.8184E+02 0.15 2.0063E-05
3.1623E+02 0.15 1.4100E-05
3.5481E+02 0.15 9.8837E-06
3.9811E+02 0.15 6.9279E-06
4.4668E+02 0.15 4.8554E-06
5.0119E+02 0.15 3.4005E-06
5.6234E+02 0.15 2.3789E-06
6.3096E+02 0.15 1.6622E-06
7.0795E+02 0.15 1.1617E-06
7.9433E+02 0.15 8.1041E-07
8.9125E+02 0.15 5.6459E-07
1.0000E+03 0.15 3.9489E-07
1.1220E+03 0.15 2.7395E-07
1.2589E+03 0.15 1.9021E-07
1.4125E+03 0.15 1.3216E-07
1.5849E+03 0.15 9.1644E-08
1.7783E+03 0.15 6.3445E-08
1.9953E+03 0.15 4.3976E-08
2.2387E+03 0.15 3.0291E-08
2.5119E+03 0.15 2.0884E-08
2.8184E+03 0.15 1.4374E-08
3.1623E+03 0.15 9.9552E-09
3.5481E+03 0.15 6.7560E-09
3.9811E+03 0.15 4.6117E-09
4.4668E+03 0.15 3.1392E-09
5.0119E+03 0.15 2.1323E-09
5.6234E+03 0.15 1.4462E-09
6.3096E+03 0.15 9.7860E-10
7.0795E+03 0.15 6.5945E-10
7.9433E+03 0.15 4.4500E-10
8.9125E+03 0.15 2.9984E-10
1.0000E+04 0.15 2.0098E-10
1.0000E-01 0.05 1.5700E+04
1.1220E-01 0.05 1.3209E+04
1.2589E-01 0.05 1.1088E+04
1.4125E-01 0.05 9.2623E+03
1.5849E-01 0.05 7.6446E+03
1.7783E-01 0.05 6.2532E+03
1.9953E-01 0.05 5.0933E+03
2.2387E-01 0.05 4.0880E+03
2.5119E-01 0.05 3.2548E+03
2.8184E-01 0.05 2.5669E+03
3.1623E-01 0.05 2.0110E+03
3.5481E-01 0.05 1.5740E+03
3.9811E-01 0.05 1.2285E+03
4.4668E-01 0.05 9.5753E+02
5.0119E-01 0.05 7.3797E+02
5.6234E-01 0.05 5.6772E+02
6.3096E-01 0.05 4.3888E+02
7.0795E-01 0.05 3.3840E+02
7.9433E-01 0.05 2.6000E+02
8.9125E-01 0.05 1.9839E+02
1.0000E+00 0.05 1.5188E+02
1.1220E+00 0.05 1.1606E+02
1.2589E+00 0.05 8.9275E+01
1.4125E+00 0.05 6.8002E+01
1.5849E+00 0.05 5.1719E+01
1.7783E+00 0.05 3.9366E+01
1.9953E+00 0.05 2.9737E+01
2.2387E+00 0.05 2.2369E+01
2.5119E+00 0.05 1.6750E+01
2.8184E+00 0.05 1.2523E+01
3.1623E+00 0.05 9.2921E+00
3.5481E+00 0.05 6.9227E+00
3.9811E+00 0.05 5.1486E+00
4.4668E+00 0.05 3.8005E+00
5.0119E+00 0.05 2.7843E+00
5.6234E+00 0.05 2.0503E+00
6.3096E+00 0.05 1.4927E+00
7.0795E+00 0.05 1.0814E+00
7.9433E+00 0.05 7.9549E-01
8.9125E+00 0.05 5.8227E-01
1.0000E+01 0.05 4.1451E-01
1.1220E+01 0.05 2.9950E-01
1.2589E+01 0.05 2.1629E-01
1.4125E+01 0.05 1.5637E-01
1.5849E+01 0.05 1.1273E-01
1.7783E+01 0.05 8.0877E-02
1.9953E+01 0.05 5.8103E-02
2.2387E+01 0.05 4.1665E-02
2.5119E+01 0.05 3.0089E-02
2.8184E+01 0.05 2.1581E-02
3.1623E+01 0.05 1.5684E-02
3.5481E+01 0.05 1.1228E-02
3.9811E+01 0.05 8.0375E-03
4.4668E+01 0.05 5.7476E-03
5.0119E+01 0.05 4.1085E-03
5.6234E+01 0.05 2.9368E-03
6.3096E+01 0.05 2.0955E-03
7.0795E+01 0.05 1.4948E-03
7.9433E+01 0.05 1.0661E-03
8.9125E+01 0.05 7.6015E-04
1.0000E+02 0.05 5.4054E-04
1.1220E+02 0.05 3.8420E-04
1.2589E+02 0.05 2.7263E-04
1.4125E+02 0.05 1.9337E-04
1.5849E+02 0.05 1.3709E-04
1.7783E+02 0.05 9.7121E-05
1.9953E+02 0.05 6.8619E-05
2.2387E+02 0.05 4.8479E-05
2.5119E+02 0.05 3.4185E-05
2.8184E+02 0.05 2.4020E-05
3.1623E+02 0.05 1.6956E-05
3.5481E+02 0.05 1.1928E-05
3.9811E+02 0.05 8.3782E-06
4.4668E+02 0.05 5.8798E-06
5.0119E+02 0.05 4.1184E-06
5.6234E+02 0.05 2.8891E-06
6.3096E+02 0.05 2.0204E-06
7.0795E+02 0.05 1.4134E-06
7.9433E+02 0.05 9.8711E-07
8.9125E+02 0.05 6.8880E-07
1.0000E+03 0.05 4.8110E-07
1.1220E+03 0.05 3.3539E-07
1.2589E+03 0.05 2.3371E-07
1.4125E+03 0.05 1.6272E-07
1.5849E+03 0.05 1.1299E-07
1.7783E+03 0.05 7.8360E-08
1.9953E+03 0.05 5.4629E-08
2.2387E+03 0.05 3.7866E-08
2.5119E+03 0.05 2.6184E-08
2.8184E+03 0.05 1.8117E-08
3.1623E+03 0.05 1.2570E-08
3.5481E+03 0.05 8.5998E-09
3.9811E+03 0.05 5.9221E-09
4.4668E+03 0.05 4.0649E-09
5.0119E+03 0.05 2.7805E-09
5.6234E+03 0.05 1.9006E-09
6.3096E+03 0.05 1.2965E-09
7.0795E+03 0.05 8.8255E-10
7.9433E+03 0.05 5.9944E-10
8.9125E+03 0.05 4.0566E-10
1.0000E+04 0.05 2.7380E-10
1.0000E-01 -0.05 1.6870E+04
1.1220E-01 -0.05 1.4180E+04
1.2589E-01 -0.05 1.1898E+04
1.4125E-01 -0.05 9.9048E+03
1.5849E-01 -0.05 8.1634E+03
1.7783E-01 -0.05 6.6494E+03
1.9953E-01 -0.05 5.3636E+03
2.2387E-01 -0.05 4.2619E+03
2.5119E-01 -0.05 3.3810E+03
2.8184E-01 -0.05 2.6580E+03
3.1623E-01 -0.05 2.0715E+03
3.5481E-01 -0.05 1.6149E+03
3.9811E-01 -0.05 1.2499E+03
4.4668E-01 -0.05 9.6040E+02
5.0119E-01 -0.05 7.3977E+02
5.6234E-01 -0.05 5.7229E+02
6.3096E-01 -0.05 4.4055E+02
7.0795E-01 -0.05 3.3809E+02
7.9433E-01 -0.05 2.5864E+02
8.9125E-01 -0.05 1.9669E+02
1.0000E+00 -0.05 1.5096E+02
1.1220E+00 -0.05 1.1498E+02
1.2589E+00 -0.05 8.7573E+01
1.4125E+00 -0.05 6.7052E+01
1.5849E+00 -0.05 5.1126E+01
1.7783E+00 -0.05 3.8859E+01
1.9953E+00 -0.05 2.9166E+01
2.2387E+00 -0.05 2.1913E+01
2.5119E+00 -0.05 1.6538E+01
2.8184E+00 -0.05 1.2356E+01
3.1623E+00 -0.05 9.2267E+00
3.5481E+00 -0.05 6.8336E+00
3.9811E+00 -0.05 5.0878E+00
4.4668E+00 -0.05 3.7843E+00
5.0119E+00 -0.05 2.7747E+00
5.6234E+00 -0.05 2.0315E+00
6.3096E+00 -0.05 1.4950E+00
7.0795E+00 -0.05 1.0910E+00
7.9433E+00 -0.05 7.8691E-01
8.9125E+00 -0.05 5.7284E-01
1.0000E+01 -0.05 4.1451E-01
1.1220E+01 -0.05 2.9968E-01
1.2589E+01 -0.05 2.1541E-01
1.4125E+01 -0.05 1.5611E-01
1.5849E+01 -0.05 1.1379E-01
1.7783E+01 -0.05 8.1931E-02
1.9953E+01 -0.05 5.8735E-02
2.2387E+01 -0.05 4.1687E-02
2.5119E+01 -0.05 3.0210E-02
2.8184E+01 -0.05 2.1720E-02
3.1623E+01 -0.05 1.5719E-02
3.5481E+01 -0.05 1.1255E-02
3.9811E+01 -0.05 8.0662E-03
4.4668E+01 -0.05 5.7754E-03
5.0119E+01 -0.05 4.1267E-03
5.6234E+01 -0.05 2.9470E-03
6.3096E+01 -0.05 2.1055E-03
7.0795E+01 -0.05 1.5019E-03
7.9433E+01 -0.05 1.0714E-03
8.9125E+01 -0.05 7.6371E-04
1.0000E+02 -0.05 5.4304E-04
1.1220E+02 -0.05 3.8583E-04
1.2589E+02 -0.05 2.7413E-04
1.4125E+02 -0.05 1.9442E-04
1.5849E+02 -0.05 1.3781E-04
1.7783E+02 -0.05 9.7601E-05
1.9953E+02 -0.05 6.9005E-05
2.2387E+02 -0.05 4.8727E-05
2.5119E+02 -0.05 3.4333E-05
2.8184E+02 -0.05 2.4183E-05
3.1623E+02 -0.05 1.7030E-05
3.5481E+02 -0.05 1.1966E-05
3.9811E+02 -0.05 8.4089E-06
4.4668E+02 -0.05 5.8981E-06
5.0119E+02 -0.05 4.1361E-06
5.6234E+02 -0.05 2.8983E-06
6.3096E+02 -0.05 2.0265E-06
7.0795E+02 -0.05 1.4177E-06
7.9433E+02 -0.05 9.8970E-07
8.9125E+02 -0.05 6.9036E-07
1.0000E+03 -0.05 4.8206E-07
1.1220E+03 -0.05 3.3605E-07
1.2589E+03 -0.05 2.3393E-07
1.4125E+03 -0.05 1.6257E-07
1.5849E+03 -0.05 1.1312E-07
1.7783E+03 -0.05 7.8542E-08
1.9953E+03 -0.05 5.4584E-08
2.2387E+03 -0.05 3.7811E-08
2.5119E+03 -0.05 2.6174E-08
2.8184E+03 -0.05 1.8093E-08
3.1623E+03 -0.05 1.2582E-08
3.5481E+03 -0.05 8.6212E-09
3.9811E+03 -0.05 5.9190E-09
4.4668E+03 -0.05 4.0615E-09
5.0119E+03 -0.05 2.7755E-09
5.6234E+03 -0.05 1.8955E-09
6.3096E+03 -0.05 1.2960E-09
7.0795E+03 -0.05 8.8068E-10
7.9433E+03 -0.05 5.9781E-10
8.9125E+03 -0.05 4.0538E-10
1.0000E+04 -0.05 2.7429E-10
1.0000E-01 -0.15 1.2490E+04
1.1220E-01 -0.15 1.0611E+04
1.2589E-01 -0.15 8.9953E+03
1.4125E-01 -0.15 7.5570E+03
1.5849E-01 -0.15 6.2799E+03
1.7783E-01 -0.15 5.1673E+03
1.9953E-01 -0.15 4.2187E+03
2.2387E-01 -0.15 3.4049E+03
2.5119E-01 -0.15 2.7223E+03
2.8184E-01 -0.15 2.1668E+03
3.1623E-01 -0.15 1.7135E+03
3.5481E-01 -0.15 1.3482E+03
3.9811E-01 -0.15 1.0550E+03
4.4668E-01 -0.15 8.2479E+02
5.0119E-01 -0.15 6.4239E+02
5.6234E-01 -0.15 4.9708E+02
6.3096E-01 -0.15 3.8601E+02
7.0795E-01 -0.15 2.9856E+02
7.9433E-01 -0.15 2.3134E+02
8.9125E-01 -0.15 1.7889E+02
1.0000E+00 -0.15 1.3744E+02
1.1220E+00 -0.15 1.0615E+02
1.2589E+00 -0.15 8.1947E+01
1.4125E+00 -0.15 6.2560E+01
1.5849E+00 -0.15 4.7843E+01
1.7783E+00 -0.15 3.6515E+01
1.9953E+00 -0.15 2.7667E+01
2.2387E+00 -0.15 2.0918E+01
2.5119E+00 -0.15 1.5845E+01
2.8184E+00 -0.15 1.1879E+01
3.1623E+00 -0.15 8.8290E+00
3.5481E+00 -0.15 6.5680E+00
3.9811E+00 -0.15 4.8608E+00
4.4668E+00 -0.15 3.5765E+00
5.0119E+00 -0.15 2.6252E+00
5.6234E+00 -0.15 1.9251E+00
6.3096E+00 -0.15 1.4045E+00
7.0795E+00 -0.15 1.0171E+00
7.9433E+00 -0.15 7.3653E-01
8.9125E+00 -0.15 5.3448E-01
1.0000E+01 -0.15 3.8416E-01
1.1220E+01 -0.15 2.7617E-01
1.2589E+01 -0.15 1.9812E-01
1.4125E+01 -0.15 1.4198E-01
1.5849E+01 -0.15 1.0188E-01
1.7783E+01 -0.15 7.2780E-02
1.9953E+01 -0.15 5.2067E-02
2.2387E+01 -0.15 3.7268E-02
2.5119E+01 -0.15 2.6631E-02
2.8184E+01 -0.15 1.9177E-02
3.1623E+01 -0.15 1.3603E-02
3.5481E+01 -0.15 9.7244E-03
3.9811E+01 -0.15 6.9455E-03
4.4668E+01 -0.15 4.9544E-03
5.0119E+01 -0.15 3.5297E-03
5.6234E+01 -0.15 2.5161E-03
6.3096E+01 -0.15 1.7949E-03
7.0795E+01 -0.15 1.2776E-03
7.9433E+01 -0.15 9.0912E-04
8.9125E+01 -0.15 6.4760E-04
1.0000E+02 -0.15 4.5874E-04
1.1220E+02 -0.15 3.2535E-04
1.2589E+02 -0.15 2.3066E-04
1.4125E+02 -0.15 1.6324E-04
1.5849E+02 -0.15 1.1548E-04
1.7783E+02 -0.15 8.1664E-05
1.9953E+02 -0.15 5.7585E-05
2.2387E+02 -0.15 4.0542E-05
2.5119E+02 -0.15 2.8510E-05
2.8184E+02 -0.15 2.0083E-05
3.1623E+02 -0.15 1.4086E-05
3.5481E+02 -0.15 9.8757E-06
3.9811E+02 -0.15 6.9257E-06
4.4668E+02 -0.15 4.8511E-06
5.0119E+02 -0.15 3.3978E-06
5.6234E+02 -0.15 2.3833E-06
6.3096E+02 -0.15 1.6648E-06
7.0795E+02 -0.15 1.1619E-06
7.9433E+02 -0.15 8.1187E-07
8.9125E+02 -0.15 5.6563E-07
1.0000E+03 -0.15 3.9496E-07
1.1220E+03 -0.15 2.7446E-07
1.2589E+03 -0.15 1.9071E-07
1.4125E+03 -0.15 1.3257E-07
1.5849E+03 -0.15 9.1906E-08
1.7783E+03 -0.15 6.3530E-08
1.9953E+03 -0.15 4.3999E-08
2.2387E+03 -0.15 3.0395E-08
2.5119E+03 -0.15 2.0937E-08
2.8184E+03 -0.15 1.4383E-08
3.1623E+03 -0.15 9.9708E-09
3.5481E+03 -0.15 6.7483E-09
3.9811E+03 -0.15 4.6036E-09
4.4668E+03 -0.15 3.1333E-09
5.0119E+03 -0.15 2.1354E-09
5.6234E+03 -0.15 1.4508E-09
6.3096E+03 -0.15 9.8062E-10
7.0795E+03 -0.15 6.6294E-10
7.9433E+03 -0.15 4.4563E-10
8.9125E+03 -0.15 2.9894E-10
1.0000E+04 -0.15 2.0014E-10
1.0000E-01 -0.25 1.0345E+04
1.1220E-01 -0.25 8.8460E+03
1.2589E-01 -0.25 7.5419E+03
1.4125E-01 -0.25 6.3969E+03
1.5849E-01 -0.25 5.3824E+03
1.7783E-01 -0.25 4.4748E+03
1.9953E-01 -0.25 3.6708E+03
2.2387E-01 -0.25 2.9856E+03
2.5119E-01 -0.25 2.4118E+03
2.8184E-01 -0.25 1.9338E+03
3.1623E-01 -0.25 1.5453E+03
3.5481E-01 -0.25 1.2286E+03
3.9811E-01 -0.25 9.7091E+02
4.4668E-01 -0.25 7.6640E+02
5.0119E-01 -0.25 6.0229E+02
5.6234E-01 -0.25 4.7112E+02
6.3096E-01 -0.25 3.6840E+02
7.0795E-01 -0.25 2.8719E+02
7.9433E-01 -0.25 2.2307E+02
8.9125E-01 -0.25 1.7233E+02
1.0000E+00 -0.25 1.3339E+02
1.1220E+00 -0.25 1.0310E+02
1.2589E+00 -0.25 7.9374E+01
1.4125E+00 -0.25 6.0903E+01
1.5849E+00 -0.25 4.6513E+01
1.7783E+00 -0.25 3.5446E+01
1.9953E+00 -0.25 2.6849E+01
2.2387E+00 -0.25 2.0251E+01
2.5119E+00 -0.25 1.5223E+01
2.8184E+00 -0.25 1.1349E+01
3.1623E+00 -0.25 8.4138E+00
3.5481E+00 -0.25 6.2268E+00
3.9811E+00 -0.25 4.5886E+00
4.4668E+00 -0.25 3.3661E+00
5.0119E+00 -0.25 2.4570E+00
5.6234E+00 -0.25 1.7872E+00
6.3096E+00 -0.25 1.3027E+00
7.0795E+00 -0.25 9.3945E-01
7.9433E+00 -0.25 6.7565E-01
8.9125E+00 -0.25 4.8722E-01
1.0000E+01 -0.25 3.5009E-01
1.1220E+01 -0.25 2.5086E-01
1.2589E+01 -0.25 1.7984E-01
1.4125E+01 -0.25 1.2807E-01
1.5849E+01 -0.25 9.0886E-02
1.7783E+01 -0.25 6.5148E-02
1.9953E+01 -0.25 4.6820E-02
2.2387E+01 -0.25 3.3443E-02
2.5119E+01 -0.25 2.3938E-02
2.8184E+01 -0.25 1.7080E-02
3.1623E+01 -0.25 1.2113E-02
3.5481E+01 -0.25 8.6441E-03
3.9811E+01 -0.25 6.1658E-03
4.4668E+01 -0.25 4.3906E-03
5.0119E+01 -0.25 3.1231E-03
5.6234E+01 -0.25 2.2222E-03
6.3096E+01 -0.25 1.5787E-03
7.0795E+01 -0.25 1.1217E-03
7.9433E+01 -0.25 7.9608E-04
8.9125E+01 -0.25 5.6467E-04
1.0000E+02 -0.25 4.0010E-04
1.1220E+02 -0.25 2.8284E-04
1.2589E+02 -0.25 1.9981E-04
1.4125E+02 -0.25 1.4110E-04
1.5849E+02 -0.25 9.9370E-05
1.7783E+02 -0.25 6.9872E-05
1.9953E+02 -0.25 4.9150E-05
2.2387E+02 -0.25 3.4475E-05
2.5119E+02 -0.25 2.4229E-05
2.8184E+02 -0.25 1.7024E-05
3.1623E+02 -0.25 1.1928E-05
3.5481E+02 -0.25 8.3423E-06
3.9811E+02 -0.25 5.8384E-06
4.4668E+02 -0.25 4.0813E-06
5.0119E+02 -0.25 2.8499E-06
5.6234E+02 -0.25 1.9955E-06
6.3096E+02 -0.25 1.3889E-06
7.0795E+02 -0.25 9.6802E-07
7.9433E+02 -0.25 6.7438E-07
8.9125E+02 -0.25 4.6859E-07
1.0000E+03 -0.25 3.2656E-07
1.1220E+03 -0.25 2.2618E-07
1.2589E+03 -0.25 1.5638E-07
1.4125E+03 -0.25 1.0786E-07
1.5849E+03 -0.25 7.4452E-08
1.7783E+03 -0.25 5.1227E-08
1.9953E+03 -0.25 3.5318E-08
2.2387E+03 -0.25 2.4220E-08
2.5119E+03 -0.25 1.6602E-08
2.8184E+03 -0.25 1.1337E-08
3.1623E+03 -0.25 7.8230E-09
3.5481E+03 -0.25 5.2307E-09
3.9811E+03 -0.25 3.5452E-09
4.4668E+03 -0.25 2.3972E-09
5.0119E+03 -0.25 1.6154E-09
5.6234E+03 -0.25 1.0879E-09
6.3096E+03 -0.25 7.3298E-10
7.0795E+03 -0.25 4.9109E-10
7.9433E+03 -0.25 3.2752E-10
8.9125E+03 -0.25 2.1853E-10
1.0000E+04 -0.25 1.4634E-10
1.0000E-01 -0.35 8.7487E+03
1.1220E-01 -0.35 7.5770E+03
1.2589E-01 -0.35 6.5286E+03
1.4125E-01 -0.35 5.5887E+03
1.5849E-01 -0.35 4.7429E+03
1.7783E-01 -0.35 3.9820E+03
1.9953E-01 -0.35 3.3120E+03
2.2387E-01 -0.35 2.7271E+03
2.5119E-01 -0.35 2.2252E+03
2.8184E-01 -0.35 1.8038E+03
3.1623E-01 -0.35 1.4557E+03
3.5481E-01 -0.35 1.1666E+03
3.9811E-01 -0.35 9.2836E+02
4.4668E-01 -0.35 7.3670E+02
5.0119E-01 -0.35 5.8195E+02
5.6234E-01 -0.35 4.5810E+02
6.3096E-01 -0.35 3.5902E+02
7.0795E-01 -0.35 2.8014E+02
7.9433E-01 -0.35 2.1857E+02
8.9125E-01 -0.35 1.6922E+02
1.0000E+00 -0.35 1.3106E+02
1.1220E+00 -0.35 1.0111E+02
1.2589E+00 -0.35 7.7807E+01
1.4125E+00 -0.35 5.9761E+01
1.5849E+00 -0.35 4.5654E+01
1.7783E+00 -0.35 3.4564E+01
1.9953E+00 -0.35 2.6013E+01
2.2387E+00 -0.35 1.9483E+01
2.5119E+00 -0.35 1.4514E+01
2.8184E+00 -0.35 1.0791E+01
3.1623E+00 -0.35 8.0378E+00
3.5481E+00 -0.35 5.9284E+00
3.9811E+00 -0.35 4.3536E+00
4.4668E+00 -0.35 3.1836E+00
5.0119E+00 -0.35 2.3237E+00
5.6234E+00 -0.35 1.6867E+00
6.3096E+00 -0.35 1.2183E+00
7.0795E+00 -0.35 8.7906E-01
7.9433E+00 -0.35 6.2905E-01
8.9125E+00 -0.35 4.5223E-01
1.0000E+01 -0.35 3.2435E-01
1.1220E+01 -0.35 2.3129E-01
1.2589E+01 -0.35 1.6524E-01
1.4125E+01 -0.35 1.1827E-01
1.5849E+01 -0.35 8.4649E-02
1.7783E+01 -0.35 6.0198E-02
1.9953E+01 -0.35 4.2891E-02
2.2387E+01 -0.35 3.0665E-02
2.5119E+01 -0.35 2.1824E-02
2.8184E+01 -0.35 1.5560E-02
3.1623E+01 -0.35 1.1124E-02
3.5481E+01 -0.35 7.9189E-03
3.9811E+01 -0.35 5.6331E-03
4.4668E+01 -0.35 4.0051E-03
5.0119E+01 -0.35 2.8461E-03
5.6234E+01 -0.35 2.0208E-03
6.3096E+01 -0.35 1.4335E-03
7.0795E+01 -0.35 1.0155E-03
7.9433E+01 -0.35 7.1753E-04
8.9125E+01 -0.35 5.0760E-04
1.0000E+02 -0.35 3.5884E-04
1.1220E+02 -0.35 2.5310E-04
1.2589E+02 -0.35 1.7809E-04
1.4125E+02 -0.35 1.2529E-04
1.5849E+02 -0.35 8.8170E-05
1.7783E+02 -0.35 6.1910E-05
1.9953E+02 -0.35 4.3380E-05
2.2387E+02 -0.35 3.0444E-05
2.5119E+02 -0.35 2.1301E-05
2.8184E+02 -0.35 1.4917E-05
3.1623E+02 -0.35 1.0443E-05
3.5481E+02 -0.35 7.2880E-06
3.9811E+02 -0.35 5.0874E-06
4.4668E+02 -0.35 3.5530E-06
5.0119E+02 -0.35 2.4786E-06
5.6234E+02 -0.35 1.7311E-06
6.3096E+02 -0.35 1.2018E-06
7.0795E+02 -0.35 8.3430E-07
7.9433E+02 -0.35 5.7912E-07
8.9125E+02 -0.35 4.0222E-07
1.0000E+03 -0.35 2.7914E-07
1.1220E+03 -0.35 1.9205E-07
1.2589E+03 -0.35 1.3239E-07
1.4125E+03 -0.35 9.1104E-08
1.5849E+03 -0.35 6.2479E-08
1.7783E+03 -0.35 4.2696E-08
1.9953E+03 -0.35 2.9285E-08
2.2387E+03 -0.35 1.9972E-08
2.5119E+03 -0.35 1.3625E-08
2.8184E+03 -0.35 9.2427E-09
3.1623E+03 -0.35 6.3789E-09
3.5481E+03 -0.35 4.2255E-09
3.9811E+03 -0.35 2.8418E-09
4.4668E+03 -0.35 1.9070E-09
5.0119E+03 -0.35 1.2815E-09
5.6234E+03 -0.35 8.5829E-10
6.3096E+03 -0.35 5.7378E-10
7.0795E+03 -0.35 3.8217E-10
7.9433E+03 -0.35 2.5394E-10
8.9125E+03 -0.35 1.6867E-10
1.0000E+04 -0.35 1.1168E-10
1.0000E-01 -0.45 7.8413E+03
1.1220E-01 -0.45 6.8602E+03
1.2589E-01 -0.45 5.9858E+03
1.4125E-01 -0.45 5.1854E+03
1.5849E-01 -0.45 4.4433E+03
1.7783E-01 -0.45 3.7687E+03
1.9953E-01 -0.45 3.1682E+03
2.2387E-01 -0.45 2.6381E+03
2.5119E-01 -0.45 2.1725E+03
2.8184E-01 -0.45 1.7765E+03
3.1623E-01 -0.45 1.4453E+03
3.5481E-01 -0.45 1.1642E+03
3.9811E-01 -0.45 9.3127E+02
4.4668E-01 -0.45 7.4406E+02
5.0119E-01 -0.45 5.8889E+02
5.6234E-01 -0.45 4.6394E+02
6.3096E-01 -0.45 3.6507E+02
7.0795E-01 -0.45 2.8526E+02
7.9433E-01 -0.45 2.2212E+02
8.9125E-01 -0.45 1.7224E+02
1.0000E+00 -0.45 1.3302E+02
1.1220E+00 -0.45 1.0250E+02
1.2589E+00 -0.45 7.8561E+01
1.4125E+00 -0.45 5.9897E+01
1.5849E+00 -0.45 4.5507E+01
1.7783E+00 -0.45 3.4367E+01
1.9953E+00 -0.45 2.5827E+01
2.2387E+00 -0.45 1.9321E+01
2.5119E+00 -0.45 1.4367E+01
2.8184E+00 -0.45 1.0618E+01
3.1623E+00 -0.45 7.8121E+00
3.5481E+00 -0.45 5.7295E+00
3.9811E+00 -0.45 4.1860E+00
4.4668E+00 -0.45 3.0432E+00
5.0119E+00 -0.45 2.2107E+00
5.6234E+00 -0.45 1.6028E+00
6.3096E+00 -0.45 1.1548E+00
7.0795E+00 -0.45 8.3230E-01
7.9433E+00 -0.45 5.9707E-01
8.9125E+00 -0.45 4.2758E-01
1.0000E+01 -0.45 3.0565E-01
1.1220E+01 -0.45 2.1850E-01
1.2589E+01 -0.45 1.5563E-01
1.4125E+01 -0.45 1.1083E-01
1.5849E+01 -0.45 7.9497E-02
1.7783E+01 -0.45 5.6714E-02
1.9953E+01 -0.45 4.0264E-02
2.2387E+01 -0.45 2.8761E-02
2.5119E+01 -0.45 2.0452E-02
2.8184E+01 -0.45 1.4607E-02
3.1623E+01 -0.45 1.0400E-02
3.5481E+01 -0.45 7.3871E-03
3.9811E+01 -0.45 5.2463E-03
4.4668E+01 -0.45 3.7229E-03
5.0119E+01 -0.45 2.6395E-03
5.6234E+01 -0.45 1.8695E-03
6.3096E+01 -0.45 1.3245E-03
7.0795E+01 -0.45 9.3626E-04
7.9433E+01 -0.45 6.6008E-04
8.9125E+01 -0.45 4.6602E-04
1.0000E+02 -0.45 3.2816E-04
1.1220E+02 -0.45 2.3105E-04
1.2589E+02 -0.45 1.6237E-04
1.4125E+02 -0.45 1.1403E-04
1.5849E+02 -0.45 8.0010E-05
1.7783E+02 -0.45 5.6082E-05
1.9953E+02 -0.45 3.9252E-05
2.2387E+02 -0.45 2.7463E-05
2.5119E+02 -0.45 1.9214E-05
2.8184E+02 -0.45 1.3434E-05
3.1623E+02 -0.45 9.3937E-06
3.5481E+02 -0.45 6.5362E-06
3.9811E+02 -0.45 4.5531E-06
4.4668E+02 -0.45 3.1723E-06
5.0119E+02 -0.45 2.2042E-06
5.6234E+02 -0.45 1.5394E-06
6.3096E+02 -0.45 1.0664E-06
7.0795E+02 -0.45 7.3919E-07
7.9433E+02 -0.45 5.1151E-07
8.9125E+02 -0.45 3.5364E-07
1.0000E+03 -0.45 2.4509E-07
1.1220E+03 -0.45 1.6759E-07
1.2589E+03 -0.45 1.1511E-07
1.4125E+03 -0.45 7.8979E-08
1.5849E+03 -0.45 5.3950E-08
1.7783E+03 -0.45 3.6754E-08
1.9953E+03 -0.45 2.5028E-08
2.2387E+03 -0.45 1.6991E-08
2.5119E+03 -0.45 1.1553E-08
2.8184E+03 -0.45 7.8013E-09
3.1623E+03 -0.45 5.3780E-09
3.5481E+03 -0.45 3.5267E-09
3.9811E+03 -0.45 2.3637E-09
4.4668E+03 -0.45 1.5769E-09
5.0119E+03 -0.45 1.0552E-09
5.6234E+03 -0.45 7.0341E-10
6.3096E+03 -0.45 4.6823E-10
7.0795E+03 -0.45 3.1034E-10
7.9433E+03 -0.45 2.0610E-10
8.9125E+03 -0.45 1.3696E-10
1.0000E+04 -0.45 9.0428E-11
1.0000E-01 -0.55 7.8127E+03
1.1220E-01 -0.55 6.9059E+03
1.2589E-01 -0.55 6.0761E+03
1.4125E-01 -0.55 5.3048E+03
1.5849E-01 -0.55 4.5862E+03
1.7783E-01 -0.55 3.9273E+03
1.9953E-01 -0.55 3.3268E+03
2.2387E-01 -0.55 2.7869E+03
2.5119E-01 -0.55 2.3096E+03
2.8184E-01 -0.55 1.8956E+03
3.1623E-01 -0.55 1.5457E+03
3.5481E-01 -0.55 1.2487E+03
3.9811E-01 -0.55 1.0021E+03
4.4668E-01 -0.55 8.0018E+02
5.0119E-01 -0.55 6.3432E+02
5.6234E-01 -0.55 4.9861E+02
6.3096E-01 -0.55 3.8938E+02
7.0795E-01 -0.55 3.0297E+02
7.9433E-01 -0.55 2.3415E+02
8.9125E-01 -0.55 1.8021E+02
1.0000E+00 -0.55 1.3837E+02
1.1220E+00 -0.55 1.0571E+02
1.2589E+00 -0.55 8.0513E+01
1.4125E+00 -0.55 6.1011E+01
1.5849E+00 -0.55 4.6052E+01
1.7783E+00 -0.55 3.4490E+01
1.9953E+00 -0.55 2.5664E+01
2.2387E+00 -0.55 1.9108E+01
2.5119E+00 -0.55 1.4119E+01
2.8184E+00 -0.55 1.0381E+01
3.1623E+00 -0.55 7.6341E+00
3.5481E+00 -0.55 5.5652E+00
3.9811E+00 -0.55 4.0436E+00
4.4668E+00 -0.55 2.9360E+00
5.0119E+00 -0.55 2.1266E+00
5.6234E+00 -0.55 1.5360E+00
6.3096E+00 -0.55 1.1062E+00
7.0795E+00 -0.55 7.9555E-01
7.9433E+00 -0.55 5.6970E-01
8.9125E+00 -0.55 4.0780E-01
1.0000E+01 -0.55 2.9180E-01
1.1220E+01 -0.55 2.0831E-01
1.2589E+01 -0.55 1.4881E-01
1.4125E+01 -0.55 1.0589E-01
1.5849E+01 -0.55 7.5554E-02
1.7783E+01 -0.55 5.4037E-02
1.9953E+01 -0.55 3.8485E-02
2.2387E+01 -0.55 2.7373E-02
2.5119E+01 -0.55 1.9460E-02
2.8184E+01 -0.55 1.3840E-02
3.1623E+01 -0.55 9.8312E-03
3.5481E+01 -0.55 6.9786E-03
3.9811E+01 -0.55 4.9476E-03
4.4668E+01 -0.55 3.5089E-03
5.0119E+01 -0.55 2.4836E-03
5.6234E+01 -0.55 1.7549E-03
6.3096E+01 -0.55 1.2392E-03
7.0795E+01 -0.55 8.7364E-04
7.9433E+01 -0.55 6.1554E-04
8.9125E+01 -0.55 4.3364E-04
1.0000E+02 -0.55 3.0531E-04
1.1220E+02 -0.55 2.1441E-04
1.2589E+02 -0.55 1.5062E-04
1.4125E+02 -0.55 1.0561E-04
1.5849E+02 -0.55 7.3925E-05
1.7783E+02 -0.55 5.1688E-05
1.9953E+02 -0.55 3.6170E-05
2.2387E+02 -0.55 2.5312E-05
2.5119E+02 -0.55 1.7687E-05
2.8184E+02 -0.55 1.2339E-05
3.1623E+02 -0.55 8.6025E-06
3.5481E+02 -0.55 5.9821E-06
3.9811E+02 -0.55 4.1628E-06
4.4668E+02 -0.55 2.8940E-06
5.0119E+02 -0.55 2.0075E-06
5.6234E+02 -0.55 1.3997E-06
6.3096E+02 -0.55 9.6664E-07
7.0795E+02 -0.55 6.6731E-07
7.9433E+02 -0.55 4.6000E-07
8.9125E+02 -0.55 3.1707E-07
1.0000E+03 -0.55 2.1963E-07
1.1220E+03 -0.55 1.4958E-07
1.2589E+03 -0.55 1.0247E-07
1.4125E+03 -0.55 6.9900E-08
1.5849E+03 -0.55 4.7634E-08
1.7783E+03 -0.55 3.2331E-08
1.9953E+03 -0.55 2.1935E-08
2.2387E+03 -0.55 1.4846E-08
2.5119E+03 -0.55 9.9916E-09
2.8184E+03 -0.55 6.7242E-09
3.1623E+03 -0.55 4.6393E-09
3.5481E+03 -0.55 3.0214E-09
3.9811E+03 -0.55 2.0183E-09
4.4668E+03 -0.55 1.3451E-09
5.0119E+03 -0.55 8.9844E-10
5.6234E+03 -0.55 5.9572E-10
6.3096E+03 -0.55 3.9643E-10
7.0795E+03 -0.55 2.6312E-10
7.9433E+03 -0.55 1.7423E-10
8.9125E+03 -0.55 1.1492E-10
1.0000E+04 -0.55 7.5560E-11
1.0000E-01 -0.65 8.2350E+03
1.1220E-01 -0.65 7.3212E+03
1.2589E-01 -0.65 6.4775E+03
1.4125E-01 -0.65 5.6827E+03
1.5849E-01 -0.65 4.9339E+03
1.7783E-01 -0.65 4.2357E+03
1.9953E-01 -0.65 3.5931E+03
2.2387E-01 -0.65 3.0080E+03
2.5119E-01 -0.65 2.4902E+03
2.8184E-01 -0.65 2.0443E+03
3.1623E-01 -0.65 1.6630E+03
3.5481E-01 -0.65 1.3407E+03
3.9811E-01 -0.65 1.0715E+03
4.4668E-01 -0.65 8.4975E+02
5.0119E-01 -0.65 6.6790E+02
5.6234E-01 -0.65 5.2134E+02
6.3096E-01 -0.65 4.0578E+02
7.0795E-01 -0.65 3.1318E+02
7.9433E-01 -0.65 2.4021E+02
8.9125E-01 -0.65 1.8398E+02
1.0000E+00 -0.65 1.4062E+02
1.1220E+00 -0.65 1.0691E+02
1.2589E+00 -0.65 8.0843E+01
1.4125E+00 -0.65 6.0969E+01
1.5849E+00 -0.65 4.5946E+01
1.7783E+00 -0.65 3.4310E+01
1.9953E+00 -0.65 2.5420E+01
2.2387E+00 -0.65 1.8753E+01
2.5119E+00 -0.65 1.3857E+01
2.8184E+00 -0.65 1.0195E+01
3.1623E+00 -0.65 7.4304E+00
3.5481E+00 -0.65 5.4087E+00
3.9811E+00 -0.65 3.9281E+00
4.4668E+00 -0.65 2.8473E+00
5.0119E+00 -0.65 2.0546E+00
5.6234E+00 -0.65 1.4804E+00
6.3096E+00 -0.65 1.0636E+00
7.0795E+00 -0.65 7.6333E-01
7.9433E+00 -0.65 5.4866E-01
8.9125E+00 -0.65 3.9266E-01
1.0000E+01 -0.65 2.8050E-01
1.1220E+01 -0.65 2.0042E-01
1.2589E+01 -0.65 1.4266E-01
1.4125E+01 -0.65 1.0142E-01
1.5849E+01 -0.65 7.2321E-02
1.7783E+01 -0.65 5.1404E-02
1.9953E+01 -0.65 3.6540E-02
2.2387E+01 -0.65 2.6061E-02
2.5119E+01 -0.65 1.8593E-02
2.8184E+01 -0.65 1.3201E-02
3.1623E+01 -0.65 9.3799E-03
3.5481E+01 -0.65 6.6463E-03
3.9811E+01 -0.65 4.7088E-03
4.4668E+01 -0.65 3.3315E-03
5.0119E+01 -0.65 2.3555E-03
5.6234E+01 -0.65 1.6635E-03
6.3096E+01 -0.65 1.1711E-03
7.0795E+01 -0.65 8.2669E-04
7.9433E+01 -0.65 5.8203E-04
8.9125E+01 -0.65 4.0851E-04
1.0000E+02 -0.65 2.8718E-04
1.1220E+02 -0.65 2.0124E-04
1.2589E+02 -0.65 1.4104E-04
1.4125E+02 -0.65 9.8787E-05
1.5849E+02 -0.65 6.9175E-05
1.7783E+02 -0.65 4.8444E-05
1.9953E+02 -0.65 3.3825E-05
2.2387E+02 -0.65 2.3590E-05
2.5119E+02 -0.65 1.6427E-05
2.8184E+02 -0.65 1.1462E-05
3.1623E+02 -0.65 7.9976E-06
3.5481E+02 -0.65 5.5532E-06
3.9811E+02 -0.65 3.8540E-06
4.4668E+02 -0.65 2.6781E-06
5.0119E+02 -0.65 1.8570E-06
5.6234E+02 -0.65 1.2921E-06
6.3096E+02 -0.65 8.8763E-07
7.0795E+02 -0.65 6.1150E-07
7.9433E+02 -0.65 4.2173E-07
8.9125E+02 -0.65 2.8964E-07
1.0000E+03 -0.65 2.0010E-07
1.1220E+03 -0.65 1.3580E-07
1.2589E+03 -0.65 9.2755E-08
1.4125E+03 -0.65 6.2993E-08
1.5849E+03 -0.65 4.2695E-08
1.7783E+03 -0.65 2.8933E-08
1.9953E+03 -0.65 1.9558E-08
2.2387E+03 -0.65 1.3194E-08
2.5119E+03 -0.65 8.8922E-09
2.8184E+03 -0.65 5.9548E-09
3.1623E+03 -0.65 4.0909E-09
3.5481E+03 -0.65 2.6629E-09
3.9811E+03 -0.65 1.7736E-09
4.4668E+03 -0.65 1.1776E-09
5.0119E+03 -0.65 7.8201E-10
5.6234E+03 -0.65 5.1876E-10
6.3096E+03 -0.65 3.4303E-10
7.0795E+03 -0.65 2.2637E-10
7.9433E+03 -0.65 1.4960E-10
8.9125E+03 -0.65 9.8557E-11
1.0000E+04 -0.65 6.5112E-11
1.0000E-01 -0.75 7.8453E+03
1.1220E-01 -0.75 7.0319E+03
1.2589E-01 -0.75 6.2554E+03
1.4125E-01 -0.75 5.5222E+03
1.5849E-01 -0.75 4.8197E+03
1.7783E-01 -0.75 4.1541E+03
1.9953E-01 -0.75 3.5373E+03
2.2387E-01 -0.75 2.9723E+03
2.5119E-01 -0.75 2.4703E+03
2.8184E-01 -0.75 2.0313E+03
3.1623E-01 -0.75 1.6527E+03
3.5481E-01 -0.75 1.3319E+03
3.9811E-01 -0.75 1.0663E+03
4.4668E-01 -0.75 8.4651E+02
5.0119E-01 -0.75 6.6604E+02
5.6234E-01 -0.75 5.2076E+02
6.3096E-01 -0.75 4.0386E+02
7.0795E-01 -0.75 3.1145E+02
7.9433E-01 -0.75 2.3926E+02
8.9125E-01 -0.75 1.8270E+02
1.0000E+00 -0.75 1.3906E+02
1.1220E+00 -0.75 1.0554E+02
1.2589E+00 -0.75 7.9788E+01
1.4125E+00 -0.75 6.0088E+01
1.5849E+00 -0.75 4.5092E+01
1.7783E+00 -0.75 3.3651E+01
1.9953E+00 -0.75 2.4944E+01
2.2387E+00 -0.75 1.8418E+01
2.5119E+00 -0.75 1.3564E+01
2.8184E+00 -0.75 9.8912E+00
3.1623E+00 -0.75 7.2317E+00
3.5481E+00 -0.75 5.2656E+00
3.9811E+00 -0.75 3.8201E+00
4.4668E+00 -0.75 2.7653E+00
5.0119E+00 -0.75 1.9980E+00
5.6234E+00 -0.75 1.4371E+00
6.3096E+00 -0.75 1.0316E+00
7.0795E+00 -0.75 7.3937E-01
7.9433E+00 -0.75 5.2972E-01
8.9125E+00 -0.75 3.7878E-01
1.0000E+01 -0.75 2.7144E-01
1.1220E+01 -0.75 1.9351E-01
1.2589E+01 -0.75 1.3777E-01
1.4125E+01 -0.75 9.8261E-02
1.5849E+01 -0.75 7.0044E-02
1.7783E+01 -0.75 4.9929E-02
1.9953E+01 -0.75 3.5503E-02
2.2387E+01 -0.75 2.5237E-02
2.5119E+01 -0.75 1.7966E-02
2.8184E+01 -0.75 1.2722E-02
3.1623E+01 -0.75 8.9861E-03
3.5481E+01 -0.75 6.3598E-03
3.9811E+01 -0.75 4.4974E-03
4.4668E+01 -0.75 3.1802E-03
5.0119E+01 -0.75 2.2449E-03
5.6234E+01 -0.75 1.5824E-03
6.3096E+01 -0.75 1.1139E-03
7.0795E+01 -0.75 7.8213E-04
7.9433E+01 -0.75 5.4975E-04
8.9125E+01 -0.75 3.8668E-04
1.0000E+02 -0.75 2.7170E-04
1.1220E+02 -0.75 1.9029E-04
1.2589E+02 -0.75 1.3336E-04
1.4125E+02 -0.75 9.3330E-05
1.5849E+02 -0.75 6.5204E-05
1.7783E+02 -0.75 4.5533E-05
1.9953E+02 -0.75 3.1804E-05
2.2387E+02 -0.75 2.2169E-05
2.5119E+02 -0.75 1.5429E-05
2.8184E+02 -0.75 1.0754E-05
3.1623E+02 -0.75 7.4975E-06
3.5481E+02 -0.75 5.1893E-06
3.9811E+02 -0.75 3.5978E-06
4.4668E+02 -0.75 2.4948E-06
5.0119E+02 -0.75 1.7262E-06
5.6234E+02 -0.75 1.1995E-06
6.3096E+02 -0.75 8.2192E-07
7.0795E+02 -0.75 5.6478E-07
7.9433E+02 -0.75 3.8809E-07
8.9125E+02 -0.75 2.6630E-07
1.0000E+03 -0.75 1.8355E-07
1.1220E+03 -0.75 1.2399E-07
1.2589E+03 -0.75 8.4339E-08
1.4125E+03 -0.75 5.7226E-08
1.5849E+03 -0.75 3.8733E-08
1.7783E+03 -0.75 2.6149E-08
1.9953E+03 -0.75 1.7683E-08
2.2387E+03 -0.75 1.1878E-08
2.5119E+03 -0.75 7.9550E-09
2.8184E+03 -0.75 5.3253E-09
3.1623E+03 -0.75 3.6553E-09
3.5481E+03 -0.75 2.3663E-09
3.9811E+03 -0.75 1.5718E-09
4.4668E+03 -0.75 1.0412E-09
5.0119E+03 -0.75 6.9061E-10
5.6234E+03 -0.75 4.5882E-10
6.3096E+03 -0.75 3.0349E-10
7.0795E+03 -0.75 1.9925E-10
7.9433E+03 -0.75 1.3110E-10
8.9125E+03 -0.75 8.6462E-11
1.0000E+04 -0.75 5.6769E-11
1.0000E-01 -0.85 6.9475E+03
1.1220E-01 -0.85 6.2671E+03
1.2589E-01 -0.85 5.6083E+03
1.4125E-01 -0.85 4.9715E+03
1.5849E-01 -0.85 4.3619E+03
1.7783E-01 -0.85 3.7806E+03
1.9953E-01 -0.85 3.2313E+03
2.2387E-01 -0.85 2.7223E+03
2.5119E-01 -0.85 2.2698E+03
2.8184E-01 -0.85 1.8729E+03
3.1623E-01 -0.85 1.5306E+03
3.5481E-01 -0.85 1.2406E+03
3.9811E-01 -0.85 9.9572E+02
4.4668E-01 -0.85 7.9234E+02
5.0119E-01 -0.85 6.2583E+02
5.6234E-01 -0.85 4.9075E+02
6.3096E-01 -0.85 3.8233E+02
7.0795E-01 -0.85 2.9629E+02
7.9433E-01 -0.85 2.2839E+02
8.9125E-01 -0.85 1.7527E+02
1.0000E+00 -0.85 1.3358E+02
1.1220E+00 -0.85 1.0160E+02
1.2589E+00 -0.85 7.7014E+01
1.4125E+00 -0.85 5.8106E+01
1.5849E+00 -0.85 4.3603E+01
1.7783E+00 -0.85 3.2605E+01
1.9953E+00 -0.85 2.4229E+01
2.2387E+00 -0.85 1.7905E+01
2.5119E+00 -0.85 1.3161E+01
2.8184E+00 -0.85 9.6336E+00
3.1623E+00 -0.85 7.0297E+00
3.5481E+00 -0.85 5.1184E+00
3.9811E+00 -0.85 3.7122E+00
4.4668E+00 -0.85 2.6869E+00
5.0119E+00 -0.85 1.9401E+00
5.6234E+00 -0.85 1.3970E+00
6.3096E+00 -0.85 1.0053E+00
7.0795E+00 -0.85 7.2101E-01
7.9433E+00 -0.85 5.1517E-01
8.9125E+00 -0.85 3.6839E-01
1.0000E+01 -0.85 2.6268E-01
1.1220E+01 -0.85 1.8735E-01
1.2589E+01 -0.85 1.3327E-01
1.4125E+01 -0.85 9.4841E-02
1.5849E+01 -0.85 6.7610E-02
1.7783E+01 -0.85 4.8064E-02
1.9953E+01 -0.85 3.4201E-02
2.2387E+01 -0.85 2.4260E-02
2.5119E+01 -0.85 1.7163E-02
2.8184E+01 -0.85 1.2222E-02
3.1623E+01 -0.85 8.6314E-03
3.5481E+01 -0.85 6.1058E-03
3.9811E+01 -0.85 4.3177E-03
4.4668E+01 -0.85 3.0465E-03
5.0119E+01 -0.85 2.1503E-03
5.6234E+01 -0.85 1.5101E-03
6.3096E+01 -0.85 1.0625E-03
7.0795E+01 -0.85 7.4787E-04
7.9433E+01 -0.85 5.2456E-04
8.9125E+01 -0.85 3.6878E-04
1.0000E+02 -0.85 2.5806E-04
1.1220E+02 -0.85 1.8069E-04
1.2589E+02 -0.85 1.2647E-04
1.4125E+02 -0.85 8.8326E-05
1.5849E+02 -0.85 6.1641E-05
1.7783E+02 -0.85 4.3030E-05
1.9953E+02 -0.85 3.0015E-05
2.2387E+02 -0.85 2.0933E-05
2.5119E+02 -0.85 1.4590E-05
2.8184E+02 -0.85 1.0125E-05
3.1623E+02 -0.85 7.0533E-06
3.5481E+02 -0.85 4.8721E-06
3.9811E+02 -0.85 3.3757E-06
4.4668E+02 -0.85 2.3362E-06
5.0119E+02 -0.85 1.6128E-06
5.6234E+02 -0.85 1.1201E-06
6.3096E+02 -0.85 7.6638E-07
7.0795E+02 -0.85 5.2561E-07
7.9433E+02 -0.85 3.5983E-07
8.9125E+02 -0.85 2.4565E-07
1.0000E+03 -0.85 1.6924E-07
1.1220E+03 -0.85 1.1416E-07
1.2589E+03 -0.85 7.7454E-08
1.4125E+03 -0.85 5.2333E-08
1.5849E+03 -0.85 3.5322E-08
1.7783E+03 -0.85 2.3787E-08
1.9953E+03 -0.85 1.6019E-08
2.2387E+03 -0.85 1.0710E-08
2.5119E+03 -0.85 7.1650E-09
2.8184E+03 -0.85 4.7922E-09
3.1623E+03 -0.85 3.2953E-09
3.5481E+03 -0.85 2.1235E-09
3.9811E+03 -0.85 1.4108E-09
4.4668E+03 -0.85 9.3847E-10
5.0119E+03 -0.85 6.1898E-10
5.6234E+03 -0.85 4.0858E-10
6.3096E+03 -0.85 2.7070E-10
7.0795E+03 -0.85 1.7766E-10
7.9433E+03 -0.85 1.1699E-10
8.9125E+03 -0.85 7.7339E-11
1.0000E+04 -0.85 5.0514E-11
1.0000E-01 -0.95 6.7407E+03
1.1220E-01 -0.95 6.1157E+03
1.2589E-01 -0.95 5.5061E+03
1.4125E-01 -0.95 4.9061E+03
1.5849E-01 -0.95 4.3165E+03
1.7783E-01 -0.95 3.7521E+03
1.9953E-01 -0.95 3.2187E+03
2.2387E-01 -0.95 2.7260E+03
2.5119E-01 -0.95 2.2796E+03
2.8184E-01 -0.95 1.8836E+03
3.1623E-01 -0.95 1.5407E+03
3.5481E-01 -0.95 1.2473E+03
3.9811E-01 -0.95 1.0018E+03
4.4668E-01 -0.95 7.9836E+02
5.0119E-01 -0.95 6.3129E+02
5.6234E-01 -0.95 4.9472E+02
6.3096E-01 -0.95 3.8427E+02
7.0795E-01 -0.95 2.9761E+02
7.9433E-01 -0.95 2.2893E+02
8.9125E-01 -0.95 1.7478E+02
1.0000E+00 -0.95 1.3343E+02
1.1220E+00 -0.95 1.0122E+02
1.2589E+00 -0.95 7.6611E+01
1.4125E+00 -0.95 5.7666E+01
1.5849E+00 -0.95 4.3254E+01
1.7783E+00 -0.95 3.2194E+01
1.9953E+00 -0.95 2.3852E+01
2.2387E+00 -0.95 1.7608E+01
2.5119E+00 -0.95 1.2935E+01
2.8184E+00 -0.95 9.4731E+00
3.1623E+00 -0.95 6.8947E+00
3.5481E+00 -0.95 5.0206E+00
3.9811E+00 -0.95 3.6340E+00
4.4668E+00 -0.95 2.6231E+00
5.0119E+00 -0.95 1.8923E+00
5.6234E+00 -0.95 1.3618E+00
6.3096E+00 -0.95 9.7811E-01
7.0795E+00 -0.95 7.0152E-01
7.9433E+00 -0.95 5.0200E-01
8.9125E+00 -0.95 3.5814E-01
1.0000E+01 -0.95 2.5577E-01
1.1220E+01 -0.95 1.8256E-01
1.2589E+01 -0.95 1.2983E-01
1.4125E+01 -0.95 9.2481E-02
1.5849E+01 -0.95 6.5730E-02
1.7783E+01 -0.95 4.6693E-02
1.9953E+01 -0.95 3.3221E-02
2.2387E+01 -0.95 2.3592E-02
2.5119E+01 -0.95 1.6703E-02
2.8184E+01 -0.95 1.1791E-02
3.1623E+01 -0.95 8.3591E-03
3.5481E+01 -0.95 5.9053E-03
3.9811E+01 -0.95 4.1652E-03
4.4668E+01 -0.95 2.9352E-03
5.0119E+01 -0.95 2.0682E-03
5.6234E+01 -0.95 1.4561E-03
6.3096E+01 -0.95 1.0230E-03
7.0795E+01 -0.95 7.1902E-04
7.9433E+01 -0.95 5.0426E-04
8.9125E+01 -0.95 3.5349E-04
1.0000E+02 -0.95 2.4780E-04
1.1220E+02 -0.95 1.7308E-04
1.2589E+02 -0.95 1.2082E-04
1.4125E+02 -0.95 8.4363E-05
1.5849E+02 -0.95 5.8979E-05
1.7783E+02 -0.95 4.1160E-05
1.9953E+02 -0.95 2.8653E-05
2.2387E+02 -0.95 1.9970E-05
2.5119E+02 -0.95 1.3870E-05
2.8184E+02 -0.95 9.6510E-06
3.1623E+02 -0.95 6.7092E-06
3.5481E+02 -0.95 4.6287E-06
3.9811E+02 -0.95 3.2017E-06
4.4668E+02 -0.95 2.2071E-06
5.0119E+02 -0.95 1.5220E-06
5.6234E+02 -0.95 1.0564E-06
6.3096E+02 -0.95 7.1928E-07
7.0795E+02 -0.95 4.9258E-07
7.9433E+02 -0.95 3.3776E-07
8.9125E+02 -0.95 2.3021E-07
1.0000E+03 -0.95 1.5814E-07
1.1220E+03 -0.95 1.0627E-07
1.2589E+03 -0.95 7.1791E-08
1.4125E+03 -0.95 4.8602E-08
1.5849E+03 -0.95 3.2716E-08
1.7783E+03 -0.95 2.2008E-08
1.9953E+03 -0.95 1.4753E-08
2.2387E+03 -0.95 9.8454E-09
2.5119E+03 -0.95 6.5830E-09
2.8184E+03 -0.95 4.3775E-09
3.1623E+03 -0.95 3.0028E-09
3.5481E+03 -0.95 1.9343E-09
3.9811E+03 -0.95 1.2796E-09
4.4668E+03 -0.95 8.4666E-10
5.0119E+03 -0.95 5.6095E-10
5.6234E+03 -0.95 3.7061E-10
6.3096E+03 -0.95 2.4456E-10
7.0795E+03 -0.95 1.6051E-10
7.9433E+03 -0.95 1.0511E-10
8.9125E+03 -0.95 6.9226E-11
1.0000E+04 -0.95 4.5547E-11
