1.0000E-01 0.95 9.0955E+03
1.1220E-01 0.95 8.2473E+03
1.2589E-01 0.95 7.4336E+03
1.4125E-01 0.95 6.6559E+03
1.5849E-01 0.95 5.9169E+03
1.7783E-01 0.95 5.1971E+03
1.9953E-01 0.95 4.4804E+03
2.2387E-01 0.95 3.7831E+03
2.5119E-01 0.95 3.1321E+03
2.8184E-01 0.95 2.5526E+03
3.1623E-01 0.95 2.0536E+03
3.5481E-01 0.95 1.6336E+03
3.9811E-01 0.95 1.2863E+03
4.4668E-01 0.95 1.0047E+03
5.0119E-01 0.95 7.7882E+02
5.6234E-01 0.95 5.9960E+02
6.3096E-01 0.95 4.5884E+02
7.0795E-01 0.95 3.4893E+02
7.9433E-01 0.95 2.6375E+02
8.9125E-01 0.95 1.9828E+02
1.0000E+00 0.95 1.4837E+02
1.1220E+00 0.95 1.1068E+02
1.2589E+00 0.95 8.2789E+01
1.4125E+00 0.95 6.1308E+01
1.5849E+00 0.95 4.5348E+01
1.7783E+00 0.95 3.3497E+01
1.9953E+00 0.95 2.4680E+01
2.2387E+00 0.95 1.8146E+01
2.5119E+00 0.95 1.3314E+01
2.8184E+00 0.95 9.7464E+00
3.1623E+00 0.95 7.1005E+00
3.5481E+00 0.95 5.1499E+00
3.9811E+00 0.95 3.7267E+00
4.4668E+00 0.95 2.6919E+00
5.0119E+00 0.95 1.9401E+00
5.6234E+00 0.95 1.3904E+00
6.3096E+00 0.95 9.9411E-01
7.0795E+00 0.95 7.0848E-01
7.9433E+00 0.95 5.0447E-01
8.9125E+00 0.95 3.5889E-01
1.0000E+01 0.95 2.5555E-01
1.1220E+01 0.95 1.8169E-01
1.2589E+01 0.95 1.2907E-01
1.4125E+01 0.95 9.1716E-02
1.5849E+01 0.95 6.5151E-02
1.7783E+01 0.95 4.6323E-02
1.9953E+01 0.95 3.2862E-02
2.2387E+01 0.95 2.3266E-02
2.5119E+01 0.95 1.6524E-02
2.8184E+01 0.95 1.1701E-02
3.1623E+01 0.95 8.2847E-03
3.5481E+01 0.95 5.8592E-03
3.9811E+01 0.95 4.1354E-03
4.4668E+01 0.95 2.9176E-03
5.0119E+01 0.95 2.0538E-03
5.6234E+01 0.95 1.4433E-03
6.3096E+01 0.95 1.0130E-03
7.0795E+01 0.95 7.1110E-04
7.9433E+01 0.95 4.9890E-04
8.9125E+01 0.95 3.5006E-04
1.0000E+02 0.95 2.4499E-04
1.1220E+02 0.95 1.7122E-04
1.2589E+02 0.95 1.1964E-04
1.4125E+02 0.95 8.3487E-05
1.5849E+02 0.95 5.8269E-05
1.7783E+02 0.95 4.0652E-05
1.9953E+02 0.95 2.8304E-05
2.2387E+02 0.95 1.9688E-05
2.5119E+02 0.95 1.3674E-05
2.8184E+02 0.95 9.4894E-06
3.1623E+02 0.95 6.5784E-06
3.5481E+02 0.95 4.5507E-06
3.9811E+02 0.95 3.1464E-06
4.4668E+02 0.95 2.1720E-06
5.0119E+02 0.95 1.4962E-06
5.6234E+02 0.95 1.0284E-06
6.3096E+02 0.95 7.0662E-07
7.0795E+02 0.95 4.8460E-07
7.9433E+02 0.95 3.2996E-07
8.9125E+02 0.95 2.2532E-07
1.0000E+03 0.95 1.5375E-07
1.1220E+03 0.95 1.0419E-07
1.2589E+03 0.95 7.0621E-08
1.4125E+03 0.95 4.7563E-08
1.5849E+03 0.95 3.1991E-08
1.7783E+03 0.95 2.1502E-08
1.9953E+03 0.95 1.4446E-08
2.2387E+03 0.95 9.6445E-09
2.5119E+03 0.95 6.4130E-09
2.8184E+03 0.95 4.2880E-09
3.1623E+03 0.95 2.8503E-09
3.5481E+03 0.95 1.8900E-09
3.9811E+03 0.95 1.2513E-09
4.4668E+03 0.95 8.2785E-10
5.0119E+03 0.95 5.4795E-10
5.6234E+03 0.95 3.6009E-10
6.3096E+03 0.95 2.3879E-10
7.0795E+03 0.95 1.5807E-10
7.9433E+03 0.95 1.0308E-10
8.9125E+03 0.95 6.7226E-11
1.0000E+04 0.95 4.4650E-11
1.0000E-01 0.85 9.4066E+03
1.1220E-01 0.85 8.5046E+03
1.2589E-01 0.85 7.6322E+03
1.4125E-01 0.85 6.8079E+03
1.5849E-01 0.85 6.0346E+03
1.7783E-01 0.85 5.2847E+03
1.9953E-01 0.85 4.5462E+03
2.2387E-01 0.85 3.8318E+03
2.5119E-01 0.85 3.1712E+03
2.8184E-01 0.85 2.5863E+03
3.1623E-01 0.85 2.0823E+03
3.5481E-01 0.85 1.6568E+03
3.9811E-01 0.85 1.3060E+03
4.4668E-01 0.85 1.0212E+03
5.0119E-01 0.85 7.9257E+02
5.6234E-01 0.85 6.1084E+02
6.3096E-01 0.85 4.6781E+02
7.0795E-01 0.85 3.5622E+02
7.9433E-01 0.85 2.6954E+02
8.9125E-01 0.85 2.0280E+02
1.0000E+00 0.85 1.5191E+02
1.1220E+00 0.85 1.1340E+02
1.2589E+00 0.85 8.4860E+01
1.4125E+00 0.85 6.2937E+01
1.5849E+00 0.85 4.6585E+01
1.7783E+00 0.85 3.4430E+01
1.9953E+00 0.85 2.5381E+01
2.2387E+00 0.85 1.8667E+01
2.5119E+00 0.85 1.3688E+01
2.8184E+00 0.85 1.0015E+01
3.1623E+00 0.85 7.2981E+00
3.5481E+00 0.85 5.2965E+00
3.9811E+00 0.85 3.8411E+00
4.4668E+00 0.85 2.7721E+00
5.0119E+00 0.85 1.9881E+00
5.6234E+00 0.85 1.4232E+00
6.3096E+00 0.85 1.0208E+00
7.0795E+00 0.85 7.2804E-01
7.9433E+00 0.85 5.1867E-01
8.9125E+00 0.85 3.6957E-01
1.0000E+01 0.85 2.6286E-01
1.1220E+01 0.85 1.8717E-01
1.2589E+01 0.85 1.3318E-01
1.4125E+01 0.85 9.4660E-02
1.5849E+01 0.85 6.7496E-02
1.7783E+01 0.85 4.7867E-02
1.9953E+01 0.85 3.3930E-02
2.2387E+01 0.85 2.4137E-02
2.5119E+01 0.85 1.7069E-02
2.8184E+01 0.85 1.2107E-02
3.1623E+01 0.85 8.5797E-03
3.5481E+01 0.85 6.0647E-03
3.9811E+01 0.85 4.2868E-03
4.4668E+01 0.85 3.0271E-03
5.0119E+01 0.85 2.1332E-03
5.6234E+01 0.85 1.5026E-03
6.3096E+01 0.85 1.0561E-03
7.0795E+01 0.85 7.4097E-04
7.9433E+01 0.85 5.1956E-04
8.9125E+01 0.85 3.6453E-04
1.0000E+02 0.85 2.5543E-04
1.1220E+02 0.85 1.7880E-04
1.2589E+02 0.85 1.2510E-04
1.4125E+02 0.85 8.7462E-05
1.5849E+02 0.85 6.1107E-05
1.7783E+02 0.85 4.2613E-05
1.9953E+02 0.85 2.9700E-05
2.2387E+02 0.85 2.0681E-05
2.5119E+02 0.85 1.4370E-05
2.8184E+02 0.85 9.9787E-06
3.1623E+02 0.85 6.9353E-06
3.5481E+02 0.85 4.8126E-06
3.9811E+02 0.85 3.3287E-06
4.4668E+02 0.85 2.3016E-06
5.0119E+02 0.85 1.5875E-06
5.6234E+02 0.85 1.0936E-06
6.3096E+02 0.85 7.5276E-07
7.0795E+02 0.85 5.1700E-07
7.9433E+02 0.85 3.5383E-07
8.9125E+02 0.85 2.4092E-07
1.0000E+03 0.85 1.6458E-07
1.1220E+03 0.85 1.1202E-07
1.2589E+03 0.85 7.5724E-08
1.4125E+03 0.85 5.1284E-08
1.5849E+03 0.85 3.4801E-08
1.7783E+03 0.85 2.3401E-08
1.9953E+03 0.85 1.5653E-08
2.2387E+03 0.85 1.0496E-08
2.5119E+03 0.85 7.0177E-09
2.8184E+03 0.85 4.6782E-09
3.1623E+03 0.85 3.1296E-09
3.5481E+03 0.85 2.0730E-09
3.9811E+03 0.85 1.3695E-09
4.4668E+03 0.85 9.0930E-10
5.0119E+03 0.85 6.0554E-10
5.6234E+03 0.85 3.9823E-10
6.3096E+03 0.85 2.6331E-10
7.0795E+03 0.85 1.7537E-10
7.9433E+03 0.85 1.1540E-10
8.9125E+03 0.85 7.5867E-11
1.0000E+04 0.85 4.9679E-11
1.0000E-01 0.75 9.8063E+03
1.1220E-01 0.75 8.8221E+03
1.2589E-01 0.75 7.8853E+03
1.4125E-01 0.75 7.0044E+03
1.5849E-01 0.75 6.1762E+03
1.7783E-01 0.75 5.3852E+03
1.9953E-01 0.75 4.6183E+03
2.2387E-01 0.75 3.8844E+03
2.5119E-01 0.75 3.2101E+03
2.8184E-01 0.75 2.6167E+03
3.1623E-01 0.75 2.1082E+03
3.5481E-01 0.75 1.6800E+03
3.9811E-01 0.75 1.3256E+03
4.4668E-01 0.75 1.0380E+03
5.0119E-01 0.75 8.0706E+02
5.6234E-01 0.75 6.2356E+02
6.3096E-01 0.75 4.7838E+02
7.0795E-01 0.75 3.6462E+02
7.9433E-01 0.75 2.7642E+02
8.9125E-01 0.75 2.0816E+02
1.0000E+00 0.75 1.5608E+02
1.1220E+00 0.75 1.1656E+02
1.2589E+00 0.75 8.7251E+01
1.4125E+00 0.75 6.4727E+01
1.5849E+00 0.75 4.7936E+01
1.7783E+00 0.75 3.5440E+01
1.9953E+00 0.75 2.6131E+01
2.2387E+00 0.75 1.9227E+01
2.5119E+00 0.75 1.4129E+01
2.8184E+00 0.75 1.0327E+01
3.1623E+00 0.75 7.5264E+00
3.5481E+00 0.75 5.4708E+00
3.9811E+00 0.75 3.9512E+00
4.4668E+00 0.75 2.8486E+00
5.0119E+00 0.75 2.0461E+00
5.6234E+00 0.75 1.4627E+00
6.3096E+00 0.75 1.0502E+00
7.0795E+00 0.75 7.4954E-01
7.9433E+00 0.75 5.3366E-01
8.9125E+00 0.75 3.8026E-01
1.0000E+01 0.75 2.7096E-01
1.1220E+01 0.75 1.9307E-01
1.2589E+01 0.75 1.3721E-01
1.4125E+01 0.75 9.7664E-02
1.5849E+01 0.75 6.9596E-02
1.7783E+01 0.75 4.9486E-02
1.9953E+01 0.75 3.5160E-02
2.2387E+01 0.75 2.4951E-02
2.5119E+01 0.75 1.7699E-02
2.8184E+01 0.75 1.2564E-02
3.1623E+01 0.75 8.9064E-03
3.5481E+01 0.75 6.3099E-03
3.9811E+01 0.75 4.4592E-03
4.4668E+01 0.75 3.1442E-03
5.0119E+01 0.75 2.2185E-03
5.6234E+01 0.75 1.5664E-03
6.3096E+01 0.75 1.1046E-03
7.0795E+01 0.75 7.7663E-04
7.9433E+01 0.75 5.4591E-04
8.9125E+01 0.75 3.8213E-04
1.0000E+02 0.75 2.6768E-04
1.1220E+02 0.75 1.8802E-04
1.2589E+02 0.75 1.3191E-04
1.4125E+02 0.75 9.2188E-05
1.5849E+02 0.75 6.4283E-05
1.7783E+02 0.75 4.4900E-05
1.9953E+02 0.75 3.1278E-05
2.2387E+02 0.75 2.1794E-05
2.5119E+02 0.75 1.5220E-05
2.8184E+02 0.75 1.0603E-05
3.1623E+02 0.75 7.3622E-06
3.5481E+02 0.75 5.1068E-06
3.9811E+02 0.75 3.5397E-06
4.4668E+02 0.75 2.4497E-06
5.0119E+02 0.75 1.6963E-06
5.6234E+02 0.75 1.1714E-06
6.3096E+02 0.75 8.0530E-07
7.0795E+02 0.75 5.5466E-07
7.9433E+02 0.75 3.8062E-07
8.9125E+02 0.75 2.6071E-07
1.0000E+03 0.75 1.7819E-07
1.1220E+03 0.75 1.2142E-07
1.2589E+03 0.75 8.2493E-08
1.4125E+03 0.75 5.5849E-08
1.5849E+03 0.75 3.7838E-08
1.7783E+03 0.75 2.5480E-08
1.9953E+03 0.75 1.7149E-08
2.2387E+03 0.75 1.1549E-08
2.5119E+03 0.75 7.7564E-09
2.8184E+03 0.75 5.1854E-09
3.1623E+03 0.75 3.4543E-09
3.5481E+03 0.75 2.2973E-09
3.9811E+03 0.75 1.5313E-09
4.4668E+03 0.75 1.0197E-09
5.0119E+03 0.75 6.7447E-10
5.6234E+03 0.75 4.4766E-10
6.3096E+03 0.75 2.9604E-10
7.0795E+03 0.75 1.9455E-10
7.9433E+03 0.75 1.2863E-10
8.9125E+03 0.75 8.4343E-11
1.0000E+04 0.75 5.5395E-11
1.0000E-01 0.65 1.0344E+04
1.1220E-01 0.65 9.2627E+03
1.2589E-01 0.65 8.2323E+03
1.4125E-01 0.65 7.2686E+03
1.5849E-01 0.65 6.3741E+03
1.7783E-01 0.65 5.5268E+03
1.9953E-01 0.65 4.7181E+03
2.2387E-01 0.65 3.9538E+03
2.5119E-01 0.65 3.2609E+03
2.8184E-01 0.65 2.6563E+03
3.1623E-01 0.65 2.1393E+03
3.5481E-01 0.65 1.7052E+03
3.9811E-01 0.65 1.3465E+03
4.4668E-01 0.65 1.0555E+03
5.0119E-01 0.65 8.2228E+02
5.6234E-01 0.65 6.3585E+02
6.3096E-01 0.65 4.8807E+02
7.0795E-01 0.65 3.7251E+02
7.9433E-01 0.65 2.8276E+02
8.9125E-01 0.65 2.1347E+02
1.0000E+00 0.65 1.6024E+02
1.1220E+00 0.65 1.2002E+02
1.2589E+00 0.65 8.9790E+01
1.4125E+00 0.65 6.6755E+01
1.5849E+00 0.65 4.9519E+01
1.7783E+00 0.65 3.6620E+01
1.9953E+00 0.65 2.7025E+01
2.2387E+00 0.65 1.9924E+01
2.5119E+00 0.65 1.4617E+01
2.8184E+00 0.65 1.0676E+01
3.1623E+00 0.65 7.7818E+00
3.5481E+00 0.65 5.6440E+00
3.9811E+00 0.65 4.0812E+00
4.4668E+00 0.65 2.9449E+00
5.0119E+00 0.65 2.1158E+00
5.6234E+00 0.65 1.5147E+00
6.3096E+00 0.65 1.0874E+00
7.0795E+00 0.65 7.7616E-01
7.9433E+00 0.65 5.5261E-01
8.9125E+00 0.65 3.9356E-01
1.0000E+01 0.65 2.8047E-01
1.1220E+01 0.65 1.9967E-01
1.2589E+01 0.65 1.4217E-01
1.4125E+01 0.65 1.0115E-01
1.5849E+01 0.65 7.2121E-02
1.7783E+01 0.65 5.1297E-02
1.9953E+01 0.65 3.6412E-02
2.2387E+01 0.65 2.5943E-02
2.5119E+01 0.65 1.8419E-02
2.8184E+01 0.65 1.3069E-02
3.1623E+01 0.65 9.2843E-03
3.5481E+01 0.65 6.5935E-03
3.9811E+01 0.65 4.6651E-03
4.4668E+01 0.65 3.2984E-03
5.0119E+01 0.65 2.3318E-03
5.6234E+01 0.65 1.6458E-03
6.3096E+01 0.65 1.1585E-03
7.0795E+01 0.65 8.1613E-04
7.9433E+01 0.65 5.7524E-04
8.9125E+01 0.65 4.0402E-04
1.0000E+02 0.65 2.8354E-04
1.1220E+02 0.65 1.9889E-04
1.2589E+02 0.65 1.3938E-04
1.4125E+02 0.65 9.7724E-05
1.5849E+02 0.65 6.8313E-05
1.7783E+02 0.65 4.7737E-05
1.9953E+02 0.65 3.3325E-05
2.2387E+02 0.65 2.3232E-05
2.5119E+02 0.65 1.6202E-05
2.8184E+02 0.65 1.1297E-05
3.1623E+02 0.65 7.8591E-06
3.5481E+02 0.65 5.4611E-06
3.9811E+02 0.65 3.7919E-06
4.4668E+02 0.65 2.6267E-06
5.0119E+02 0.65 1.8197E-06
5.6234E+02 0.65 1.2592E-06
6.3096E+02 0.65 8.7024E-07
7.0795E+02 0.65 5.9964E-07
7.9433E+02 0.65 4.1165E-07
8.9125E+02 0.65 2.8246E-07
1.0000E+03 0.65 1.9399E-07
1.1220E+03 0.65 1.3269E-07
1.2589E+03 0.65 9.0493E-08
1.4125E+03 0.65 6.1539E-08
1.5849E+03 0.65 4.1729E-08
1.7783E+03 0.65 2.8265E-08
1.9953E+03 0.65 1.9080E-08
2.2387E+03 0.65 1.2849E-08
2.5119E+03 0.65 8.6167E-09
2.8184E+03 0.65 5.7730E-09
3.1623E+03 0.65 3.8664E-09
3.5481E+03 0.65 2.5824E-09
3.9811E+03 0.65 1.7277E-09
4.4668E+03 0.65 1.1487E-09
5.0119E+03 0.65 7.5588E-10
5.6234E+03 0.65 5.0145E-10
6.3096E+03 0.65 3.3590E-10
7.0795E+03 0.65 2.2364E-10
7.9433E+03 0.65 1.4731E-10
8.9125E+03 0.65 9.6345E-11
1.0000E+04 0.65 6.3282E-11
1.0000E-01 0.55 1.1119E+04
1.1220E-01 0.55 9.8834E+03
1.2589E-01 0.55 8.7228E+03
1.4125E-01 0.55 7.6409E+03
1.5849E-01 0.55 6.6451E+03
1.7783E-01 0.55 5.7181E+03
1.9953E-01 0.55 4.8486E+03
2.2387E-01 0.55 4.0447E+03
2.5119E-01 0.55 3.3228E+03
2.8184E-01 0.55 2.7008E+03
3.1623E-01 0.55 2.1720E+03
3.5481E-01 0.55 1.7298E+03
3.9811E-01 0.55 1.3675E+03
4.4668E-01 0.55 1.0729E+03
5.0119E-01 0.55 8.3622E+02
5.6234E-01 0.55 6.4749E+02
6.3096E-01 0.55 4.9860E+02
7.0795E-01 0.55 3.8159E+02
7.9433E-01 0.55 2.9011E+02
8.9125E-01 0.55 2.1947E+02
1.0000E+00 0.55 1.6544E+02
1.1220E+00 0.55 1.2386E+02
1.2589E+00 0.55 9.2658E+01
1.4125E+00 0.55 6.8959E+01
1.5849E+00 0.55 5.1211E+01
1.7783E+00 0.55 3.7946E+01
1.9953E+00 0.55 2.8021E+01
2.2387E+00 0.55 2.0649E+01
2.5119E+00 0.55 1.5163E+01
2.8184E+00 0.55 1.1087E+01
3.1623E+00 0.55 8.0806E+00
3.5481E+00 0.55 5.8709E+00
3.9811E+00 0.55 4.2529E+00
4.4668E+00 0.55 3.0643E+00
5.0119E+00 0.55 2.1997E+00
5.6234E+00 0.55 1.5767E+00
6.3096E+00 0.55 1.1314E+00
7.0795E+00 0.55 8.0736E-01
7.9433E+00 0.55 5.7471E-01
8.9125E+00 0.55 4.0878E-01
1.0000E+01 0.55 2.9137E-01
1.1220E+01 0.55 2.0794E-01
1.2589E+01 0.55 1.4804E-01
1.4125E+01 0.55 1.0508E-01
1.5849E+01 0.55 7.4683E-02
1.7783E+01 0.55 5.3280E-02
1.9953E+01 0.55 3.7975E-02
2.2387E+01 0.55 2.7159E-02
2.5119E+01 0.55 1.9294E-02
2.8184E+01 0.55 1.3703E-02
3.1623E+01 0.55 9.7382E-03
3.5481E+01 0.55 6.9223E-03
3.9811E+01 0.55 4.9148E-03
4.4668E+01 0.55 3.4788E-03
5.0119E+01 0.55 2.4595E-03
5.6234E+01 0.55 1.7397E-03
6.3096E+01 0.55 1.2283E-03
7.0795E+01 0.55 8.6635E-04
7.9433E+01 0.55 6.0967E-04
8.9125E+01 0.55 4.2998E-04
1.0000E+02 0.55 3.0248E-04
1.1220E+02 0.55 2.1212E-04
1.2589E+02 0.55 1.4888E-04
1.4125E+02 0.55 1.0436E-04
1.5849E+02 0.55 7.3021E-05
1.7783E+02 0.55 5.1058E-05
1.9953E+02 0.55 3.5692E-05
2.2387E+02 0.55 2.4884E-05
2.5119E+02 0.55 1.7355E-05
2.8184E+02 0.55 1.2094E-05
3.1623E+02 0.55 8.4429E-06
3.5481E+02 0.55 5.8948E-06
3.9811E+02 0.55 4.0988E-06
4.4668E+02 0.55 2.8404E-06
5.0119E+02 0.55 1.9711E-06
5.6234E+02 0.55 1.3694E-06
6.3096E+02 0.55 9.4850E-07
7.0795E+02 0.55 6.5649E-07
7.9433E+02 0.55 4.5262E-07
8.9125E+02 0.55 3.1056E-07
1.0000E+03 0.55 2.1304E-07
1.1220E+03 0.55 1.4626E-07
1.2589E+03 0.55 1.0022E-07
1.4125E+03 0.55 6.8352E-08
1.5849E+03 0.55 4.6467E-08
1.7783E+03 0.55 3.1586E-08
1.9953E+03 0.55 2.1393E-08
2.2387E+03 0.55 1.4461E-08
2.5119E+03 0.55 9.7713E-09
2.8184E+03 0.55 6.5232E-09
3.1623E+03 0.55 4.3639E-09
3.5481E+03 0.55 2.9444E-09
3.9811E+03 0.55 1.9627E-09
4.4668E+03 0.55 1.3135E-09
5.0119E+03 0.55 8.8266E-10
5.6234E+03 0.55 5.8370E-10
6.3096E+03 0.55 3.8743E-10
7.0795E+03 0.55 2.5739E-10
7.9433E+03 0.55 1.7015E-10
8.9125E+03 0.55 1.1113E-10
1.0000E+04 0.55 7.3231E-11
1.0000E-01 0.45 1.2278E+04
1.1220E-01 0.45 1.0835E+04
1.2589E-01 0.45 9.4866E+03
1.4125E-01 0.45 8.2375E+03
1.5849E-01 0.45 7.0876E+03
1.7783E-01 0.45 6.0379E+03
1.9953E-01 0.45 5.0732E+03
2.2387E-01 0.45 4.1967E+03
2.5119E-01 0.45 3.4274E+03
2.8184E-01 0.45 2.7701E+03
3.1623E-01 0.45 2.2176E+03
3.5481E-01 0.45 1.7630E+03
3.9811E-01 0.45 1.3927E+03
4.4668E-01 0.45 1.0932E+03
5.0119E-01 0.45 8.5200E+02
5.6234E-01 0.45 6.6027E+02
6.3096E-01 0.45 5.0901E+02
7.0795E-01 0.45 3.8971E+02
7.9433E-01 0.45 2.9689E+02
8.9125E-01 0.45 2.2504E+02
1.0000E+00 0.45 1.6976E+02
1.1220E+00 0.45 1.2749E+02
1.2589E+00 0.45 9.5606E+01
1.4125E+00 0.45 7.1396E+01
1.5849E+00 0.45 5.3132E+01
1.7783E+00 0.45 3.9415E+01
1.9953E+00 0.45 2.9198E+01
2.2387E+00 0.45 2.1520E+01
2.5119E+00 0.45 1.5799E+01
2.8184E+00 0.45 1.1584E+01
3.1623E+00 0.45 8.4407E+00
3.5481E+00 0.45 6.1269E+00
3.9811E+00 0.45 4.4442E+00
4.4668E+00 0.45 3.2118E+00
5.0119E+00 0.45 2.3080E+00
5.6234E+00 0.45 1.6534E+00
6.3096E+00 0.45 1.1880E+00
7.0795E+00 0.45 8.4693E-01
7.9433E+00 0.45 6.0410E-01
8.9125E+00 0.45 4.3083E-01
1.0000E+01 0.45 3.0721E-01
1.1220E+01 0.45 2.1900E-01
1.2589E+01 0.45 1.5586E-01
1.4125E+01 0.45 1.1120E-01
1.5849E+01 0.45 7.9228E-02
1.7783E+01 0.45 5.6250E-02
1.9953E+01 0.45 4.0065E-02
2.2387E+01 0.45 2.8580E-02
2.5119E+01 0.45 2.0297E-02
2.8184E+01 0.45 1.4490E-02
3.1623E+01 0.45 1.0306E-02
3.5481E+01 0.45 7.3208E-03
3.9811E+01 0.45 5.2028E-03
4.4668E+01 0.45 3.6935E-03
5.0119E+01 0.45 2.6166E-03
5.6234E+01 0.45 1.8528E-03
6.3096E+01 0.45 1.3115E-03
7.0795E+01 0.45 9.2616E-04
7.9433E+01 0.45 6.5309E-04
8.9125E+01 0.45 4.6076E-04
1.0000E+02 0.45 3.2456E-04
1.1220E+02 0.45 2.2821E-04
1.2589E+02 0.45 1.6041E-04
1.4125E+02 0.45 1.1273E-04
1.5849E+02 0.45 7.9064E-05
1.7783E+02 0.45 5.5344E-05
1.9953E+02 0.45 3.8710E-05
2.2387E+02 0.45 2.7056E-05
2.5119E+02 0.45 1.8934E-05
2.8184E+02 0.45 1.3235E-05
3.1623E+02 0.45 9.2281E-06
3.5481E+02 0.45 6.4319E-06
3.9811E+02 0.45 4.4791E-06
4.4668E+02 0.45 3.1217E-06
5.0119E+02 0.45 2.1710E-06
5.6234E+02 0.45 1.5061E-06
6.3096E+02 0.45 1.0452E-06
7.0795E+02 0.45 7.2329E-07
7.9433E+02 0.45 5.0172E-07
8.9125E+02 0.45 3.4641E-07
1.0000E+03 0.45 2.3827E-07
1.1220E+03 0.45 1.6401E-07
1.2589E+03 0.45 1.1244E-07
1.4125E+03 0.45 7.6946E-08
1.5849E+03 0.45 5.2532E-08
1.7783E+03 0.45 3.5852E-08
1.9953E+03 0.45 2.4425E-08
2.2387E+03 0.45 1.6533E-08
2.5119E+03 0.45 1.1174E-08
2.8184E+03 0.45 7.5491E-09
3.1623E+03 0.45 5.0933E-09
3.5481E+03 0.45 3.4085E-09
3.9811E+03 0.45 2.2771E-09
4.4668E+03 0.45 1.5322E-09
5.0119E+03 0.45 1.0277E-09
5.6234E+03 0.45 6.8497E-10
6.3096E+03 0.45 4.5452E-10
7.0795E+03 0.45 3.0398E-10
7.9433E+03 0.45 2.0277E-10
8.9125E+03 0.45 1.3331E-10
1.0000E+04 0.45 8.7286E-11
1.0000E-01 0.35 1.4155E+04
1.1220E-01 0.35 1.2373E+04
1.2589E-01 0.35 1.0708E+04
1.4125E-01 0.35 9.1838E+03
1.5849E-01 0.35 7.8065E+03
1.7783E-01 0.35 6.5619E+03
1.9953E-01 0.35 5.4412E+03
2.2387E-01 0.35 4.4507E+03
2.5119E-01 0.35 3.5970E+03
2.8184E-01 0.35 2.8817E+03
3.1623E-01 0.35 2.2959E+03
3.5481E-01 0.35 1.8167E+03
3.9811E-01 0.35 1.4277E+03
4.4668E-01 0.35 1.1172E+03
5.0119E-01 0.35 8.6959E+02
5.6234E-01 0.35 6.7399E+02
6.3096E-01 0.35 5.1971E+02
7.0795E-01 0.35 3.9833E+02
7.9433E-01 0.35 3.0439E+02
8.9125E-01 0.35 2.3128E+02
1.0000E+00 0.35 1.7483E+02
1.1220E+00 0.35 1.3159E+02
1.2589E+00 0.35 9.8855E+01
1.4125E+00 0.35 7.3959E+01
1.5849E+00 0.35 5.5197E+01
1.7783E+00 0.35 4.1127E+01
1.9953E+00 0.35 3.0487E+01
2.2387E+00 0.35 2.2517E+01
2.5119E+00 0.35 1.6578E+01
2.8184E+00 0.35 1.2175E+01
3.1623E+00 0.35 8.8999E+00
3.5481E+00 0.35 6.4648E+00
3.9811E+00 0.35 4.6937E+00
4.4668E+00 0.35 3.3982E+00
5.0119E+00 0.35 2.4428E+00
5.6234E+00 0.35 1.7487E+00
6.3096E+00 0.35 1.2532E+00
7.0795E+00 0.35 8.9559E-01
7.9433E+00 0.35 6.3897E-01
8.9125E+00 0.35 4.5612E-01
1.0000E+01 0.35 3.2571E-01
1.1220E+01 0.35 2.3189E-01
1.2589E+01 0.35 1.6507E-01
1.4125E+01 0.35 1.1759E-01
1.5849E+01 0.35 8.3808E-02
1.7783E+01 0.35 5.9981E-02
1.9953E+01 0.35 4.2668E-02
2.2387E+01 0.35 3.0297E-02
2.5119E+01 0.35 2.1652E-02
2.8184E+01 0.35 1.5434E-02
3.1623E+01 0.35 1.1007E-02
3.5481E+01 0.35 7.8417E-03
3.9811E+01 0.35 5.5769E-03
4.4668E+01 0.35 3.9604E-03
5.0119E+01 0.35 2.8147E-03
5.6234E+01 0.35 2.0011E-03
6.3096E+01 0.35 1.4174E-03
7.0795E+01 0.35 1.0039E-03
7.9433E+01 0.35 7.1039E-04
8.9125E+01 0.35 5.0198E-04
1.0000E+02 0.35 3.5420E-04
1.1220E+02 0.35 2.4958E-04
1.2589E+02 0.35 1.7581E-04
1.4125E+02 0.35 1.2357E-04
1.5849E+02 0.35 8.6826E-05
1.7783E+02 0.35 6.1034E-05
1.9953E+02 0.35 4.2802E-05
2.2387E+02 0.35 2.9980E-05
2.5119E+02 0.35 2.0943E-05
2.8184E+02 0.35 1.4620E-05
3.1623E+02 0.35 1.0234E-05
3.5481E+02 0.35 7.1555E-06
3.9811E+02 0.35 4.9957E-06
4.4668E+02 0.35 3.4833E-06
5.0119E+02 0.35 2.4233E-06
5.6234E+02 0.35 1.6858E-06
6.3096E+02 0.35 1.1710E-06
7.0795E+02 0.35 8.1324E-07
7.9433E+02 0.35 5.6570E-07
8.9125E+02 0.35 3.9182E-07
1.0000E+03 0.35 2.7054E-07
1.1220E+03 0.35 1.8704E-07
1.2589E+03 0.35 1.2888E-07
1.4125E+03 0.35 8.8658E-08
1.5849E+03 0.35 6.0851E-08
1.7783E+03 0.35 4.1578E-08
1.9953E+03 0.35 2.8467E-08
2.2387E+03 0.35 1.9401E-08
2.5119E+03 0.35 1.3220E-08
2.8184E+03 0.35 8.9445E-09
3.1623E+03 0.35 6.0213E-09
3.5481E+03 0.35 4.0874E-09
3.9811E+03 0.35 2.7612E-09
4.4668E+03 0.35 1.8563E-09
5.0119E+03 0.35 1.2453E-09
5.6234E+03 0.35 8.2775E-10
6.3096E+03 0.35 5.5714E-10
7.0795E+03 0.35 3.7157E-10
7.9433E+03 0.35 2.4647E-10
8.9125E+03 0.35 1.6337E-10
1.0000E+04 0.35 1.0774E-10
1.0000E-01 0.25 1.7492E+04
1.1220E-01 0.25 1.5134E+04
1.2589E-01 0.25 1.2949E+04
1.4125E-01 0.25 1.0952E+04
1.5849E-01 0.25 9.1591E+03
1.7783E-01 0.25 7.5675E+03
1.9953E-01 0.25 6.1709E+03
2.2387E-01 0.25 4.9647E+03
2.5119E-01 0.25 3.9535E+03
2.8184E-01 0.25 3.1278E+03
3.1623E-01 0.25 2.4610E+03
3.5481E-01 0.25 1.9262E+03
3.9811E-01 0.25 1.5013E+03
4.4668E-01 0.25 1.1665E+03
5.0119E-01 0.25 9.0341E+02
5.6234E-01 0.25 6.9671E+02
6.3096E-01 0.25 5.3540E+02
7.0795E-01 0.25 4.1013E+02
7.9433E-01 0.25 3.1256E+02
8.9125E-01 0.25 2.3670E+02
1.0000E+00 0.25 1.7925E+02
1.1220E+00 0.25 1.3554E+02
1.2589E+00 0.25 1.0200E+02
1.4125E+00 0.25 7.6593E+01
1.5849E+00 0.25 5.7346E+01
1.7783E+00 0.25 4.2833E+01
1.9953E+00 0.25 3.1890E+01
2.2387E+00 0.25 2.3631E+01
2.5119E+00 0.25 1.7470E+01
2.8184E+00 0.25 1.2842E+01
3.1623E+00 0.25 9.4201E+00
3.5481E+00 0.25 6.8816E+00
3.9811E+00 0.25 4.9919E+00
4.4668E+00 0.25 3.6132E+00
5.0119E+00 0.25 2.6007E+00
5.6234E+00 0.25 1.8687E+00
6.3096E+00 0.25 1.3465E+00
7.0795E+00 0.25 9.6318E-01
7.9433E+00 0.25 6.8832E-01
8.9125E+00 0.25 4.9190E-01
1.0000E+01 0.25 3.5096E-01
1.1220E+01 0.25 2.5029E-01
1.2589E+01 0.25 1.7920E-01
1.4125E+01 0.25 1.2817E-01
1.5849E+01 0.25 9.1269E-02
1.7783E+01 0.25 6.5196E-02
1.9953E+01 0.25 4.6473E-02
2.2387E+01 0.25 3.2975E-02
2.5119E+01 0.25 2.3551E-02
2.8184E+01 0.25 1.6794E-02
3.1623E+01 0.25 1.1972E-02
3.5481E+01 0.25 8.5480E-03
3.9811E+01 0.25 6.0948E-03
4.4668E+01 0.25 4.3423E-03
5.0119E+01 0.25 3.0901E-03
5.6234E+01 0.25 2.1947E-03
6.3096E+01 0.25 1.5603E-03
7.0795E+01 0.25 1.1086E-03
7.9433E+01 0.25 7.8528E-04
8.9125E+01 0.25 5.5623E-04
1.0000E+02 0.25 3.9377E-04
1.1220E+02 0.25 2.7809E-04
1.2589E+02 0.25 1.9632E-04
1.4125E+02 0.25 1.3849E-04
1.5849E+02 0.25 9.7639E-05
1.7783E+02 0.25 6.8659E-05
1.9953E+02 0.25 4.8255E-05
2.2387E+02 0.25 3.3861E-05
2.5119E+02 0.25 2.3678E-05
2.8184E+02 0.25 1.6630E-05
3.1623E+02 0.25 1.1671E-05
3.5481E+02 0.25 8.1570E-06
3.9811E+02 0.25 5.6937E-06
4.4668E+02 0.25 3.9768E-06
5.0119E+02 0.25 2.7804E-06
5.6234E+02 0.25 1.9381E-06
6.3096E+02 0.25 1.3520E-06
7.0795E+02 0.25 9.4372E-07
7.9433E+02 0.25 6.5582E-07
8.9125E+02 0.25 4.5465E-07
1.0000E+03 0.25 3.1612E-07
1.1220E+03 0.25 2.1957E-07
1.2589E+03 0.25 1.5160E-07
1.4125E+03 0.25 1.0428E-07
1.5849E+03 0.25 7.2025E-08
1.7783E+03 0.25 4.9901E-08
1.9953E+03 0.25 3.4178E-08
2.2387E+03 0.25 2.3355E-08
2.5119E+03 0.25 1.5948E-08
2.8184E+03 0.25 1.0897E-08
3.1623E+03 0.25 7.4323E-09
3.5481E+03 0.25 5.0563E-09
3.9811E+03 0.25 3.4210E-09
4.4668E+03 0.25 2.3036E-09
5.0119E+03 0.25 1.5491E-09
5.6234E+03 0.25 1.0502E-09
6.3096E+03 0.25 7.0934E-10
7.0795E+03 0.25 4.7135E-10
7.9433E+03 0.25 3.1794E-10
8.9125E+03 0.25 2.1534E-10
1.0000E+04 0.25 1.4149E-10
1.0000E-01 0.15 2.4576E+04
1.1220E-01 0.15 2.1020E+04
1.2589E-01 0.15 1.7726E+04
1.4125E-01 0.15 1.4747E+04
1.5849E-01 0.15 1.2086E+04
1.7783E-01 0.15 9.7774E+03
1.9953E-01 0.15 7.8045E+03
2.2387E-01 0.15 6.1478E+03
2.5119E-01 0.15 4.7997E+03
2.8184E-01 0.15 3.7213E+03
3.1623E-01 0.15 2.8727E+03
3.5481E-01 0.15 2.2105E+03
3.9811E-01 0.15 1.6970E+03
4.4668E-01 0.15 1.3015E+03
5.0119E-01 0.15 9.9637E+02
5.6234E-01 0.15 7.6029E+02
6.3096E-01 0.15 5.7829E+02
7.0795E-01 0.15 4.3848E+02
7.9433E-01 0.15 3.3142E+02
8.9125E-01 0.15 2.5025E+02
1.0000E+00 0.15 1.8869E+02
1.1220E+00 0.15 1.4201E+02
1.2589E+00 0.15 1.0653E+02
1.4125E+00 0.15 7.9992E+01
1.5849E+00 0.15 5.9824E+01
1.7783E+00 0.15 4.4621E+01
1.9953E+00 0.15 3.3279E+01
2.2387E+00 0.15 2.4786E+01
2.5119E+00 0.15 1.8348E+01
2.8184E+00 0.15 1.3528E+01
3.1623E+00 0.15 9.9555E+00
3.5481E+00 0.15 7.2928E+00
3.9811E+00 0.15 5.3275E+00
4.4668E+00 0.15 3.8747E+00
5.0119E+00 0.15 2.7959E+00
5.6234E+00 0.15 2.0174E+00
6.3096E+00 0.15 1.4629E+00
7.0795E+00 0.15 1.0517E+00
7.9433E+00 0.15 7.5405E-01
8.9125E+00 0.15 5.3946E-01
1.0000E+01 0.15 3.8693E-01
1.1220E+01 0.15 2.7682E-01
1.2589E+01 0.15 1.9710E-01
1.4125E+01 0.15 1.4135E-01
1.5849E+01 0.15 1.0147E-01
1.7783E+01 0.15 7.2553E-02
1.9953E+01 0.15 5.1675E-02
2.2387E+01 0.15 3.6986E-02
2.5119E+01 0.15 2.6298E-02
2.8184E+01 0.15 1.8798E-02
3.1623E+01 0.15 1.3428E-02
3.5481E+01 0.15 9.5985E-03
3.9811E+01 0.15 6.8453E-03
4.4668E+01 0.15 4.8837E-03
5.0119E+01 0.15 3.4856E-03
5.6234E+01 0.15 2.4796E-03
6.3096E+01 0.15 1.7650E-03
7.0795E+01 0.15 1.2577E-03
7.9433E+01 0.15 8.9408E-04
8.9125E+01 0.15 6.3427E-04
1.0000E+02 0.15 4.5030E-04
1.1220E+02 0.15 3.1985E-04
1.2589E+02 0.15 2.2645E-04
1.4125E+02 0.15 1.5994E-04
1.5849E+02 0.15 1.1310E-04
1.7783E+02 0.15 7.9904E-05
1.9953E+02 0.15 5.6333E-05
2.2387E+02 0.15 3.9684E-05
2.5119E+02 0.15 2.7900E-05
2.8184E+02 0.15 1.9585E-05
3.1623E+02 0.15 1.3751E-05
3.5481E+02 0.15 9.6557E-06
3.9811E+02 0.15 6.7639E-06
4.4668E+02 0.15 4.7327E-06
5.0119E+02 0.15 3.3105E-06
5.6234E+02 0.15 2.3129E-06
6.3096E+02 0.15 1.6187E-06
7.0795E+02 0.15 1.1276E-06
7.9433E+02 0.15 7.8519E-07
8.9125E+02 0.15 5.4692E-07
1.0000E+03 0.15 3.8039E-07
1.1220E+03 0.15 2.6478E-07
1.2589E+03 0.15 1.8433E-07
1.4125E+03 0.15 1.2771E-07
1.5849E+03 0.15 8.8430E-08
1.7783E+03 0.15 6.1289E-08
1.9953E+03 0.15 4.2313E-08
2.2387E+03 0.15 2.9081E-08
2.5119E+03 0.15 2.0029E-08
2.8184E+03 0.15 1.3783E-08
3.1623E+03 0.15 9.4859E-09
3.5481E+03 0.15 6.4519E-09
3.9811E+03 0.15 4.3827E-09
4.4668E+03 0.15 3.0091E-09
5.0119E+03 0.15 2.0492E-09
5.6234E+03 0.15 1.3851E-09
6.3096E+03 0.15 9.4691E-10
7.0795E+03 0.15 6.4095E-10
7.9433E+03 0.15 4.2772E-10
8.9125E+03 0.15 2.8920E-10
1.0000E+04 0.15 1.9427E-10
1.0000E-01 0.05 3.9952E+04
1.1220E-01 0.05 3.3768E+04
1.2589E-01 0.05 2.8054E+04
1.4125E-01 0.05 2.2913E+04
1.5849E-01 0.05 1.8387E+04
1.7783E-01 0.05 1.4520E+04
1.9953E-01 0.05 1.1312E+04
2.2387E-01 0.05 8.6981E+03
2.5119E-01 0.05 6.6250E+03
2.8184E-01 0.05 5.0230E+03
3.1623E-01 0.05 3.7914E+03
3.5481E-01 0.05 2.8505E+03
3.9811E-01 0.05 2.1434E+03
4.4668E-01 0.05 1.6135E+03
5.0119E-01 0.05 1.2140E+03
5.6234E-01 0.05 9.1158E+02
6.3096E-01 0.05 6.8228E+02
7.0795E-01 0.05 5.0977E+02
7.9433E-01 0.05 3.8098E+02
8.9125E-01 0.05 2.8277E+02
1.0000E+00 0.05 2.0968E+02
1.1220E+00 0.05 1.5661E+02
1.2589E+00 0.05 1.1620E+02
1.4125E+00 0.05 8.6551E+01
1.5849E+00 0.05 6.4382E+01
1.7783E+00 0.05 4.7628E+01
1.9953E+00 0.05 3.5280E+01
2.2387E+00 0.05 2.6154E+01
2.5119E+00 0.05 1.9345E+01
2.8184E+00 0.05 1.4268E+01
3.1623E+00 0.05 1.0562E+01
3.5481E+00 0.05 7.7500E+00
3.9811E+00 0.05 5.6310E+00
4.4668E+00 0.05 4.1158E+00
5.0119E+00 0.05 2.9779E+00
5.6234E+00 0.05 2.1598E+00
6.3096E+00 0.05 1.5626E+00
7.0795E+00 0.05 1.1322E+00
7.9433E+00 0.05 8.1721E-01
8.9125E+00 0.05 5.8674E-01
1.0000E+01 0.05 4.2209E-01
1.1220E+01 0.05 3.0323E-01
1.2589E+01 0.05 2.1829E-01
1.4125E+01 0.05 1.5723E-01
1.5849E+01 0.05 1.1285E-01
1.7783E+01 0.05 8.0853E-02
1.9953E+01 0.05 5.7951E-02
2.2387E+01 0.05 4.1520E-02
2.5119E+01 0.05 3.0055E-02
2.8184E+01 0.05 2.1566E-02
3.1623E+01 0.05 1.5466E-02
3.5481E+01 0.05 1.1067E-02
3.9811E+01 0.05 7.9182E-03
4.4668E+01 0.05 5.6680E-03
5.0119E+01 0.05 4.0502E-03
5.6234E+01 0.05 2.8906E-03
6.3096E+01 0.05 2.0620E-03
7.0795E+01 0.05 1.4694E-03
7.9433E+01 0.05 1.0480E-03
8.9125E+01 0.05 7.4653E-04
1.0000E+02 0.05 5.3071E-04
1.1220E+02 0.05 3.7691E-04
1.2589E+02 0.05 2.6730E-04
1.4125E+02 0.05 1.8937E-04
1.5849E+02 0.05 1.3415E-04
1.7783E+02 0.05 9.4881E-05
1.9953E+02 0.05 6.6955E-05
2.2387E+02 0.05 4.7249E-05
2.5119E+02 0.05 3.3352E-05
2.8184E+02 0.05 2.3435E-05
3.1623E+02 0.05 1.6464E-05
3.5481E+02 0.05 1.1573E-05
3.9811E+02 0.05 8.1273E-06
4.4668E+02 0.05 5.6965E-06
5.0119E+02 0.05 3.9868E-06
5.6234E+02 0.05 2.7842E-06
6.3096E+02 0.05 1.9460E-06
7.0795E+02 0.05 1.3598E-06
7.9433E+02 0.05 9.4883E-07
8.9125E+02 0.05 6.6363E-07
1.0000E+03 0.05 4.6241E-07
1.1220E+03 0.05 3.2180E-07
1.2589E+03 0.05 2.2420E-07
1.4125E+03 0.05 1.5653E-07
1.5849E+03 0.05 1.0920E-07
1.7783E+03 0.05 7.5575E-08
1.9953E+03 0.05 5.2368E-08
2.2387E+03 0.05 3.6280E-08
2.5119E+03 0.05 2.5038E-08
2.8184E+03 0.05 1.7373E-08
3.1623E+03 0.05 1.2010E-08
3.5481E+03 0.05 8.2284E-09
3.9811E+03 0.05 5.6759E-09
4.4668E+03 0.05 3.9049E-09
5.0119E+03 0.05 2.6638E-09
5.6234E+03 0.05 1.8190E-09
6.3096E+03 0.05 1.2386E-09
7.0795E+03 0.05 8.4105E-10
7.9433E+03 0.05 5.6725E-10
8.9125E+03 0.05 3.8347E-10
1.0000E+04 0.05 2.6028E-10
1.0000E-01 -0.05 3.8572E+04
1.1220E-01 -0.05 3.2654E+04
1.2589E-01 -0.05 2.7226E+04
1.4125E-01 -0.05 2.2310E+04
1.5849E-01 -0.05 1.7956E+04
1.7783E-01 -0.05 1.4240E+04
1.9953E-01 -0.05 1.1135E+04
2.2387E-01 -0.05 8.5863E+03
2.5119E-01 -0.05 6.5630E+03
2.8184E-01 -0.05 4.9949E+03
3.1623E-01 -0.05 3.7843E+03
3.5481E-01 -0.05 2.8570E+03
3.9811E-01 -0.05 2.1578E+03
4.4668E-01 -0.05 1.6273E+03
5.0119E-01 -0.05 1.2272E+03
5.6234E-01 -0.05 9.2225E+02
6.3096E-01 -0.05 6.9107E+02
7.0795E-01 -0.05 5.1703E+02
7.9433E-01 -0.05 3.8653E+02
8.9125E-01 -0.05 2.8690E+02
1.0000E+00 -0.05 2.1273E+02
1.1220E+00 -0.05 1.5884E+02
1.2589E+00 -0.05 1.1741E+02
1.4125E+00 -0.05 8.7566E+01
1.5849E+00 -0.05 6.5056E+01
1.7783E+00 -0.05 4.8029E+01
1.9953E+00 -0.05 3.5534E+01
2.2387E+00 -0.05 2.6304E+01
2.5119E+00 -0.05 1.9418E+01
2.8184E+00 -0.05 1.4301E+01
3.1623E+00 -0.05 1.0562E+01
3.5481E+00 -0.05 7.7745E+00
3.9811E+00 -0.05 5.6382E+00
4.4668E+00 -0.05 4.0998E+00
5.0119E+00 -0.05 2.9939E+00
5.6234E+00 -0.05 2.1692E+00
6.3096E+00 -0.05 1.5611E+00
7.0795E+00 -0.05 1.1322E+00
7.9433E+00 -0.05 8.1671E-01
8.9125E+00 -0.05 5.8627E-01
1.0000E+01 -0.05 4.2190E-01
1.1220E+01 -0.05 3.0308E-01
1.2589E+01 -0.05 2.1785E-01
1.4125E+01 -0.05 1.5756E-01
1.5849E+01 -0.05 1.1312E-01
1.7783E+01 -0.05 8.0933E-02
1.9953E+01 -0.05 5.7798E-02
2.2387E+01 -0.05 4.1206E-02
2.5119E+01 -0.05 3.0052E-02
2.8184E+01 -0.05 2.1564E-02
3.1623E+01 -0.05 1.5465E-02
3.5481E+01 -0.05 1.1067E-02
3.9811E+01 -0.05 7.9180E-03
4.4668E+01 -0.05 5.6680E-03
5.0119E+01 -0.05 4.0502E-03
5.6234E+01 -0.05 2.8906E-03
6.3096E+01 -0.05 2.0620E-03
7.0795E+01 -0.05 1.4694E-03
7.9433E+01 -0.05 1.0480E-03
8.9125E+01 -0.05 7.4653E-04
1.0000E+02 -0.05 5.3071E-04
1.1220E+02 -0.05 3.7691E-04
1.2589E+02 -0.05 2.6730E-04
1.4125E+02 -0.05 1.8937E-04
1.5849E+02 -0.05 1.3415E-04
1.7783E+02 -0.05 9.4881E-05
1.9953E+02 -0.05 6.6955E-05
2.2387E+02 -0.05 4.7249E-05
2.5119E+02 -0.05 3.3352E-05
2.8184E+02 -0.05 2.3435E-05
3.1623E+02 -0.05 1.6464E-05
3.5481E+02 -0.05 1.1573E-05
3.9811E+02 -0.05 8.1273E-06
4.4668E+02 -0.05 5.6965E-06
5.0119E+02 -0.05 3.9868E-06
5.6234E+02 -0.05 2.7842E-06
6.3096E+02 -0.05 1.9460E-06
7.0795E+02 -0.05 1.3598E-06
7.9433E+02 -0.05 9.4883E-07
8.9125E+02 -0.05 6.6363E-07
1.0000E+03 -0.05 4.6241E-07
1.1220E+03 -0.05 3.2180E-07
1.2589E+03 -0.05 2.2420E-07
1.4125E+03 -0.05 1.5653E-07
1.5849E+03 -0.05 1.0920E-07
1.7783E+03 -0.05 7.5575E-08
1.9953E+03 -0.05 5.2368E-08
2.2387E+03 -0.05 3.6280E-08
2.5119E+03 -0.05 2.5038E-08
2.8184E+03 -0.05 1.7373E-08
3.1623E+03 -0.05 1.2010E-08
3.5481E+03 -0.05 8.2284E-09
3.9811E+03 -0.05 5.6759E-09
4.4668E+03 -0.05 3.9049E-09
5.0119E+03 -0.05 2.6638E-09
5.6234E+03 -0.05 1.8190E-09
6.3096E+03 -0.05 1.2386E-09
7.0795E+03 -0.05 8.4105E-10
7.9433E+03 -0.05 5.6725E-10
8.9125E+03 -0.05 3.8347E-10
1.0000E+04 -0.05 2.6028E-10
1.0000E-01 -0.15 2.1236E+04
1.1220E-01 -0.15 1.8260E+04
1.2589E-01 -0.15 1.5487E+04
1.4125E-01 -0.15 1.2966E+04
1.5849E-01 -0.15 1.0716E+04
1.7783E-01 -0.15 8.7454E+03
1.9953E-01 -0.15 7.0410E+03
2.2387E-01 -0.15 5.6045E+03
2.5119E-01 -0.15 4.4228E+03
2.8184E-01 -0.15 3.4643E+03
3.1623E-01 -0.15 2.7027E+03
3.5481E-01 -0.15 2.1019E+03
3.9811E-01 -0.15 1.6280E+03
4.4668E-01 -0.15 1.2570E+03
5.0119E-01 -0.15 9.6912E+02
5.6234E-01 -0.15 7.4492E+02
6.3096E-01 -0.15 5.7075E+02
7.0795E-01 -0.15 4.3674E+02
7.9433E-01 -0.15 3.3252E+02
8.9125E-01 -0.15 2.5104E+02
1.0000E+00 -0.15 1.8878E+02
1.1220E+00 -0.15 1.4217E+02
1.2589E+00 -0.15 1.0733E+02
1.4125E+00 -0.15 8.0571E+01
1.5849E+00 -0.15 6.0259E+01
1.7783E+00 -0.15 4.5012E+01
1.9953E+00 -0.15 3.3599E+01
2.2387E+00 -0.15 2.4965E+01
2.5119E+00 -0.15 1.8456E+01
2.8184E+00 -0.15 1.3610E+01
3.1623E+00 -0.15 1.0020E+01
3.5481E+00 -0.15 7.3175E+00
3.9811E+00 -0.15 5.3159E+00
4.4668E+00 -0.15 3.8593E+00
5.0119E+00 -0.15 2.8035E+00
5.6234E+00 -0.15 2.0253E+00
6.3096E+00 -0.15 1.4618E+00
7.0795E+00 -0.15 1.0509E+00
7.9433E+00 -0.15 7.5226E-01
8.9125E+00 -0.15 5.3790E-01
1.0000E+01 -0.15 3.8618E-01
1.1220E+01 -0.15 2.7598E-01
1.2589E+01 -0.15 1.9664E-01
1.4125E+01 -0.15 1.4066E-01
1.5849E+01 -0.15 1.0114E-01
1.7783E+01 -0.15 7.2415E-02
1.9953E+01 -0.15 5.1577E-02
2.2387E+01 -0.15 3.6891E-02
2.5119E+01 -0.15 2.6297E-02
2.8184E+01 -0.15 1.8798E-02
3.1623E+01 -0.15 1.3428E-02
3.5481E+01 -0.15 9.5982E-03
3.9811E+01 -0.15 6.8452E-03
4.4668E+01 -0.15 4.8837E-03
5.0119E+01 -0.15 3.4856E-03
5.6234E+01 -0.15 2.4796E-03
6.3096E+01 -0.15 1.7650E-03
7.0795E+01 -0.15 1.2577E-03
7.9433E+01 -0.15 8.9408E-04
8.9125E+01 -0.15 6.3427E-04
1.0000E+02 -0.15 4.5030E-04
1.1220E+02 -0.15 3.1985E-04
1.2589E+02 -0.15 2.2645E-04
1.4125E+02 -0.15 1.5994E-04
1.5849E+02 -0.15 1.1310E-04
1.7783E+02 -0.15 7.9904E-05
1.9953E+02 -0.15 5.6333E-05
2.2387E+02 -0.15 3.9684E-05
2.5119E+02 -0.15 2.7900E-05
2.8184E+02 -0.15 1.9585E-05
3.1623E+02 -0.15 1.3751E-05
3.5481E+02 -0.15 9.6557E-06
3.9811E+02 -0.15 6.7639E-06
4.4668E+02 -0.15 4.7327E-06
5.0119E+02 -0.15 3.3105E-06
5.6234E+02 -0.15 2.3129E-06
6.3096E+02 -0.15 1.6187E-06
7.0795E+02 -0.15 1.1276E-06
7.9433E+02 -0.15 7.8519E-07
8.9125E+02 -0.15 5.4692E-07
1.0000E+03 -0.15 3.8039E-07
1.1220E+03 -0.15 2.6478E-07
1.2589E+03 -0.15 1.8433E-07
1.4125E+03 -0.15 1.2771E-07
1.5849E+03 -0.15 8.8430E-08
1.7783E+03 -0.15 6.1289E-08
1.9953E+03 -0.15 4.2313E-08
2.2387E+03 -0.15 2.9081E-08
2.5119E+03 -0.15 2.0029E-08
2.8184E+03 -0.15 1.3783E-08
3.1623E+03 -0.15 9.4859E-09
3.5481E+03 -0.15 6.4519E-09
3.9811E+03 -0.15 4.3827E-09
4.4668E+03 -0.15 3.0091E-09
5.0119E+03 -0.15 2.0492E-09
5.6234E+03 -0.15 1.3851E-09
6.3096E+03 -0.15 9.4691E-10
7.0795E+03 -0.15 6.4095E-10
7.9433E+03 -0.15 4.2772E-10
8.9125E+03 -0.15 2.8920E-10
1.0000E+04 -0.15 1.9427E-10
1.0000E-01 -0.25 1.2697E+04
1.1220E-01 -0.25 1.1052E+04
1.2589E-01 -0.25 9.5260E+03
1.4125E-01 -0.25 8.1328E+03
1.5849E-01 -0.25 6.8686E+03
1.7783E-01 -0.25 5.7402E+03
1.9953E-01 -0.25 4.7415E+03
2.2387E-01 -0.25 3.8706E+03
2.5119E-01 -0.25 3.1288E+03
2.8184E-01 -0.25 2.5138E+03
3.1623E-01 -0.25 2.0079E+03
3.5481E-01 -0.25 1.5964E+03
3.9811E-01 -0.25 1.2655E+03
4.4668E-01 -0.25 9.9963E+02
5.0119E-01 -0.25 7.8596E+02
5.6234E-01 -0.25 6.1493E+02
6.3096E-01 -0.25 4.7978E+02
7.0795E-01 -0.25 3.7255E+02
7.9433E-01 -0.25 2.8768E+02
8.9125E-01 -0.25 2.2126E+02
1.0000E+00 -0.25 1.6931E+02
1.1220E+00 -0.25 1.2890E+02
1.2589E+00 -0.25 9.7966E+01
1.4125E+00 -0.25 7.4186E+01
1.5849E+00 -0.25 5.5941E+01
1.7783E+00 -0.25 4.1991E+01
1.9953E+00 -0.25 3.1377E+01
2.2387E+00 -0.25 2.3361E+01
2.5119E+00 -0.25 1.7318E+01
2.8184E+00 -0.25 1.2746E+01
3.1623E+00 -0.25 9.3478E+00
3.5481E+00 -0.25 6.8357E+00
3.9811E+00 -0.25 4.9855E+00
4.4668E+00 -0.25 3.6141E+00
5.0119E+00 -0.25 2.6040E+00
5.6234E+00 -0.25 1.8725E+00
6.3096E+00 -0.25 1.3445E+00
7.0795E+00 -0.25 9.6192E-01
7.9433E+00 -0.25 6.8743E-01
8.9125E+00 -0.25 4.9178E-01
1.0000E+01 -0.25 3.5012E-01
1.1220E+01 -0.25 2.4941E-01
1.2589E+01 -0.25 1.7866E-01
1.4125E+01 -0.25 1.2792E-01
1.5849E+01 -0.25 9.0905E-02
1.7783E+01 -0.25 6.4875E-02
1.9953E+01 -0.25 4.6565E-02
2.2387E+01 -0.25 3.3066E-02
2.5119E+01 -0.25 2.3550E-02
2.8184E+01 -0.25 1.6793E-02
3.1623E+01 -0.25 1.1971E-02
3.5481E+01 -0.25 8.5478E-03
3.9811E+01 -0.25 6.0947E-03
4.4668E+01 -0.25 4.3423E-03
5.0119E+01 -0.25 3.0901E-03
5.6234E+01 -0.25 2.1947E-03
6.3096E+01 -0.25 1.5603E-03
7.0795E+01 -0.25 1.1086E-03
7.9433E+01 -0.25 7.8528E-04
8.9125E+01 -0.25 5.5623E-04
1.0000E+02 -0.25 3.9377E-04
1.1220E+02 -0.25 2.7809E-04
1.2589E+02 -0.25 1.9632E-04
1.4125E+02 -0.25 1.3849E-04
1.5849E+02 -0.25 9.7639E-05
1.7783E+02 -0.25 6.8659E-05
1.9953E+02 -0.25 4.8255E-05
2.2387E+02 -0.25 3.3861E-05
2.5119E+02 -0.25 2.3678E-05
2.8184E+02 -0.25 1.6630E-05
3.1623E+02 -0.25 1.1671E-05
3.5481E+02 -0.25 8.1570E-06
3.9811E+02 -0.25 5.6937E-06
4.4668E+02 -0.25 3.9768E-06
5.0119E+02 -0.25 2.7804E-06
5.6234E+02 -0.25 1.9381E-06
6.3096E+02 -0.25 1.3520E-06
7.0795E+02 -0.25 9.4372E-07
7.9433E+02 -0.25 6.5582E-07
8.9125E+02 -0.25 4.5465E-07
1.0000E+03 -0.25 3.1612E-07
1.1220E+03 -0.25 2.1957E-07
1.2589E+03 -0.25 1.5160E-07
1.4125E+03 -0.25 1.0428E-07
1.5849E+03 -0.25 7.2025E-08
1.7783E+03 -0.25 4.9901E-08
1.9953E+03 -0.25 3.4178E-08
2.2387E+03 -0.25 2.3355E-08
2.5119E+03 -0.25 1.5948E-08
2.8184E+03 -0.25 1.0897E-08
3.1623E+03 -0.25 7.4323E-09
3.5481E+03 -0.25 5.0563E-09
3.9811E+03 -0.25 3.4210E-09
4.4668E+03 -0.25 2.3036E-09
5.0119E+03 -0.25 1.5491E-09
5.6234E+03 -0.25 1.0502E-09
6.3096E+03 -0.25 7.0934E-10
7.0795E+03 -0.25 4.7135E-10
7.9433E+03 -0.25 3.1794E-10
8.9125E+03 -0.25 2.1534E-10
1.0000E+04 -0.25 1.4149E-10
1.0000E-01 -0.35 8.7755E+03
1.1220E-01 -0.35 7.7277E+03
1.2589E-01 -0.35 6.7448E+03
1.4125E-01 -0.35 5.8380E+03
1.5849E-01 -0.35 5.0136E+03
1.7783E-01 -0.35 4.2667E+03
1.9953E-01 -0.35 3.5843E+03
2.2387E-01 -0.35 2.9739E+03
2.5119E-01 -0.35 2.4444E+03
2.8184E-01 -0.35 1.9922E+03
3.1623E-01 -0.35 1.6149E+03
3.5481E-01 -0.35 1.3019E+03
3.9811E-01 -0.35 1.0436E+03
4.4668E-01 -0.35 8.3329E+02
5.0119E-01 -0.35 6.6252E+02
5.6234E-01 -0.35 5.2472E+02
6.3096E-01 -0.35 4.1356E+02
7.0795E-01 -0.35 3.2399E+02
7.9433E-01 -0.35 2.5210E+02
8.9125E-01 -0.35 1.9517E+02
1.0000E+00 -0.35 1.5042E+02
1.1220E+00 -0.35 1.1543E+02
1.2589E+00 -0.35 8.8495E+01
1.4125E+00 -0.35 6.7301E+01
1.5849E+00 -0.35 5.0910E+01
1.7783E+00 -0.35 3.8405E+01
1.9953E+00 -0.35 2.8842E+01
2.2387E+00 -0.35 2.1536E+01
2.5119E+00 -0.35 1.6015E+01
2.8184E+00 -0.35 1.1840E+01
3.1623E+00 -0.35 8.6970E+00
3.5481E+00 -0.35 6.3628E+00
3.9811E+00 -0.35 4.6148E+00
4.4668E+00 -0.35 3.3439E+00
5.0119E+00 -0.35 2.4211E+00
5.6234E+00 -0.35 1.7377E+00
6.3096E+00 -0.35 1.2475E+00
7.0795E+00 -0.35 8.9285E-01
7.9433E+00 -0.35 6.3783E-01
8.9125E+00 -0.35 4.5487E-01
1.0000E+01 -0.35 3.2427E-01
1.1220E+01 -0.35 2.3142E-01
1.2589E+01 -0.35 1.6502E-01
1.4125E+01 -0.35 1.1746E-01
1.5849E+01 -0.35 8.3958E-02
1.7783E+01 -0.35 5.9892E-02
1.9953E+01 -0.35 4.2665E-02
2.2387E+01 -0.35 3.0528E-02
2.5119E+01 -0.35 2.1651E-02
2.8184E+01 -0.35 1.5433E-02
3.1623E+01 -0.35 1.1007E-02
3.5481E+01 -0.35 7.8415E-03
3.9811E+01 -0.35 5.5769E-03
4.4668E+01 -0.35 3.9604E-03
5.0119E+01 -0.35 2.8147E-03
5.6234E+01 -0.35 2.0011E-03
6.3096E+01 -0.35 1.4174E-03
7.0795E+01 -0.35 1.0039E-03
7.9433E+01 -0.35 7.1039E-04
8.9125E+01 -0.35 5.0198E-04
1.0000E+02 -0.35 3.5420E-04
1.1220E+02 -0.35 2.4958E-04
1.2589E+02 -0.35 1.7581E-04
1.4125E+02 -0.35 1.2357E-04
1.5849E+02 -0.35 8.6826E-05
1.7783E+02 -0.35 6.1034E-05
1.9953E+02 -0.35 4.2802E-05
2.2387E+02 -0.35 2.9980E-05
2.5119E+02 -0.35 2.0943E-05
2.8184E+02 -0.35 1.4620E-05
3.1623E+02 -0.35 1.0234E-05
3.5481E+02 -0.35 7.1555E-06
3.9811E+02 -0.35 4.9957E-06
4.4668E+02 -0.35 3.4833E-06
5.0119E+02 -0.35 2.4233E-06
5.6234E+02 -0.35 1.6858E-06
6.3096E+02 -0.35 1.1710E-06
7.0795E+02 -0.35 8.1324E-07
7.9433E+02 -0.35 5.6570E-07
8.9125E+02 -0.35 3.9182E-07
1.0000E+03 -0.35 2.7054E-07
1.1220E+03 -0.35 1.8704E-07
1.2589E+03 -0.35 1.2888E-07
1.4125E+03 -0.35 8.8658E-08
1.5849E+03 -0.35 6.0851E-08
1.7783E+03 -0.35 4.1578E-08
1.9953E+03 -0.35 2.8467E-08
2.2387E+03 -0.35 1.9401E-08
2.5119E+03 -0.35 1.3220E-08
2.8184E+03 -0.35 8.9445E-09
3.1623E+03 -0.35 6.0213E-09
3.5481E+03 -0.35 4.0874E-09
3.9811E+03 -0.35 2.7612E-09
4.4668E+03 -0.35 1.8563E-09
5.0119E+03 -0.35 1.2453E-09
5.6234E+03 -0.35 8.2775E-10
6.3096E+03 -0.35 5.5714E-10
7.0795E+03 -0.35 3.7157E-10
7.9433E+03 -0.35 2.4647E-10
8.9125E+03 -0.35 1.6337E-10
1.0000E+04 -0.35 1.0774E-10
1.0000E-01 -0.45 6.8196E+03
1.1220E-01 -0.45 6.0668E+03
1.2589E-01 -0.45 5.3557E+03
1.4125E-01 -0.45 4.6910E+03
1.5849E-01 -0.45 4.0805E+03
1.7783E-01 -0.45 3.5183E+03
1.9953E-01 -0.45 2.9938E+03
2.2387E-01 -0.45 2.5158E+03
2.5119E-01 -0.45 2.0897E+03
2.8184E-01 -0.45 1.7202E+03
3.1623E-01 -0.45 1.4063E+03
3.5481E-01 -0.45 1.1426E+03
3.9811E-01 -0.45 9.2323E+02
4.4668E-01 -0.45 7.4098E+02
5.0119E-01 -0.45 5.9216E+02
5.6234E-01 -0.45 4.7138E+02
6.3096E-01 -0.45 3.7268E+02
7.0795E-01 -0.45 2.9335E+02
7.9433E-01 -0.45 2.2950E+02
8.9125E-01 -0.45 1.7836E+02
1.0000E+00 -0.45 1.3807E+02
1.1220E+00 -0.45 1.0654E+02
1.2589E+00 -0.45 8.1755E+01
1.4125E+00 -0.45 6.2315E+01
1.5849E+00 -0.45 4.7330E+01
1.7783E+00 -0.45 3.5776E+01
1.9953E+00 -0.45 2.6880E+01
2.2387E+00 -0.45 2.0110E+01
2.5119E+00 -0.45 1.4977E+01
2.8184E+00 -0.45 1.1103E+01
3.1623E+00 -0.45 8.1745E+00
3.5481E+00 -0.45 5.9823E+00
3.9811E+00 -0.45 4.3583E+00
4.4668E+00 -0.45 3.1570E+00
5.0119E+00 -0.45 2.2781E+00
5.6234E+00 -0.45 1.6355E+00
6.3096E+00 -0.45 1.1773E+00
7.0795E+00 -0.45 8.4115E-01
7.9433E+00 -0.45 6.0059E-01
8.9125E+00 -0.45 4.2838E-01
1.0000E+01 -0.45 3.0605E-01
1.1220E+01 -0.45 2.1821E-01
1.2589E+01 -0.45 1.5538E-01
1.4125E+01 -0.45 1.1073E-01
1.5849E+01 -0.45 7.8913E-02
1.7783E+01 -0.45 5.6321E-02
1.9953E+01 -0.45 4.0133E-02
2.2387E+01 -0.45 2.8513E-02
2.5119E+01 -0.45 2.0295E-02
2.8184E+01 -0.45 1.4489E-02
3.1623E+01 -0.45 1.0306E-02
3.5481E+01 -0.45 7.3206E-03
3.9811E+01 -0.45 5.2027E-03
4.4668E+01 -0.45 3.6935E-03
5.0119E+01 -0.45 2.6166E-03
5.6234E+01 -0.45 1.8528E-03
6.3096E+01 -0.45 1.3115E-03
7.0795E+01 -0.45 9.2616E-04
7.9433E+01 -0.45 6.5309E-04
8.9125E+01 -0.45 4.6076E-04
1.0000E+02 -0.45 3.2456E-04
1.1220E+02 -0.45 2.2821E-04
1.2589E+02 -0.45 1.6041E-04
1.4125E+02 -0.45 1.1273E-04
1.5849E+02 -0.45 7.9064E-05
1.7783E+02 -0.45 5.5344E-05
1.9953E+02 -0.45 3.8710E-05
2.2387E+02 -0.45 2.7056E-05
2.5119E+02 -0.45 1.8934E-05
2.8184E+02 -0.45 1.3235E-05
3.1623E+02 -0.45 9.2281E-06
3.5481E+02 -0.45 6.4319E-06
3.9811E+02 -0.45 4.4791E-06
4.4668E+02 -0.45 3.1217E-06
5.0119E+02 -0.45 2.1710E-06
5.6234E+02 -0.45 1.5061E-06
6.3096E+02 -0.45 1.0452E-06
7.0795E+02 -0.45 7.2329E-07
7.9433E+02 -0.45 5.0172E-07
8.9125E+02 -0.45 3.4641E-07
1.0000E+03 -0.45 2.3827E-07
1.1220E+03 -0.45 1.6401E-07
1.2589E+03 -0.45 1.1244E-07
1.4125E+03 -0.45 7.6946E-08
1.5849E+03 -0.45 5.2532E-08
1.7783E+03 -0.45 3.5852E-08
1.9953E+03 -0.45 2.4425E-08
2.2387E+03 -0.45 1.6533E-08
2.5119E+03 -0.45 1.1174E-08
2.8184E+03 -0.45 7.5491E-09
3.1623E+03 -0.45 5.0933E-09
3.5481E+03 -0.45 3.4085E-09
3.9811E+03 -0.45 2.2771E-09
4.4668E+03 -0.45 1.5322E-09
5.0119E+03 -0.45 1.0277E-09
5.6234E+03 -0.45 6.8497E-10
6.3096E+03 -0.45 4.5452E-10
7.0795E+03 -0.45 3.0398E-10
7.9433E+03 -0.45 2.0277E-10
8.9125E+03 -0.45 1.3331E-10
1.0000E+04 -0.45 8.7286E-11
1.0000E-01 -0.55 5.6079E+03
1.1220E-01 -0.55 5.0359E+03
1.2589E-01 -0.55 4.4846E+03
1.4125E-01 -0.55 3.9700E+03
1.5849E-01 -0.55 3.4919E+03
1.7783E-01 -0.55 3.0449E+03
1.9953E-01 -0.55 2.6198E+03
2.2387E-01 -0.55 2.2235E+03
2.5119E-01 -0.55 1.8651E+03
2.8184E-01 -0.55 1.5489E+03
3.1623E-01 -0.55 1.2762E+03
3.5481E-01 -0.55 1.0441E+03
3.9811E-01 -0.55 8.4796E+02
4.4668E-01 -0.55 6.8452E+02
5.0119E-01 -0.55 5.5007E+02
5.6234E-01 -0.55 4.3914E+02
6.3096E-01 -0.55 3.4850E+02
7.0795E-01 -0.55 2.7540E+02
7.9433E-01 -0.55 2.1617E+02
8.9125E-01 -0.55 1.6854E+02
1.0000E+00 -0.55 1.3080E+02
1.1220E+00 -0.55 1.0095E+02
1.2589E+00 -0.55 7.7715E+01
1.4125E+00 -0.55 5.9286E+01
1.5849E+00 -0.55 4.5022E+01
1.7783E+00 -0.55 3.4063E+01
1.9953E+00 -0.55 2.5642E+01
2.2387E+00 -0.55 1.9185E+01
2.5119E+00 -0.55 1.4269E+01
2.8184E+00 -0.55 1.0561E+01
3.1623E+00 -0.55 7.7767E+00
3.5481E+00 -0.55 5.6960E+00
3.9811E+00 -0.55 4.1526E+00
4.4668E+00 -0.55 3.0152E+00
5.0119E+00 -0.55 2.1742E+00
5.6234E+00 -0.55 1.5632E+00
6.3096E+00 -0.55 1.1220E+00
7.0795E+00 -0.55 8.0274E-01
7.9433E+00 -0.55 5.7356E-01
8.9125E+00 -0.55 4.0894E-01
1.0000E+01 -0.55 2.9136E-01
1.1220E+01 -0.55 2.0780E-01
1.2589E+01 -0.55 1.4811E-01
1.4125E+01 -0.55 1.0514E-01
1.5849E+01 -0.55 7.4865E-02
1.7783E+01 -0.55 5.3440E-02
1.9953E+01 -0.55 3.8072E-02
2.2387E+01 -0.55 2.7145E-02
2.5119E+01 -0.55 1.9292E-02
2.8184E+01 -0.55 1.3701E-02
3.1623E+01 -0.55 9.7374E-03
3.5481E+01 -0.55 6.9219E-03
3.9811E+01 -0.55 4.9146E-03
4.4668E+01 -0.55 3.4788E-03
5.0119E+01 -0.55 2.4595E-03
5.6234E+01 -0.55 1.7397E-03
6.3096E+01 -0.55 1.2283E-03
7.0795E+01 -0.55 8.6635E-04
7.9433E+01 -0.55 6.0967E-04
8.9125E+01 -0.55 4.2998E-04
1.0000E+02 -0.55 3.0248E-04
1.1220E+02 -0.55 2.1212E-04
1.2589E+02 -0.55 1.4888E-04
1.4125E+02 -0.55 1.0436E-04
1.5849E+02 -0.55 7.3021E-05
1.7783E+02 -0.55 5.1058E-05
1.9953E+02 -0.55 3.5692E-05
2.2387E+02 -0.55 2.4884E-05
2.5119E+02 -0.55 1.7355E-05
2.8184E+02 -0.55 1.2094E-05
3.1623E+02 -0.55 8.4429E-06
3.5481E+02 -0.55 5.8948E-06
3.9811E+02 -0.55 4.0988E-06
4.4668E+02 -0.55 2.8404E-06
5.0119E+02 -0.55 1.9711E-06
5.6234E+02 -0.55 1.3694E-06
6.3096E+02 -0.55 9.4850E-07
7.0795E+02 -0.55 6.5649E-07
7.9433E+02 -0.55 4.5262E-07
8.9125E+02 -0.55 3.1056E-07
1.0000E+03 -0.55 2.1304E-07
1.1220E+03 -0.55 1.4626E-07
1.2589E+03 -0.55 1.0022E-07
1.4125E+03 -0.55 6.8352E-08
1.5849E+03 -0.55 4.6467E-08
1.7783E+03 -0.55 3.1586E-08
1.9953E+03 -0.55 2.1393E-08
2.2387E+03 -0.55 1.4461E-08
2.5119E+03 -0.55 9.7713E-09
2.8184E+03 -0.55 6.5232E-09
3.1623E+03 -0.55 4.3639E-09
3.5481E+03 -0.55 2.9444E-09
3.9811E+03 -0.55 1.9627E-09
4.4668E+03 -0.55 1.3135E-09
5.0119E+03 -0.55 8.8266E-10
5.6234E+03 -0.55 5.8370E-10
6.3096E+03 -0.55 3.8743E-10
7.0795E+03 -0.55 2.5739E-10
7.9433E+03 -0.55 1.7015E-10
8.9125E+03 -0.55 1.1113E-10
1.0000E+04 -0.55 7.3231E-11
1.0000E-01 -0.65 4.6994E+03
1.1220E-01 -0.65 4.2551E+03
1.2589E-01 -0.65 3.8317E+03
1.4125E-01 -0.65 3.4267E+03
1.5849E-01 -0.65 3.0440E+03
1.7783E-01 -0.65 2.6817E+03
1.9953E-01 -0.65 2.3334E+03
2.2387E-01 -0.65 2.0048E+03
2.5119E-01 -0.65 1.7006E+03
2.8184E-01 -0.65 1.4263E+03
3.1623E-01 -0.65 1.1860E+03
3.5481E-01 -0.65 9.7808E+02
3.9811E-01 -0.65 8.0105E+02
4.4668E-01 -0.65 6.5187E+02
5.0119E-01 -0.65 5.2699E+02
5.6234E-01 -0.65 4.2278E+02
6.3096E-01 -0.65 3.3688E+02
7.0795E-01 -0.65 2.6694E+02
7.9433E-01 -0.65 2.1009E+02
8.9125E-01 -0.65 1.6444E+02
1.0000E+00 -0.65 1.2781E+02
1.1220E+00 -0.65 9.8631E+01
1.2589E+00 -0.65 7.5859E+01
1.4125E+00 -0.65 5.7922E+01
1.5849E+00 -0.65 4.3965E+01
1.7783E+00 -0.65 3.3173E+01
1.9953E+00 -0.65 2.4923E+01
2.2387E+00 -0.65 1.8652E+01
2.5119E+00 -0.65 1.3866E+01
2.8184E+00 -0.65 1.0241E+01
3.1623E+00 -0.65 7.5240E+00
3.5481E+00 -0.65 5.5025E+00
3.9811E+00 -0.65 3.9992E+00
4.4668E+00 -0.65 2.8994E+00
5.0119E+00 -0.65 2.0947E+00
5.6234E+00 -0.65 1.5049E+00
6.3096E+00 -0.65 1.0812E+00
7.0795E+00 -0.65 7.7280E-01
7.9433E+00 -0.65 5.5167E-01
8.9125E+00 -0.65 3.9343E-01
1.0000E+01 -0.65 2.8062E-01
1.1220E+01 -0.65 2.0006E-01
1.2589E+01 -0.65 1.4242E-01
1.4125E+01 -0.65 1.0145E-01
1.5849E+01 -0.65 7.2173E-02
1.7783E+01 -0.65 5.1309E-02
1.9953E+01 -0.65 3.6561E-02
2.2387E+01 -0.65 2.6058E-02
2.5119E+01 -0.65 1.8417E-02
2.8184E+01 -0.65 1.3067E-02
3.1623E+01 -0.65 9.2835E-03
3.5481E+01 -0.65 6.5931E-03
3.9811E+01 -0.65 4.6649E-03
4.4668E+01 -0.65 3.2983E-03
5.0119E+01 -0.65 2.3318E-03
5.6234E+01 -0.65 1.6458E-03
6.3096E+01 -0.65 1.1585E-03
7.0795E+01 -0.65 8.1613E-04
7.9433E+01 -0.65 5.7524E-04
8.9125E+01 -0.65 4.0402E-04
1.0000E+02 -0.65 2.8354E-04
1.1220E+02 -0.65 1.9889E-04
1.2589E+02 -0.65 1.3938E-04
1.4125E+02 -0.65 9.7724E-05
1.5849E+02 -0.65 6.8313E-05
1.7783E+02 -0.65 4.7737E-05
1.9953E+02 -0.65 3.3325E-05
2.2387E+02 -0.65 2.3232E-05
2.5119E+02 -0.65 1.6202E-05
2.8184E+02 -0.65 1.1297E-05
3.1623E+02 -0.65 7.8591E-06
3.5481E+02 -0.65 5.4611E-06
3.9811E+02 -0.65 3.7919E-06
4.4668E+02 -0.65 2.6267E-06
5.0119E+02 -0.65 1.8197E-06
5.6234E+02 -0.65 1.2592E-06
6.3096E+02 -0.65 8.7024E-07
7.0795E+02 -0.65 5.9964E-07
7.9433E+02 -0.65 4.1165E-07
8.9125E+02 -0.65 2.8246E-07
1.0000E+03 -0.65 1.9399E-07
1.1220E+03 -0.65 1.3269E-07
1.2589E+03 -0.65 9.0493E-08
1.4125E+03 -0.65 6.1539E-08
1.5849E+03 -0.65 4.1729E-08
1.7783E+03 -0.65 2.8265E-08
1.9953E+03 -0.65 1.9080E-08
2.2387E+03 -0.65 1.2849E-08
2.5119E+03 -0.65 8.6167E-09
2.8184E+03 -0.65 5.7730E-09
3.1623E+03 -0.65 3.8664E-09
3.5481E+03 -0.65 2.5824E-09
3.9811E+03 -0.65 1.7277E-09
4.4668E+03 -0.65 1.1487E-09
5.0119E+03 -0.65 7.5588E-10
5.6234E+03 -0.65 5.0145E-10
6.3096E+03 -0.65 3.3590E-10
7.0795E+03 -0.65 2.2364E-10
7.9433E+03 -0.65 1.4731E-10
8.9125E+03 -0.65 9.6345E-11
1.0000E+04 -0.65 6.3282E-11
1.0000E-01 -0.75 4.4381E+03
1.1220E-01 -0.75 4.0483E+03
1.2589E-01 -0.75 3.6687E+03
1.4125E-01 -0.75 3.3040E+03
1.5849E-01 -0.75 2.9548E+03
1.7783E-01 -0.75 2.6220E+03
1.9953E-01 -0.75 2.2986E+03
2.2387E-01 -0.75 1.9844E+03
2.5119E-01 -0.75 1.6905E+03
2.8184E-01 -0.75 1.4244E+03
3.1623E-01 -0.75 1.1876E+03
3.5481E-01 -0.75 9.8126E+02
3.9811E-01 -0.75 8.0424E+02
4.4668E-01 -0.75 6.5404E+02
5.0119E-01 -0.75 5.2864E+02
5.6234E-01 -0.75 4.2385E+02
6.3096E-01 -0.75 3.3735E+02
7.0795E-01 -0.75 2.6675E+02
7.9433E-01 -0.75 2.0917E+02
8.9125E-01 -0.75 1.6294E+02
1.0000E+00 -0.75 1.2621E+02
1.1220E+00 -0.75 9.7289E+01
1.2589E+00 -0.75 7.4734E+01
1.4125E+00 -0.75 5.6854E+01
1.5849E+00 -0.75 4.3050E+01
1.7783E+00 -0.75 3.2452E+01
1.9953E+00 -0.75 2.4328E+01
2.2387E+00 -0.75 1.8137E+01
2.5119E+00 -0.75 1.3459E+01
2.8184E+00 -0.75 9.9508E+00
3.1623E+00 -0.75 7.3088E+00
3.5481E+00 -0.75 5.3400E+00
3.9811E+00 -0.75 3.8813E+00
4.4668E+00 -0.75 2.8117E+00
5.0119E+00 -0.75 2.0306E+00
5.6234E+00 -0.75 1.4605E+00
6.3096E+00 -0.75 1.0465E+00
7.0795E+00 -0.75 7.4770E-01
7.9433E+00 -0.75 5.3312E-01
8.9125E+00 -0.75 3.7994E-01
1.0000E+01 -0.75 2.7088E-01
1.1220E+01 -0.75 1.9295E-01
1.2589E+01 -0.75 1.3721E-01
1.4125E+01 -0.75 9.7667E-02
1.5849E+01 -0.75 6.9523E-02
1.7783E+01 -0.75 4.9368E-02
1.9953E+01 -0.75 3.5041E-02
2.2387E+01 -0.75 2.4958E-02
2.5119E+01 -0.75 1.7698E-02
2.8184E+01 -0.75 1.2564E-02
3.1623E+01 -0.75 8.9062E-03
3.5481E+01 -0.75 6.3098E-03
3.9811E+01 -0.75 4.4591E-03
4.4668E+01 -0.75 3.1442E-03
5.0119E+01 -0.75 2.2185E-03
5.6234E+01 -0.75 1.5664E-03
6.3096E+01 -0.75 1.1046E-03
7.0795E+01 -0.75 7.7663E-04
7.9433E+01 -0.75 5.4591E-04
8.9125E+01 -0.75 3.8213E-04
1.0000E+02 -0.75 2.6768E-04
1.1220E+02 -0.75 1.8802E-04
1.2589E+02 -0.75 1.3191E-04
1.4125E+02 -0.75 9.2188E-05
1.5849E+02 -0.75 6.4283E-05
1.7783E+02 -0.75 4.4900E-05
1.9953E+02 -0.75 3.1278E-05
2.2387E+02 -0.75 2.1794E-05
2.5119E+02 -0.75 1.5220E-05
2.8184E+02 -0.75 1.0603E-05
3.1623E+02 -0.75 7.3622E-06
3.5481E+02 -0.75 5.1068E-06
3.9811E+02 -0.75 3.5397E-06
4.4668E+02 -0.75 2.4497E-06
5.0119E+02 -0.75 1.6963E-06
5.6234E+02 -0.75 1.1714E-06
6.3096E+02 -0.75 8.0530E-07
7.0795E+02 -0.75 5.5466E-07
7.9433E+02 -0.75 3.8062E-07
8.9125E+02 -0.75 2.6071E-07
1.0000E+03 -0.75 1.7819E-07
1.1220E+03 -0.75 1.2142E-07
1.2589E+03 -0.75 8.2493E-08
1.4125E+03 -0.75 5.5849E-08
1.5849E+03 -0.75 3.7838E-08
1.7783E+03 -0.75 2.5480E-08
1.9953E+03 -0.75 1.7149E-08
2.2387E+03 -0.75 1.1549E-08
2.5119E+03 -0.75 7.7564E-09
2.8184E+03 -0.75 5.1854E-09
3.1623E+03 -0.75 3.4543E-09
3.5481E+03 -0.75 2.2973E-09
3.9811E+03 -0.75 1.5313E-09
4.4668E+03 -0.75 1.0197E-09
5.0119E+03 -0.75 6.7447E-10
5.6234E+03 -0.75 4.4766E-10
6.3096E+03 -0.75 2.9604E-10
7.0795E+03 -0.75 1.9455E-10
7.9433E+03 -0.75 1.2863E-10
8.9125E+03 -0.75 8.4343E-11
1.0000E+04 -0.75 5.5395E-11
1.0000E-01 -0.85 5.1372E+03
1.1220E-01 -0.85 4.6782E+03
1.2589E-01 -0.85 4.2377E+03
1.4125E-01 -0.85 3.8135E+03
1.5849E-01 -0.85 3.4036E+03
1.7783E-01 -0.85 3.0100E+03
1.9953E-01 -0.85 2.6226E+03
2.2387E-01 -0.85 2.2447E+03
2.5119E-01 -0.85 1.8922E+03
2.8184E-01 -0.85 1.5757E+03
3.1623E-01 -0.85 1.2968E+03
3.5481E-01 -0.85 1.0560E+03
3.9811E-01 -0.85 8.5393E+02
4.4668E-01 -0.85 6.8523E+02
5.0119E-01 -0.85 5.4580E+02
5.6234E-01 -0.85 4.3229E+02
6.3096E-01 -0.85 3.4062E+02
7.0795E-01 -0.85 2.6673E+02
7.9433E-01 -0.85 2.0744E+02
8.9125E-01 -0.85 1.6028E+02
1.0000E+00 -0.85 1.2332E+02
1.1220E+00 -0.85 9.4583E+01
1.2589E+00 -0.85 7.2402E+01
1.4125E+00 -0.85 5.4858E+01
1.5849E+00 -0.85 4.1460E+01
1.7783E+00 -0.85 3.1208E+01
1.9953E+00 -0.85 2.3374E+01
2.2387E+00 -0.85 1.7446E+01
2.5119E+00 -0.85 1.2971E+01
2.8184E+00 -0.85 9.5917E+00
3.1623E+00 -0.85 7.0447E+00
3.5481E+00 -0.85 5.1552E+00
3.9811E+00 -0.85 3.7518E+00
4.4668E+00 -0.85 2.7161E+00
5.0119E+00 -0.85 1.9610E+00
5.6234E+00 -0.85 1.4104E+00
6.3096E+00 -0.85 1.0138E+00
7.0795E+00 -0.85 7.2457E-01
7.9433E+00 -0.85 5.1751E-01
8.9125E+00 -0.85 3.6885E-01
1.0000E+01 -0.85 2.6265E-01
1.1220E+01 -0.85 1.8690E-01
1.2589E+01 -0.85 1.3306E-01
1.4125E+01 -0.85 9.4719E-02
1.5849E+01 -0.85 6.7397E-02
1.7783E+01 -0.85 4.7870E-02
1.9953E+01 -0.85 3.3917E-02
2.2387E+01 -0.85 2.4129E-02
2.5119E+01 -0.85 1.7069E-02
2.8184E+01 -0.85 1.2107E-02
3.1623E+01 -0.85 8.5796E-03
3.5481E+01 -0.85 6.0646E-03
3.9811E+01 -0.85 4.2868E-03
4.4668E+01 -0.85 3.0271E-03
5.0119E+01 -0.85 2.1332E-03
5.6234E+01 -0.85 1.5026E-03
6.3096E+01 -0.85 1.0561E-03
7.0795E+01 -0.85 7.4097E-04
7.9433E+01 -0.85 5.1956E-04
8.9125E+01 -0.85 3.6453E-04
1.0000E+02 -0.85 2.5543E-04
1.1220E+02 -0.85 1.7880E-04
1.2589E+02 -0.85 1.2510E-04
1.4125E+02 -0.85 8.7462E-05
1.5849E+02 -0.85 6.1107E-05
1.7783E+02 -0.85 4.2613E-05
1.9953E+02 -0.85 2.9700E-05
2.2387E+02 -0.85 2.0681E-05
2.5119E+02 -0.85 1.4370E-05
2.8184E+02 -0.85 9.9787E-06
3.1623E+02 -0.85 6.9353E-06
3.5481E+02 -0.85 4.8126E-06
3.9811E+02 -0.85 3.3287E-06
4.4668E+02 -0.85 2.3016E-06
5.0119E+02 -0.85 1.5875E-06
5.6234E+02 -0.85 1.0936E-06
6.3096E+02 -0.85 7.5276E-07
7.0795E+02 -0.85 5.1700E-07
7.9433E+02 -0.85 3.5383E-07
8.9125E+02 -0.85 2.4092E-07
1.0000E+03 -0.85 1.6458E-07
1.1220E+03 -0.85 1.1202E-07
1.2589E+03 -0.85 7.5724E-08
1.4125E+03 -0.85 5.1284E-08
1.5849E+03 -0.85 3.4801E-08
1.7783E+03 -0.85 2.3401E-08
1.9953E+03 -0.85 1.5653E-08
2.2387E+03 -0.85 1.0496E-08
2.5119E+03 -0.85 7.0177E-09
2.8184E+03 -0.85 4.6782E-09
3.1623E+03 -0.85 3.1296E-09
3.5481E+03 -0.85 2.0730E-09
3.9811E+03 -0.85 1.3695E-09
4.4668E+03 -0.85 9.0930E-10
5.0119E+03 -0.85 6.0554E-10
5.6234E+03 -0.85 3.9823E-10
6.3096E+03 -0.85 2.6331E-10
7.0795E+03 -0.85 1.7537E-10
7.9433E+03 -0.85 1.1540E-10
8.9125E+03 -0.85 7.5867E-11
1.0000E+04 -0.85 4.9679E-11
1.0000E-01 -0.95 6.5052E+03
1.1220E-01 -0.95 5.9320E+03
1.2589E-01 -0.95 5.3686E+03
1.4125E-01 -0.95 4.8292E+03
1.5849E-01 -0.95 4.3161E+03
1.7783E-01 -0.95 3.8125E+03
1.9953E-01 -0.95 3.3102E+03
2.2387E-01 -0.95 2.8181E+03
2.5119E-01 -0.95 2.3582E+03
2.8184E-01 -0.95 1.9442E+03
3.1623E-01 -0.95 1.5843E+03
3.5481E-01 -0.95 1.2776E+03
3.9811E-01 -0.95 1.0205E+03
4.4668E-01 -0.95 8.0917E+02
5.0119E-01 -0.95 6.3708E+02
5.6234E-01 -0.95 4.9842E+02
6.3096E-01 -0.95 3.8746E+02
7.0795E-01 -0.95 2.9910E+02
7.9433E-01 -0.95 2.2967E+02
8.9125E-01 -0.95 1.7547E+02
1.0000E+00 -0.95 1.3340E+02
1.1220E+00 -0.95 1.0088E+02
1.2589E+00 -0.95 7.6318E+01
1.4125E+00 -0.95 5.7257E+01
1.5849E+00 -0.95 4.2835E+01
1.7783E+00 -0.95 3.1948E+01
1.9953E+00 -0.95 2.3723E+01
2.2387E+00 -0.95 1.7574E+01
2.5119E+00 -0.95 1.2983E+01
2.8184E+00 -0.95 9.5339E+00
3.1623E+00 -0.95 6.9740E+00
3.5481E+00 -0.95 5.0858E+00
3.9811E+00 -0.95 3.6938E+00
4.4668E+00 -0.95 2.6709E+00
5.0119E+00 -0.95 1.9230E+00
5.6234E+00 -0.95 1.3780E+00
6.3096E+00 -0.95 9.9145E-01
7.0795E+00 -0.95 7.0761E-01
7.9433E+00 -0.95 5.0438E-01
8.9125E+00 -0.95 3.5848E-01
1.0000E+01 -0.95 2.5506E-01
1.1220E+01 -0.95 1.8182E-01
1.2589E+01 -0.95 1.2929E-01
1.4125E+01 -0.95 9.1762E-02
1.5849E+01 -0.95 6.5164E-02
1.7783E+01 -0.95 4.6268E-02
1.9953E+01 -0.95 3.2844E-02
2.2387E+01 -0.95 2.3275E-02
2.5119E+01 -0.95 1.6524E-02
2.8184E+01 -0.95 1.1701E-02
3.1623E+01 -0.95 8.2847E-03
3.5481E+01 -0.95 5.8592E-03
3.9811E+01 -0.95 4.1354E-03
4.4668E+01 -0.95 2.9176E-03
5.0119E+01 -0.95 2.0538E-03
5.6234E+01 -0.95 1.4433E-03
6.3096E+01 -0.95 1.0130E-03
7.0795E+01 -0.95 7.1110E-04
7.9433E+01 -0.95 4.9890E-04
8.9125E+01 -0.95 3.5006E-04
1.0000E+02 -0.95 2.4499E-04
1.1220E+02 -0.95 1.7122E-04
1.2589E+02 -0.95 1.1964E-04
1.4125E+02 -0.95 8.3487E-05
1.5849E+02 -0.95 5.8269E-05
1.7783E+02 -0.95 4.0652E-05
1.9953E+02 -0.95 2.8304E-05
2.2387E+02 -0.95 1.9688E-05
2.5119E+02 -0.95 1.3674E-05
2.8184E+02 -0.95 9.4894E-06
3.1623E+02 -0.95 6.5784E-06
3.5481E+02 -0.95 4.5507E-06
3.9811E+02 -0.95 3.1464E-06
4.4668E+02 -0.95 2.1720E-06
5.0119E+02 -0.95 1.4962E-06
5.6234E+02 -0.95 1.0284E-06
6.3096E+02 -0.95 7.0662E-07
7.0795E+02 -0.95 4.8460E-07
7.9433E+02 -0.95 3.2996E-07
8.9125E+02 -0.95 2.2532E-07
1.0000E+03 -0.95 1.5375E-07
1.1220E+03 -0.95 1.0419E-07
1.2589E+03 -0.95 7.0621E-08
1.4125E+03 -0.95 4.7563E-08
1.5849E+03 -0.95 3.1991E-08
1.7783E+03 -0.95 2.1502E-08
1.9953E+03 -0.95 1.4446E-08
2.2387E+03 -0.95 9.6445E-09
2.5119E+03 -0.95 6.4130E-09
2.8184E+03 -0.95 4.2880E-09
3.1623E+03 -0.95 2.8503E-09
3.5481E+03 -0.95 1.8900E-09
3.9811E+03 -0.95 1.2513E-09
4.4668E+03 -0.95 8.2785E-10
5.0119E+03 -0.95 5.4795E-10
5.6234E+03 -0.95 3.6009E-10
6.3096E+03 -0.95 2.3879E-10
7.0795E+03 -0.95 1.5807E-10
7.9433E+03 -0.95 1.0308E-10
8.9125E+03 -0.95 6.7226E-11
1.0000E+04 -0.95 4.4650E-11
