2.08
2.16
2.24
2.32
2.4
2.48
2.56
2.64
2.72
2.8
2.88
2.96
3.04
3.12
3.2
3.28
3.36
3.44
3.52
3.6
3.68
3.76
3.84
3.92
4
4.08
4.16
4.24
4.32
4.4
4.48
4.56
4.64
4.72
4.8
4.88
4.96
5.04
5.12
5.2
5.28
5.36
5.44
5.52
5.6
5.68
5.76
5.84
5.92
6
6.08
6.16
6.24
6.32
6.4
6.48
6.56
6.64
6.72
6.8
6.88
6.96
7.04
7.12
7.2
7.28
7.36
7.44
7.52
7.6
7.68
7.76
7.84
7.92
8
8.08
8.16
8.24
8.32
8.4
8.48
8.56
8.64
8.72
8.8
8.88
8.96
9.04
9.12
9.2
9.28
9.36
9.44
9.52
9.6
9.68
9.76
9.84
9.92
10
0.898152
0.907398
0.916749
0.926188
0.935702
0.945275
0.954891
0.964534
0.974184
0.983818
0.993411
1.00293
1.01235
1.02162
1.0307
1.03953
1.04806
1.05622
1.06391
1.07107
1.07757
1.08332
1.08818
1.09202
1.09467
1.09596
1.09572
1.09375
1.08983
1.08374
1.07526
1.06415
1.05019
1.03314
1.01282
0.989054
0.961699
0.930679
0.895984
0.857683
0.815942
0.771038
0.723362
0.673429
0.621868
0.569415
0.516887
0.46515
0.415073
0.367479
0.323089
0.282474
0.246009
0.213851
0.185942
0.162025
0.141698
0.124469
0.109829
0.0973084
0.0865198
0.0771799
0.0691051
0.0621888
0.0563668
0.0515818
0.0477554
0.0447729
0.0424843
0.0407151
0.0392835
0.0380181
0.0367714
0.0354293
0.0339138
0.0321813
0.0302183
0.0280351
0.0256599
0.0231354
0.0205145
0.0178584
0.0152325
0.0127033
0.0103335
0.00817746
0.0062771
0.00465839
0.00332986
0.00228273
0.00149326
0.000926554
0.000541433
0.000295386
0.000148885
6.84602e-05
2.82867e-05
1.03156e-05
3.25085e-06
8.63654e-07
0.114863
0.116264
0.11747
0.118487
0.119321
0.119967
0.120408
0.120621
0.120575
0.12023
0.119539
0.118446
0.116889
0.114794
0.112079
0.108653
0.104413
0.0992429
0.0930181
0.0856005
0.0768409
0.066579
0.0546449
0.0408611
0.0250454
0.00701495
-0.0134083
-0.0363904
-0.0620764
-0.0905797
-0.121968
-0.15625
-0.193354
-0.233112
-0.275239
-0.319308
-0.364737
-0.410771
-0.456471
-0.500717
-0.542224
-0.579569
-0.611253
-0.635769
-0.651712
-0.657893
-0.653479
-0.638122
-0.612074
-0.576259
-0.532276
-0.482315
-0.428989
-0.375075
-0.323208
-0.275573
-0.233663
-0.198139
-0.16885
-0.144983
-0.125322
-0.10855
-0.0935293
-0.0794997
-0.0661593
-0.0536226
-0.042278
-0.0326007
-0.024984
-0.0196313
-0.0165203
-0.0154263
-0.0159792
-0.017735
-0.0202426
-0.0230949
-0.025956
-0.0285652
-0.0307236
-0.0322787
-0.0331144
-0.0331517
-0.0323553
-0.0307424
-0.028388
-0.0254239
-0.0220304
-0.0184195
-0.0148129
-0.0114161
-0.00839511
-0.00586008
-0.00385803
-0.00237657
-0.00135623
-0.000708256
-0.0003332
-0.000139371
-4.81606e-05
-2.2433e-05
0.00937062
0.00814528
0.00691994
0.00579023
0.00464195
0.00342756
0.00208942
0.000577912
-0.00115569
-0.0031594
-0.00548227
-0.00817542
-0.011293
-0.0148927
-0.0190361
-0.0237889
-0.0292202
-0.035402
-0.0424079
-0.0503115
-0.0591838
-0.0690901
-0.0800859
-0.0922113
-0.105485
-0.119896
-0.135395
-0.151881
-0.169194
-0.187096
-0.205261
-0.223259
-0.240541
-0.256437
-0.270142
-0.280725
-0.287145
-0.288278
-0.28297
-0.270107
-0.24872
-0.2181
-0.177945
-0.128514
-0.0707709
-0.0064945
0.0616747
0.130293
0.195303
0.25238
0.297415
0.327095
0.339478
0.334448
0.313895
0.281536
0.242346
0.201698
0.164411
0.133929
0.111839
0.0978105
0.089945
0.0854259
0.0813291
0.0753787
0.0664289
0.0545375
0.0406713
0.0262377
0.0126489
0.00102697
-0.0079381
-0.0140095
-0.0173358
-0.0183177
-0.0174467
-0.0151673
-0.0118129
-0.00762576
-0.00282098
0.00235513
0.0075997
0.0125609
0.0168691
0.0201822
0.0222374
0.0228981
0.0221844
0.0202763
0.0174858
0.014202
0.0108236
0.00769465
0.0050596
0.00304004
0.00164816
0.000774697
0.000365431
0.08
-0.00510558
-0.00510558
-0.00470714
-0.00478447
-0.00505997
-0.00557559
-0.00629794
-0.00722335
-0.0083488
-0.00967861
-0.0112215
-0.0129898
-0.0149987
-0.0172644
-0.0198033
-0.0226303
-0.0257574
-0.0291913
-0.0329317
-0.036968
-0.0412764
-0.0458157
-0.0505226
-0.0553071
-0.060046
-0.0645775
-0.068694
-0.0721373
-0.0745929
-0.0756872
-0.0749885
-0.0720117
-0.0662314
-0.0571031
-0.0440978
-0.0267496
-0.00472042
0.0221187
0.0535919
0.0891136
0.127585
0.167312
0.205961
0.240597
0.267818
0.284038
0.285908
0.270876
0.237821
0.187647
0.123664
0.0515965
-0.020959
-0.0856362
-0.134828
-0.163292
-0.169365
-0.155363
-0.12701
-0.0920433
-0.0584499
-0.0327729
-0.0188296
-0.01707
-0.0247936
-0.0372906
-0.0495474
-0.0577761
-0.0601398
-0.0566199
-0.0484248
-0.0373545
-0.0252977
-0.0138592
-0.00409127
0.00362886
0.00949763
0.0139767
0.0174465
0.0200199
0.0215671
0.0218524
0.0206717
0.0179507
0.0138045
0.00856327
0.00275301
-0.00297365
-0.00795026
-0.0116272
-0.0136824
-0.0140767
-0.0130374
-0.0109794
-0.00841481
-0.00579951
-0.00363944
-0.00170528
-0.00170528
0.0371281
