1.0000E-01 0.95 5.2780E+03
1.1220E-01 0.95 4.6805E+03
1.2589E-01 0.95 4.0952E+03
1.4125E-01 0.95 3.5340E+03
1.5849E-01 0.95 3.0111E+03
1.7783E-01 0.95 2.5429E+03
1.9953E-01 0.95 2.1181E+03
2.2387E-01 0.95 1.7421E+03
2.5119E-01 0.95 1.4183E+03
2.8184E-01 0.95 1.1350E+03
3.1623E-01 0.95 8.9702E+02
3.5481E-01 0.95 7.0155E+02
3.9811E-01 0.95 5.4192E+02
4.4668E-01 0.95 4.1395E+02
5.0119E-01 0.95 3.1292E+02
5.6234E-01 0.95 2.3463E+02
6.3096E-01 0.95 1.7432E+02
7.0795E-01 0.95 1.2861E+02
7.9433E-01 0.95 9.4398E+01
8.9125E-01 0.95 6.8695E+01
1.0000E+00 0.95 4.9533E+01
1.1220E+00 0.95 3.5653E+01
1.2589E+00 0.95 2.5581E+01
1.4125E+00 0.95 1.8159E+01
1.5849E+00 0.95 1.2903E+01
1.7783E+00 0.95 9.1129E+00
1.9953E+00 0.95 6.3733E+00
2.2387E+00 0.95 4.4629E+00
2.5119E+00 0.95 3.1003E+00
2.8184E+00 0.95 2.1383E+00
3.1623E+00 0.95 1.4764E+00
3.5481E+00 0.95 1.0106E+00
3.9811E+00 0.95 6.8706E-01
4.4668E+00 0.95 4.6704E-01
5.0119E+00 0.95 3.1695E-01
5.6234E+00 0.95 2.1421E-01
6.3096E+00 0.95 1.4394E-01
7.0795E+00 0.95 9.6658E-02
7.9433E+00 0.95 6.5043E-02
8.9125E+00 0.95 4.3635E-02
1.0000E+01 0.95 2.9152E-02
1.1220E+01 0.95 1.9513E-02
1.2589E+01 0.95 1.3000E-02
1.4125E+01 0.95 8.6969E-03
1.5849E+01 0.95 5.8347E-03
1.7783E+01 0.95 3.8873E-03
1.9953E+01 0.95 2.6108E-03
2.2387E+01 0.95 1.7469E-03
2.5119E+01 0.95 1.1706E-03
2.8184E+01 0.95 7.8750E-04
3.1623E+01 0.95 5.2729E-04
3.5481E+01 0.95 3.5707E-04
3.9811E+01 0.95 2.4149E-04
4.4668E+01 0.95 1.6290E-04
5.0119E+01 0.95 1.1025E-04
5.6234E+01 0.95 7.4861E-05
6.3096E+01 0.95 5.0605E-05
7.0795E+01 0.95 3.4376E-05
7.9433E+01 0.95 2.3319E-05
8.9125E+01 0.95 1.5721E-05
1.0000E+02 0.95 1.0743E-05
1.1220E+02 0.95 7.3381E-06
1.2589E+02 0.95 4.9939E-06
1.4125E+02 0.95 3.3852E-06
1.5849E+02 0.95 2.2951E-06
1.7783E+02 0.95 1.5552E-06
1.9953E+02 0.95 1.0561E-06
2.2387E+02 0.95 7.1227E-07
2.5119E+02 0.95 4.8262E-07
2.8184E+02 0.95 3.2100E-07
3.1623E+02 0.95 2.1941E-07
3.5481E+02 0.95 1.4887E-07
3.9811E+02 0.95 1.0043E-07
4.4668E+02 0.95 6.6823E-08
5.0119E+02 0.95 4.4853E-08
5.6234E+02 0.95 3.0030E-08
6.3096E+02 0.95 1.9995E-08
7.0795E+02 0.95 1.3399E-08
7.9433E+02 0.95 8.9795E-09
8.9125E+02 0.95 5.9382E-09
1.0000E+03 0.95 3.9332E-09
1.1220E+03 0.95 2.6640E-09
1.2589E+03 0.95 1.7774E-09
1.4125E+03 0.95 1.1576E-09
1.5849E+03 0.95 7.6832E-10
1.7783E+03 0.95 5.1076E-10
1.9953E+03 0.95 3.3557E-10
2.2387E+03 0.95 2.1832E-10
2.5119E+03 0.95 1.4342E-10
2.8184E+03 0.95 9.6077E-11
3.1623E+03 0.95 6.2913E-11
3.5481E+03 0.95 4.0787E-11
3.9811E+03 0.95 2.6826E-11
4.4668E+03 0.95 1.7631E-11
5.0119E+03 0.95 1.1360E-11
5.6234E+03 0.95 7.3803E-12
6.3096E+03 0.95 5.0361E-12
7.0795E+03 0.95 3.2702E-12
7.9433E+03 0.95 2.0935E-12
8.9125E+03 0.95 1.3537E-12
1.0000E+04 0.95 8.8027E-13
1.0000E-01 0.85 5.4589E+03
1.1220E-01 0.85 4.8309E+03
1.2589E-01 0.85 4.2187E+03
1.4125E-01 0.85 3.6396E+03
1.5849E-01 0.85 3.1057E+03
1.7783E-01 0.85 2.6197E+03
1.9953E-01 0.85 2.1837E+03
2.2387E-01 0.85 1.7974E+03
2.5119E-01 0.85 1.4627E+03
2.8184E-01 0.85 1.1748E+03
3.1623E-01 0.85 9.3244E+02
3.5481E-01 0.85 7.3040E+02
3.9811E-01 0.85 5.6502E+02
4.4668E-01 0.85 4.3355E+02
5.0119E-01 0.85 3.2931E+02
5.6234E-01 0.85 2.4837E+02
6.3096E-01 0.85 1.8517E+02
7.0795E-01 0.85 1.3663E+02
7.9433E-01 0.85 1.0053E+02
8.9125E-01 0.85 7.3480E+01
1.0000E+00 0.85 5.3407E+01
1.1220E+00 0.85 3.8567E+01
1.2589E+00 0.85 2.7681E+01
1.4125E+00 0.85 1.9813E+01
1.5849E+00 0.85 1.4090E+01
1.7783E+00 0.85 9.9905E+00
1.9953E+00 0.85 7.0417E+00
2.2387E+00 0.85 4.9178E+00
2.5119E+00 0.85 3.4351E+00
2.8184E+00 0.85 2.3751E+00
3.1623E+00 0.85 1.6388E+00
3.5481E+00 0.85 1.1226E+00
3.9811E+00 0.85 7.6716E-01
4.4668E+00 0.85 5.2311E-01
5.0119E+00 0.85 3.5262E-01
5.6234E+00 0.85 2.3888E-01
6.3096E+00 0.85 1.6194E-01
7.0795E+00 0.85 1.0860E-01
7.9433E+00 0.85 7.2867E-02
8.9125E+00 0.85 4.9111E-02
1.0000E+01 0.85 3.2699E-02
1.1220E+01 0.85 2.1862E-02
1.2589E+01 0.85 1.4654E-02
1.4125E+01 0.85 9.8378E-03
1.5849E+01 0.85 6.4977E-03
1.7783E+01 0.85 4.3477E-03
1.9953E+01 0.85 2.9463E-03
2.2387E+01 0.85 1.9469E-03
2.5119E+01 0.85 1.3238E-03
2.8184E+01 0.85 8.8556E-04
3.1623E+01 0.85 5.8946E-04
3.5481E+01 0.85 3.9625E-04
3.9811E+01 0.85 2.6692E-04
4.4668E+01 0.85 1.8030E-04
5.0119E+01 0.85 1.2132E-04
5.6234E+01 0.85 8.2224E-05
6.3096E+01 0.85 5.5796E-05
7.0795E+01 0.85 3.7612E-05
7.9433E+01 0.85 2.5447E-05
8.9125E+01 0.85 1.7340E-05
1.0000E+02 0.85 1.1777E-05
1.1220E+02 0.85 7.9830E-06
1.2589E+02 0.85 5.4196E-06
1.4125E+02 0.85 3.6697E-06
1.5849E+02 0.85 2.4915E-06
1.7783E+02 0.85 1.6952E-06
1.9953E+02 0.85 1.1540E-06
2.2387E+02 0.85 7.8581E-07
2.5119E+02 0.85 5.2269E-07
2.8184E+02 0.85 3.5034E-07
3.1623E+02 0.85 2.3987E-07
3.5481E+02 0.85 1.5992E-07
3.9811E+02 0.85 1.0737E-07
4.4668E+02 0.85 7.2822E-08
5.0119E+02 0.85 4.8826E-08
5.6234E+02 0.85 3.3139E-08
6.3096E+02 0.85 2.2085E-08
7.0795E+02 0.85 1.4770E-08
7.9433E+02 0.85 9.8384E-09
8.9125E+02 0.85 6.6608E-09
1.0000E+03 0.85 4.4149E-09
1.1220E+03 0.85 2.9035E-09
1.2589E+03 0.85 1.9262E-09
1.4125E+03 0.85 1.2783E-09
1.5849E+03 0.85 8.3758E-10
1.7783E+03 0.85 5.4788E-10
1.9953E+03 0.85 3.6932E-10
2.2387E+03 0.85 2.4833E-10
2.5119E+03 0.85 1.6269E-10
2.8184E+03 0.85 1.0501E-10
3.1623E+03 0.85 7.0382E-11
3.5481E+03 0.85 4.5446E-11
3.9811E+03 0.85 2.9594E-11
4.4668E+03 0.85 1.9791E-11
5.0119E+03 0.85 1.3205E-11
5.6234E+03 0.85 8.6689E-12
6.3096E+03 0.85 5.5348E-12
7.0795E+03 0.85 3.6665E-12
7.9433E+03 0.85 2.3889E-12
8.9125E+03 0.85 1.5396E-12
1.0000E+04 0.85 9.9851E-13
1.0000E-01 0.75 5.6897E+03
1.1220E-01 0.75 5.0139E+03
1.2589E-01 0.75 4.3643E+03
1.4125E-01 0.75 3.7592E+03
1.5849E-01 0.75 3.2020E+03
1.7783E-01 0.75 2.6988E+03
1.9953E-01 0.75 2.2518E+03
2.2387E-01 0.75 1.8550E+03
2.5119E-01 0.75 1.5092E+03
2.8184E-01 0.75 1.2164E+03
3.1623E-01 0.75 9.6730E+02
3.5481E-01 0.75 7.5774E+02
3.9811E-01 0.75 5.9011E+02
4.4668E-01 0.75 4.5499E+02
5.0119E-01 0.75 3.4642E+02
5.6234E-01 0.75 2.6151E+02
6.3096E-01 0.75 1.9606E+02
7.0795E-01 0.75 1.4597E+02
7.9433E-01 0.75 1.0750E+02
8.9125E-01 0.75 7.8559E+01
1.0000E+00 0.75 5.7319E+01
1.1220E+00 0.75 4.1649E+01
1.2589E+00 0.75 3.0066E+01
1.4125E+00 0.75 2.1585E+01
1.5849E+00 0.75 1.5439E+01
1.7783E+00 0.75 1.0983E+01
1.9953E+00 0.75 7.7616E+00
2.2387E+00 0.75 5.4449E+00
2.5119E+00 0.75 3.8324E+00
2.8184E+00 0.75 2.6772E+00
3.1623E+00 0.75 1.8419E+00
3.5481E+00 0.75 1.2671E+00
3.9811E+00 0.75 8.6538E-01
4.4668E+00 0.75 5.8948E-01
5.0119E+00 0.75 4.0159E-01
5.6234E+00 0.75 2.7131E-01
6.3096E+00 0.75 1.8401E-01
7.0795E+00 0.75 1.2464E-01
7.9433E+00 0.75 8.3954E-02
8.9125E+00 0.75 5.6110E-02
1.0000E+01 0.75 3.7403E-02
1.1220E+01 0.75 2.4887E-02
1.2589E+01 0.75 1.6599E-02
1.4125E+01 0.75 1.1165E-02
1.5849E+01 0.75 7.4682E-03
1.7783E+01 0.75 4.9840E-03
1.9953E+01 0.75 3.3459E-03
2.2387E+01 0.75 2.2444E-03
2.5119E+01 0.75 1.4976E-03
2.8184E+01 0.75 9.9558E-04
3.1623E+01 0.75 6.6741E-04
3.5481E+01 0.75 4.4840E-04
3.9811E+01 0.75 3.0252E-04
4.4668E+01 0.75 2.0336E-04
5.0119E+01 0.75 1.3642E-04
5.6234E+01 0.75 9.1824E-05
6.3096E+01 0.75 6.1721E-05
7.0795E+01 0.75 4.1919E-05
7.9433E+01 0.75 2.8640E-05
8.9125E+01 0.75 1.9176E-05
1.0000E+02 0.75 1.2974E-05
1.1220E+02 0.75 8.7871E-06
1.2589E+02 0.75 5.9681E-06
1.4125E+02 0.75 4.0515E-06
1.5849E+02 0.75 2.7468E-06
1.7783E+02 0.75 1.8545E-06
1.9953E+02 0.75 1.2685E-06
2.2387E+02 0.75 8.6636E-07
2.5119E+02 0.75 5.7557E-07
2.8184E+02 0.75 3.9023E-07
3.1623E+02 0.75 2.6257E-07
3.5481E+02 0.75 1.7763E-07
3.9811E+02 0.75 1.2095E-07
4.4668E+02 0.75 8.1086E-08
5.0119E+02 0.75 5.4210E-08
5.6234E+02 0.75 3.6551E-08
6.3096E+02 0.75 2.4464E-08
7.0795E+02 0.75 1.6351E-08
7.9433E+02 0.75 1.0913E-08
8.9125E+02 0.75 7.2809E-09
1.0000E+03 0.75 4.8786E-09
1.1220E+03 0.75 3.2380E-09
1.2589E+03 0.75 2.1639E-09
1.4125E+03 0.75 1.4213E-09
1.5849E+03 0.75 9.5069E-10
1.7783E+03 0.75 6.3305E-10
1.9953E+03 0.75 4.2047E-10
2.2387E+03 0.75 2.7436E-10
2.5119E+03 0.75 1.7996E-10
2.8184E+03 0.75 1.1996E-10
3.1623E+03 0.75 7.7155E-11
3.5481E+03 0.75 5.0529E-11
3.9811E+03 0.75 3.3438E-11
4.4668E+03 0.75 2.1947E-11
5.0119E+03 0.75 1.4425E-11
5.6234E+03 0.75 9.0560E-12
6.3096E+03 0.75 5.9945E-12
7.0795E+03 0.75 4.0446E-12
7.9433E+03 0.75 2.5520E-12
8.9125E+03 0.75 1.6516E-12
1.0000E+04 0.75 1.1108E-12
1.0000E-01 0.65 5.9975E+03
1.1220E-01 0.65 5.2565E+03
1.2589E-01 0.65 4.5561E+03
1.4125E-01 0.65 3.9131E+03
1.5849E-01 0.65 3.3265E+03
1.7783E-01 0.65 2.7968E+03
1.9953E-01 0.65 2.3284E+03
2.2387E-01 0.65 1.9207E+03
2.5119E-01 0.65 1.5647E+03
2.8184E-01 0.65 1.2592E+03
3.1623E-01 0.65 1.0018E+03
3.5481E-01 0.65 7.8821E+02
3.9811E-01 0.65 6.1421E+02
4.4668E-01 0.65 4.7370E+02
5.0119E-01 0.65 3.6247E+02
5.6234E-01 0.65 2.7593E+02
6.3096E-01 0.65 2.0749E+02
7.0795E-01 0.65 1.5486E+02
7.9433E-01 0.65 1.1516E+02
8.9125E-01 0.65 8.4823E+01
1.0000E+00 0.65 6.2039E+01
1.1220E+00 0.65 4.5128E+01
1.2589E+00 0.65 3.2693E+01
1.4125E+00 0.65 2.3599E+01
1.5849E+00 0.65 1.6935E+01
1.7783E+00 0.65 1.2133E+01
1.9953E+00 0.65 8.6361E+00
2.2387E+00 0.65 6.0744E+00
2.5119E+00 0.65 4.2566E+00
2.8184E+00 0.65 2.9559E+00
3.1623E+00 0.65 2.0633E+00
3.5481E+00 0.65 1.4266E+00
3.9811E+00 0.65 9.8008E-01
4.4668E+00 0.65 6.7058E-01
5.0119E+00 0.65 4.5757E-01
5.6234E+00 0.65 3.1250E-01
6.3096E+00 0.65 2.1188E-01
7.0795E+00 0.65 1.4276E-01
7.9433E+00 0.65 9.6154E-02
8.9125E+00 0.65 6.4790E-02
1.0000E+01 0.65 4.3257E-02
1.1220E+01 0.65 2.8979E-02
1.2589E+01 0.65 1.9316E-02
1.4125E+01 0.65 1.2899E-02
1.5849E+01 0.65 8.6609E-03
1.7783E+01 0.65 5.7985E-03
1.9953E+01 0.65 3.8680E-03
2.2387E+01 0.65 2.5886E-03
2.5119E+01 0.65 1.7386E-03
2.8184E+01 0.65 1.1626E-03
3.1623E+01 0.65 7.7031E-04
3.5481E+01 0.65 5.1563E-04
3.9811E+01 0.65 3.4651E-04
4.4668E+01 0.65 2.3270E-04
5.0119E+01 0.65 1.5709E-04
5.6234E+01 0.65 1.0531E-04
6.3096E+01 0.65 7.0866E-05
7.0795E+01 0.65 4.7652E-05
7.9433E+01 0.65 3.2062E-05
8.9125E+01 0.65 2.1585E-05
1.0000E+02 0.65 1.4598E-05
1.1220E+02 0.65 9.8809E-06
1.2589E+02 0.65 6.7005E-06
1.4125E+02 0.65 4.5189E-06
1.5849E+02 0.65 3.0453E-06
1.7783E+02 0.65 2.0650E-06
1.9953E+02 0.65 1.4082E-06
2.2387E+02 0.65 9.4434E-07
2.5119E+02 0.65 6.3324E-07
2.8184E+02 0.65 4.2993E-07
3.1623E+02 0.65 2.9380E-07
3.5481E+02 0.65 1.9834E-07
3.9811E+02 0.65 1.3369E-07
4.4668E+02 0.65 9.0201E-08
5.0119E+02 0.65 6.0399E-08
5.6234E+02 0.65 4.0626E-08
6.3096E+02 0.65 2.7294E-08
7.0795E+02 0.65 1.8232E-08
7.9433E+02 0.65 1.2221E-08
8.9125E+02 0.65 8.2034E-09
1.0000E+03 0.65 5.5057E-09
1.1220E+03 0.65 3.6990E-09
1.2589E+03 0.65 2.4427E-09
1.4125E+03 0.65 1.6171E-09
1.5849E+03 0.65 1.0440E-09
1.7783E+03 0.65 6.9164E-10
1.9953E+03 0.65 4.6274E-10
2.2387E+03 0.65 3.1303E-10
2.5119E+03 0.65 2.0134E-10
2.8184E+03 0.65 1.3092E-10
3.1623E+03 0.65 8.8910E-11
3.5481E+03 0.65 5.7926E-11
3.9811E+03 0.65 3.6987E-11
4.4668E+03 0.65 2.4329E-11
5.0119E+03 0.65 1.6204E-11
5.6234E+03 0.65 1.0604E-11
6.3096E+03 0.65 6.9863E-12
7.0795E+03 0.65 4.6378E-12
7.9433E+03 0.65 3.0182E-12
8.9125E+03 0.65 1.9464E-12
1.0000E+04 0.65 1.2483E-12
1.0000E-01 0.55 6.4346E+03
1.1220E-01 0.55 5.6106E+03
1.2589E-01 0.55 4.8381E+03
1.4125E-01 0.55 4.1288E+03
1.5849E-01 0.55 3.4920E+03
1.7783E-01 0.55 2.9237E+03
1.9953E-01 0.55 2.4293E+03
2.2387E-01 0.55 1.9946E+03
2.5119E-01 0.55 1.6219E+03
2.8184E-01 0.55 1.3085E+03
3.1623E-01 0.55 1.0427E+03
3.5481E-01 0.55 8.2177E+02
3.9811E-01 0.55 6.4153E+02
4.4668E-01 0.55 4.9626E+02
5.0119E-01 0.55 3.8104E+02
5.6234E-01 0.55 2.9018E+02
6.3096E-01 0.55 2.1955E+02
7.0795E-01 0.55 1.6444E+02
7.9433E-01 0.55 1.2239E+02
8.9125E-01 0.55 9.0493E+01
1.0000E+00 0.55 6.6778E+01
1.1220E+00 0.55 4.9003E+01
1.2589E+00 0.55 3.5772E+01
1.4125E+00 0.55 2.5919E+01
1.5849E+00 0.55 1.8655E+01
1.7783E+00 0.55 1.3407E+01
1.9953E+00 0.55 9.6062E+00
2.2387E+00 0.55 6.7869E+00
2.5119E+00 0.55 4.7866E+00
2.8184E+00 0.55 3.3753E+00
3.1623E+00 0.55 2.3451E+00
3.5481E+00 0.55 1.6332E+00
3.9811E+00 0.55 1.1323E+00
4.4668E+00 0.55 7.7720E-01
5.0119E+00 0.55 5.3129E-01
5.6234E+00 0.55 3.6353E-01
6.3096E+00 0.55 2.4787E-01
7.0795E+00 0.55 1.6698E-01
7.9433E+00 0.55 1.1358E-01
8.9125E+00 0.55 7.6961E-02
1.0000E+01 0.55 5.1255E-02
1.1220E+01 0.55 3.4347E-02
1.2589E+01 0.55 2.3065E-02
1.4125E+01 0.55 1.5484E-02
1.5849E+01 0.55 1.0362E-02
1.7783E+01 0.55 6.8877E-03
1.9953E+01 0.55 4.5354E-03
2.2387E+01 0.55 3.0259E-03
2.5119E+01 0.55 2.0449E-03
2.8184E+01 0.55 1.3807E-03
3.1623E+01 0.55 9.2072E-04
3.5481E+01 0.55 6.1399E-04
3.9811E+01 0.55 4.0941E-04
4.4668E+01 0.55 2.7478E-04
5.0119E+01 0.55 1.8513E-04
5.6234E+01 0.55 1.2342E-04
6.3096E+01 0.55 8.2476E-05
7.0795E+01 0.55 5.5245E-05
7.9433E+01 0.55 3.7375E-05
8.9125E+01 0.55 2.4996E-05
1.0000E+02 0.55 1.6884E-05
1.1220E+02 0.55 1.1399E-05
1.2589E+02 0.55 7.7074E-06
1.4125E+02 0.55 5.1981E-06
1.5849E+02 0.55 3.5091E-06
1.7783E+02 0.55 2.3516E-06
1.9953E+02 0.55 1.5867E-06
2.2387E+02 0.55 1.0795E-06
2.5119E+02 0.55 7.3474E-07
2.8184E+02 0.55 4.9778E-07
3.1623E+02 0.55 3.3225E-07
3.5481E+02 0.55 2.2447E-07
3.9811E+02 0.55 1.5220E-07
4.4668E+02 0.55 1.0266E-07
5.0119E+02 0.55 6.9028E-08
5.6234E+02 0.55 4.6405E-08
6.3096E+02 0.55 3.1228E-08
7.0795E+02 0.55 2.0791E-08
7.9433E+02 0.55 1.3915E-08
8.9125E+02 0.55 9.3138E-09
1.0000E+03 0.55 6.2492E-09
1.1220E+03 0.55 4.1528E-09
1.2589E+03 0.55 2.7764E-09
1.4125E+03 0.55 1.8561E-09
1.5849E+03 0.55 1.2280E-09
1.7783E+03 0.55 8.2675E-10
1.9953E+03 0.55 5.5076E-10
2.2387E+03 0.55 3.6059E-10
2.5119E+03 0.55 2.3607E-10
2.8184E+03 0.55 1.5614E-10
3.1623E+03 0.55 1.0251E-10
3.5481E+03 0.55 6.7061E-11
3.9811E+03 0.55 4.4622E-11
4.4668E+03 0.55 2.9369E-11
5.0119E+03 0.55 1.9349E-11
5.6234E+03 0.55 1.2927E-11
6.3096E+03 0.55 8.2356E-12
7.0795E+03 0.55 5.3225E-12
7.9433E+03 0.55 3.5683E-12
8.9125E+03 0.55 2.3332E-12
1.0000E+04 0.55 1.4866E-12
1.0000E-01 0.45 7.0547E+03
1.1220E-01 0.45 6.1164E+03
1.2589E-01 0.45 5.2428E+03
1.4125E-01 0.45 4.4462E+03
1.5849E-01 0.45 3.7314E+03
1.7783E-01 0.45 3.1115E+03
1.9953E-01 0.45 2.5736E+03
2.2387E-01 0.45 2.1017E+03
2.5119E-01 0.45 1.7039E+03
2.8184E-01 0.45 1.3687E+03
3.1623E-01 0.45 1.0873E+03
3.5481E-01 0.45 8.5741E+02
3.9811E-01 0.45 6.7030E+02
4.4668E-01 0.45 5.1866E+02
5.0119E-01 0.45 3.9811E+02
5.6234E-01 0.45 3.0394E+02
6.3096E-01 0.45 2.3091E+02
7.0795E-01 0.45 1.7414E+02
7.9433E-01 0.45 1.3025E+02
8.9125E-01 0.45 9.6815E+01
1.0000E+00 0.45 7.2197E+01
1.1220E+00 0.45 5.3131E+01
1.2589E+00 0.45 3.8977E+01
1.4125E+00 0.45 2.8540E+01
1.5849E+00 0.45 2.0706E+01
1.7783E+00 0.45 1.4940E+01
1.9953E+00 0.45 1.0730E+01
2.2387E+00 0.45 7.6903E+00
2.5119E+00 0.45 5.4612E+00
2.8184E+00 0.45 3.8465E+00
3.1623E+00 0.45 2.7051E+00
3.5481E+00 0.45 1.8887E+00
3.9811E+00 0.45 1.3108E+00
4.4668E+00 0.45 9.1115E-01
5.0119E+00 0.45 6.2844E-01
5.6234E+00 0.45 4.3142E-01
6.3096E+00 0.45 2.9320E-01
7.0795E+00 0.45 1.9858E-01
7.9433E+00 0.45 1.3491E-01
8.9125E+00 0.45 9.1521E-02
1.0000E+01 0.45 6.2280E-02
1.1220E+01 0.45 4.1805E-02
1.2589E+01 0.45 2.8014E-02
1.4125E+01 0.45 1.8834E-02
1.5849E+01 0.45 1.2637E-02
1.7783E+01 0.45 8.5050E-03
1.9953E+01 0.45 5.6987E-03
2.2387E+01 0.45 3.7692E-03
2.5119E+01 0.45 2.5316E-03
2.8184E+01 0.45 1.6986E-03
3.1623E+01 0.45 1.1295E-03
3.5481E+01 0.45 7.5407E-04
3.9811E+01 0.45 5.0457E-04
4.4668E+01 0.45 3.3790E-04
5.0119E+01 0.45 2.2538E-04
5.6234E+01 0.45 1.5013E-04
6.3096E+01 0.45 1.0006E-04
7.0795E+01 0.45 6.7273E-05
7.9433E+01 0.45 4.4815E-05
8.9125E+01 0.45 2.9809E-05
1.0000E+02 0.45 2.0228E-05
1.1220E+02 0.45 1.3587E-05
1.2589E+02 0.45 9.1355E-06
1.4125E+02 0.45 6.1547E-06
1.5849E+02 0.45 4.1363E-06
1.7783E+02 0.45 2.7905E-06
1.9953E+02 0.45 1.8881E-06
2.2387E+02 0.45 1.2624E-06
2.5119E+02 0.45 8.4693E-07
2.8184E+02 0.45 5.7110E-07
3.1623E+02 0.45 3.8928E-07
3.5481E+02 0.45 2.6124E-07
3.9811E+02 0.45 1.7621E-07
4.4668E+02 0.45 1.1905E-07
5.0119E+02 0.45 7.9887E-08
5.6234E+02 0.45 5.3772E-08
6.3096E+02 0.45 3.6209E-08
7.0795E+02 0.45 2.4485E-08
7.9433E+02 0.45 1.6394E-08
8.9125E+02 0.45 1.0833E-08
1.0000E+03 0.45 7.3219E-09
1.1220E+03 0.45 4.9584E-09
1.2589E+03 0.45 3.2948E-09
1.4125E+03 0.45 2.1569E-09
1.5849E+03 0.45 1.4382E-09
1.7783E+03 0.45 9.6138E-10
1.9953E+03 0.45 6.3852E-10
2.2387E+03 0.45 4.2584E-10
2.5119E+03 0.45 2.8315E-10
2.8184E+03 0.45 1.8824E-10
3.1623E+03 0.45 1.2265E-10
3.5481E+03 0.45 8.0679E-11
3.9811E+03 0.45 5.3332E-11
4.4668E+03 0.45 3.5077E-11
5.0119E+03 0.45 2.3382E-11
5.6234E+03 0.45 1.5278E-11
6.3096E+03 0.45 9.6856E-12
7.0795E+03 0.45 6.3401E-12
7.9433E+03 0.45 4.1384E-12
8.9125E+03 0.45 2.6849E-12
1.0000E+04 0.45 1.7766E-12
1.0000E-01 0.35 8.0862E+03
1.1220E-01 0.35 6.9559E+03
1.2589E-01 0.35 5.9019E+03
1.4125E-01 0.35 4.9643E+03
1.5849E-01 0.35 4.1371E+03
1.7783E-01 0.35 3.4177E+03
1.9953E-01 0.35 2.7998E+03
2.2387E-01 0.35 2.2778E+03
2.5119E-01 0.35 1.8361E+03
2.8184E-01 0.35 1.4652E+03
3.1623E-01 0.35 1.1587E+03
3.5481E-01 0.35 9.0860E+02
3.9811E-01 0.35 7.0791E+02
4.4668E-01 0.35 5.4843E+02
5.0119E-01 0.35 4.2136E+02
5.6234E-01 0.35 3.2119E+02
6.3096E-01 0.35 2.4401E+02
7.0795E-01 0.35 1.8455E+02
7.9433E-01 0.35 1.3936E+02
8.9125E-01 0.35 1.0433E+02
1.0000E+00 0.35 7.7419E+01
1.1220E+00 0.35 5.7419E+01
1.2589E+00 0.35 4.2430E+01
1.4125E+00 0.35 3.1157E+01
1.5849E+00 0.35 2.2850E+01
1.7783E+00 0.35 1.6694E+01
1.9953E+00 0.35 1.2092E+01
2.2387E+00 0.35 8.7031E+00
2.5119E+00 0.35 6.2548E+00
2.8184E+00 0.35 4.4626E+00
3.1623E+00 0.35 3.1368E+00
3.5481E+00 0.35 2.2073E+00
3.9811E+00 0.35 1.5426E+00
4.4668E+00 0.35 1.0754E+00
5.0119E+00 0.35 7.4976E-01
5.6234E+00 0.35 5.1487E-01
6.3096E+00 0.35 3.5140E-01
7.0795E+00 0.35 2.4134E-01
7.9433E+00 0.35 1.6644E-01
8.9125E+00 0.35 1.1373E-01
1.0000E+01 0.35 7.7531E-02
1.1220E+01 0.35 5.2550E-02
1.2589E+01 0.35 3.5621E-02
1.4125E+01 0.35 2.3789E-02
1.5849E+01 0.35 1.5941E-02
1.7783E+01 0.35 1.0769E-02
1.9953E+01 0.35 7.2488E-03
2.2387E+01 0.35 4.8353E-03
2.5119E+01 0.35 3.2614E-03
2.8184E+01 0.35 2.2084E-03
3.1623E+01 0.35 1.4614E-03
3.5481E+01 0.35 9.7464E-04
3.9811E+01 0.35 6.5123E-04
4.4668E+01 0.35 4.3579E-04
5.0119E+01 0.35 2.9088E-04
5.6234E+01 0.35 1.9327E-04
6.3096E+01 0.35 1.2884E-04
7.0795E+01 0.35 8.6611E-05
7.9433E+01 0.35 5.7957E-05
8.9125E+01 0.35 3.8468E-05
1.0000E+02 0.35 2.5662E-05
1.1220E+02 0.35 1.7176E-05
1.2589E+02 0.35 1.1477E-05
1.4125E+02 0.35 7.6907E-06
1.5849E+02 0.35 5.1604E-06
1.7783E+02 0.35 3.4540E-06
1.9953E+02 0.35 2.3322E-06
2.2387E+02 0.35 1.5678E-06
2.5119E+02 0.35 1.0387E-06
2.8184E+02 0.35 7.0415E-07
3.1623E+02 0.35 4.7275E-07
3.5481E+02 0.35 3.1861E-07
3.9811E+02 0.35 2.1521E-07
4.4668E+02 0.35 1.4484E-07
5.0119E+02 0.35 9.7250E-08
5.6234E+02 0.35 6.5351E-08
6.3096E+02 0.35 4.4110E-08
7.0795E+02 0.35 2.9585E-08
7.9433E+02 0.35 1.9642E-08
8.9125E+02 0.35 1.3257E-08
1.0000E+03 0.35 8.9477E-09
1.1220E+03 0.35 5.9993E-09
1.2589E+03 0.35 3.9906E-09
1.4125E+03 0.35 2.6758E-09
1.5849E+03 0.35 1.7964E-09
1.7783E+03 0.35 1.1788E-09
1.9953E+03 0.35 7.9253E-10
2.2387E+03 0.35 5.3167E-10
2.5119E+03 0.35 3.5106E-10
2.8184E+03 0.35 2.3212E-10
3.1623E+03 0.35 1.5446E-10
3.5481E+03 0.35 1.0101E-10
3.9811E+03 0.35 6.6186E-11
4.4668E+03 0.35 4.3477E-11
5.0119E+03 0.35 2.8638E-11
5.6234E+03 0.35 1.8843E-11
6.3096E+03 0.35 1.2422E-11
7.0795E+03 0.35 8.1780E-12
7.9433E+03 0.35 5.1716E-12
8.9125E+03 0.35 3.3844E-12
1.0000E+04 0.35 2.2949E-12
1.0000E-01 0.25 9.9299E+03
1.1220E-01 0.25 8.4638E+03
1.2589E-01 0.25 7.1033E+03
1.4125E-01 0.25 5.9130E+03
1.5849E-01 0.25 4.8759E+03
1.7783E-01 0.25 3.9797E+03
1.9953E-01 0.25 3.2287E+03
2.2387E-01 0.25 2.6062E+03
2.5119E-01 0.25 2.0798E+03
2.8184E-01 0.25 1.6413E+03
3.1623E-01 0.25 1.2838E+03
3.5481E-01 0.25 9.9565E+02
3.9811E-01 0.25 7.6878E+02
4.4668E-01 0.25 5.9088E+02
5.0119E-01 0.25 4.5126E+02
5.6234E-01 0.25 3.4393E+02
6.3096E-01 0.25 2.6145E+02
7.0795E-01 0.25 1.9704E+02
7.9433E-01 0.25 1.4728E+02
8.9125E-01 0.25 1.1056E+02
1.0000E+00 0.25 8.2728E+01
1.1220E+00 0.25 6.1719E+01
1.2589E+00 0.25 4.6031E+01
1.4125E+00 0.25 3.4173E+01
1.5849E+00 0.25 2.5231E+01
1.7783E+00 0.25 1.8464E+01
1.9953E+00 0.25 1.3424E+01
2.2387E+00 0.25 9.7959E+00
2.5119E+00 0.25 7.1039E+00
2.8184E+00 0.25 5.1048E+00
3.1623E+00 0.25 3.6649E+00
3.5481E+00 0.25 2.5981E+00
3.9811E+00 0.25 1.8396E+00
4.4668E+00 0.25 1.2904E+00
5.0119E+00 0.25 9.0293E-01
5.6234E+00 0.25 6.3435E-01
6.3096E+00 0.25 4.4214E-01
7.0795E+00 0.25 3.0502E-01
7.9433E+00 0.25 2.1130E-01
8.9125E+00 0.25 1.4645E-01
1.0000E+01 0.25 1.0003E-01
1.1220E+01 0.25 6.8226E-02
1.2589E+01 0.25 4.6628E-02
1.4125E+01 0.25 3.1624E-02
1.5849E+01 0.25 2.1348E-02
1.7783E+01 0.25 1.4407E-02
1.9953E+01 0.25 9.7175E-03
2.2387E+01 0.25 6.6450E-03
2.5119E+01 0.25 4.4944E-03
2.8184E+01 0.25 3.0124E-03
3.1623E+01 0.25 2.0196E-03
3.5481E+01 0.25 1.3567E-03
3.9811E+01 0.25 9.0827E-04
4.4668E+01 0.25 6.0743E-04
5.0119E+01 0.25 4.0662E-04
5.6234E+01 0.25 2.7052E-04
6.3096E+01 0.25 1.7956E-04
7.0795E+01 0.25 1.1977E-04
7.9433E+01 0.25 7.9833E-05
8.9125E+01 0.25 5.3263E-05
1.0000E+02 0.25 3.5518E-05
1.1220E+02 0.25 2.3688E-05
1.2589E+02 0.25 1.5798E-05
1.4125E+02 0.25 1.0483E-05
1.5849E+02 0.25 6.9852E-06
1.7783E+02 0.25 4.6625E-06
1.9953E+02 0.25 3.0986E-06
2.2387E+02 0.25 2.0703E-06
2.5119E+02 0.25 1.3939E-06
2.8184E+02 0.25 9.2932E-07
3.1623E+02 0.25 6.2057E-07
3.5481E+02 0.25 4.1558E-07
3.9811E+02 0.25 2.7962E-07
4.4668E+02 0.25 1.8767E-07
5.0119E+02 0.25 1.2577E-07
5.6234E+02 0.25 8.4756E-08
6.3096E+02 0.25 5.6891E-08
7.0795E+02 0.25 3.8289E-08
7.9433E+02 0.25 2.5685E-08
8.9125E+02 0.25 1.7112E-08
1.0000E+03 0.25 1.1538E-08
1.1220E+03 0.25 7.7384E-09
1.2589E+03 0.25 5.1618E-09
1.4125E+03 0.25 3.4712E-09
1.5849E+03 0.25 2.3071E-09
1.7783E+03 0.25 1.5383E-09
1.9953E+03 0.25 1.0414E-09
2.2387E+03 0.25 6.8862E-10
2.5119E+03 0.25 4.5048E-10
2.8184E+03 0.25 2.9968E-10
3.1623E+03 0.25 1.9965E-10
3.5481E+03 0.25 1.3203E-10
3.9811E+03 0.25 8.6955E-11
4.4668E+03 0.25 5.6623E-11
5.0119E+03 0.25 3.7955E-11
5.6234E+03 0.25 2.5339E-11
6.3096E+03 0.25 1.6342E-11
7.0795E+03 0.25 1.0639E-11
7.9433E+03 0.25 6.9995E-12
8.9125E+03 0.25 4.6758E-12
1.0000E+04 0.25 3.0439E-12
1.0000E-01 0.15 1.3954E+04
1.1220E-01 0.15 1.1772E+04
1.2589E-01 0.15 9.7709E+03
1.4125E-01 0.15 8.0116E+03
1.5849E-01 0.15 6.5073E+03
1.7783E-01 0.15 5.2364E+03
1.9953E-01 0.15 4.1907E+03
2.2387E-01 0.15 3.3281E+03
2.5119E-01 0.15 2.6071E+03
2.8184E-01 0.15 2.0285E+03
3.1623E-01 0.15 1.5681E+03
3.5481E-01 0.15 1.1997E+03
3.9811E-01 0.15 9.1469E+02
4.4668E-01 0.15 6.9273E+02
5.0119E-01 0.15 5.2259E+02
5.6234E-01 0.15 3.9311E+02
6.3096E-01 0.15 2.9261E+02
7.0795E-01 0.15 2.1758E+02
7.9433E-01 0.15 1.6305E+02
8.9125E-01 0.15 1.2192E+02
1.0000E+00 0.15 9.0434E+01
1.1220E+00 0.15 6.7278E+01
1.2589E+00 0.15 4.9977E+01
1.4125E+00 0.15 3.7131E+01
1.5849E+00 0.15 2.7434E+01
1.7783E+00 0.15 2.0230E+01
1.9953E+00 0.15 1.4993E+01
2.2387E+00 0.15 1.1048E+01
2.5119E+00 0.15 8.0363E+00
2.8184E+00 0.15 5.8569E+00
3.1623E+00 0.15 4.2264E+00
3.5481E+00 0.15 3.0251E+00
3.9811E+00 0.15 2.1689E+00
4.4668E+00 0.15 1.5533E+00
5.0119E+00 0.15 1.1038E+00
5.6234E+00 0.15 7.8235E-01
6.3096E+00 0.15 5.5334E-01
7.0795E+00 0.15 3.8704E-01
7.9433E+00 0.15 2.6990E-01
8.9125E+00 0.15 1.9091E-01
1.0000E+01 0.15 1.3334E-01
1.1220E+01 0.15 9.2160E-02
1.2589E+01 0.15 6.3889E-02
1.4125E+01 0.15 4.4127E-02
1.5849E+01 0.15 3.0514E-02
1.7783E+01 0.15 2.0944E-02
1.9953E+01 0.15 1.4250E-02
2.2387E+01 0.15 9.7855E-03
2.5119E+01 0.15 6.7561E-03
2.8184E+01 0.15 4.6070E-03
3.1623E+01 0.15 3.0903E-03
3.5481E+01 0.15 2.0920E-03
3.9811E+01 0.15 1.4089E-03
4.4668E+01 0.15 9.4804E-04
5.0119E+01 0.15 6.3745E-04
5.6234E+01 0.15 4.2740E-04
6.3096E+01 0.15 2.8599E-04
7.0795E+01 0.15 1.9185E-04
7.9433E+01 0.15 1.2820E-04
8.9125E+01 0.15 8.5147E-05
1.0000E+02 0.15 5.6693E-05
1.1220E+02 0.15 3.7747E-05
1.2589E+02 0.15 2.5109E-05
1.4125E+02 0.15 1.6684E-05
1.5849E+02 0.15 1.1101E-05
1.7783E+02 0.15 7.3837E-06
1.9953E+02 0.15 4.8802E-06
2.2387E+02 0.15 3.2286E-06
2.5119E+02 0.15 2.1469E-06
2.8184E+02 0.15 1.4149E-06
3.1623E+02 0.15 9.4469E-07
3.5481E+02 0.15 6.2899E-07
3.9811E+02 0.15 4.1743E-07
4.4668E+02 0.15 2.7809E-07
5.0119E+02 0.15 1.8491E-07
5.6234E+02 0.15 1.2341E-07
6.3096E+02 0.15 8.2484E-08
7.0795E+02 0.15 5.5098E-08
7.9433E+02 0.15 3.6908E-08
8.9125E+02 0.15 2.4544E-08
1.0000E+03 0.15 1.6366E-08
1.1220E+03 0.15 1.0961E-08
1.2589E+03 0.15 7.3678E-09
1.4125E+03 0.15 4.9128E-09
1.5849E+03 0.15 3.2803E-09
1.7783E+03 0.15 2.1919E-09
1.9953E+03 0.15 1.4539E-09
2.2387E+03 0.15 9.6547E-10
2.5119E+03 0.15 6.4827E-10
2.8184E+03 0.15 4.3038E-10
3.1623E+03 0.15 2.8614E-10
3.5481E+03 0.15 1.9074E-10
3.9811E+03 0.15 1.2621E-10
4.4668E+03 0.15 8.2857E-11
5.0119E+03 0.15 5.5077E-11
5.6234E+03 0.15 3.6078E-11
6.3096E+03 0.15 2.3878E-11
7.0795E+03 0.15 1.5952E-11
7.9433E+03 0.15 1.0383E-11
8.9125E+03 0.15 6.6850E-12
1.0000E+04 0.15 4.4223E-12
1.0000E-01 0.05 2.3851E+04
1.1220E-01 0.05 1.9783E+04
1.2589E-01 0.05 1.6168E+04
1.4125E-01 0.05 1.3007E+04
1.5849E-01 0.05 1.0398E+04
1.7783E-01 0.05 8.2466E+03
1.9953E-01 0.05 6.4722E+03
2.2387E-01 0.05 5.0280E+03
2.5119E-01 0.05 3.8790E+03
2.8184E-01 0.05 2.9699E+03
3.1623E-01 0.05 2.2437E+03
3.5481E-01 0.05 1.6845E+03
3.9811E-01 0.05 1.2534E+03
4.4668E-01 0.05 9.2634E+02
5.0119E-01 0.05 6.8467E+02
5.6234E-01 0.05 5.0495E+02
6.3096E-01 0.05 3.7105E+02
7.0795E-01 0.05 2.7148E+02
7.9433E-01 0.05 1.9631E+02
8.9125E-01 0.05 1.4153E+02
1.0000E+00 0.05 1.0508E+02
1.1220E+00 0.05 7.6919E+01
1.2589E+00 0.05 5.6544E+01
1.4125E+00 0.05 4.1973E+01
1.5849E+00 0.05 3.0945E+01
1.7783E+00 0.05 2.2634E+01
1.9953E+00 0.05 1.6495E+01
2.2387E+00 0.05 1.2081E+01
2.5119E+00 0.05 8.9614E+00
2.8184E+00 0.05 6.5201E+00
3.1623E+00 0.05 4.7356E+00
3.5481E+00 0.05 3.4295E+00
3.9811E+00 0.05 2.4853E+00
4.4668E+00 0.05 1.8078E+00
5.0119E+00 0.05 1.2963E+00
5.6234E+00 0.05 9.3560E-01
6.3096E+00 0.05 6.7708E-01
7.0795E+00 0.05 4.8007E-01
7.9433E+00 0.05 3.3913E-01
8.9125E+00 0.05 2.4180E-01
1.0000E+01 0.05 1.7261E-01
1.1220E+01 0.05 1.2210E-01
1.2589E+01 0.05 8.5828E-02
1.4125E+01 0.05 6.0204E-02
1.5849E+01 0.05 4.1915E-02
1.7783E+01 0.05 2.9240E-02
1.9953E+01 0.05 2.1024E-02
2.2387E+01 0.05 1.4812E-02
2.5119E+01 0.05 1.0161E-02
2.8184E+01 0.05 6.9348E-03
3.1623E+01 0.05 5.0091E-03
3.5481E+01 0.05 3.4574E-03
3.9811E+01 0.05 2.3817E-03
4.4668E+01 0.05 1.6321E-03
5.0119E+01 0.05 1.1152E-03
5.6234E+01 0.05 7.6014E-04
6.3096E+01 0.05 5.1739E-04
7.0795E+01 0.05 3.5099E-04
7.9433E+01 0.05 2.3699E-04
8.9125E+01 0.05 1.6010E-04
1.0000E+02 0.05 1.0745E-04
1.1220E+02 0.05 7.1908E-05
1.2589E+02 0.05 4.8122E-05
1.4125E+02 0.05 3.2119E-05
1.5849E+02 0.05 2.1334E-05
1.7783E+02 0.05 1.4206E-05
1.9953E+02 0.05 9.4359E-06
2.2387E+02 0.05 6.2086E-06
2.5119E+02 0.05 4.0970E-06
2.8184E+02 0.05 2.7222E-06
3.1623E+02 0.05 1.7972E-06
3.5481E+02 0.05 1.1854E-06
3.9811E+02 0.05 7.8027E-07
4.4668E+02 0.05 5.1162E-07
5.0119E+02 0.05 3.3735E-07
5.6234E+02 0.05 2.2157E-07
6.3096E+02 0.05 1.4575E-07
7.0795E+02 0.05 9.5980E-08
7.9433E+02 0.05 6.3116E-08
8.9125E+02 0.05 4.1585E-08
1.0000E+03 0.05 2.7500E-08
1.1220E+03 0.05 1.8138E-08
1.2589E+03 0.05 1.1982E-08
1.4125E+03 0.05 7.9010E-09
1.5849E+03 0.05 5.2358E-09
1.7783E+03 0.05 3.4616E-09
1.9953E+03 0.05 2.2841E-09
2.2387E+03 0.05 1.5076E-09
2.5119E+03 0.05 9.9828E-10
2.8184E+03 0.05 6.6489E-10
3.1623E+03 0.05 4.4105E-10
3.5481E+03 0.05 2.9054E-10
3.9811E+03 0.05 1.9202E-10
4.4668E+03 0.05 1.2677E-10
5.0119E+03 0.05 8.3157E-11
5.6234E+03 0.05 5.4775E-11
6.3096E+03 0.05 3.6507E-11
7.0795E+03 0.05 2.4057E-11
7.9433E+03 0.05 1.5745E-11
8.9125E+03 0.05 1.0284E-11
1.0000E+04 0.05 6.7039E-12
1.0000E-01 -0.05 2.3974E+04
1.1220E-01 -0.05 1.9896E+04
1.2589E-01 -0.05 1.6245E+04
1.4125E-01 -0.05 1.3130E+04
1.5849E-01 -0.05 1.0500E+04
1.7783E-01 -0.05 8.3164E+03
1.9953E-01 -0.05 6.5421E+03
2.2387E-01 -0.05 5.0792E+03
2.5119E-01 -0.05 3.9120E+03
2.8184E-01 -0.05 2.9770E+03
3.1623E-01 -0.05 2.2479E+03
3.5481E-01 -0.05 1.6980E+03
3.9811E-01 -0.05 1.2683E+03
4.4668E-01 -0.05 9.3810E+02
5.0119E-01 -0.05 6.9217E+02
5.6234E-01 -0.05 5.0955E+02
6.3096E-01 -0.05 3.7249E+02
7.0795E-01 -0.05 2.7121E+02
7.9433E-01 -0.05 1.9954E+02
8.9125E-01 -0.05 1.4493E+02
1.0000E+00 -0.05 1.0617E+02
1.1220E+00 -0.05 7.8064E+01
1.2589E+00 -0.05 5.7187E+01
1.4125E+00 -0.05 4.1850E+01
1.5849E+00 -0.05 3.0771E+01
1.7783E+00 -0.05 2.3144E+01
1.9953E+00 -0.05 1.6812E+01
2.2387E+00 -0.05 1.2090E+01
2.5119E+00 -0.05 8.9295E+00
2.8184E+00 -0.05 6.5679E+00
3.1623E+00 -0.05 4.7572E+00
3.5481E+00 -0.05 3.4633E+00
3.9811E+00 -0.05 2.5077E+00
4.4668E+00 -0.05 1.8189E+00
5.0119E+00 -0.05 1.3063E+00
5.6234E+00 -0.05 9.3403E-01
6.3096E+00 -0.05 6.7371E-01
7.0795E+00 -0.05 4.8202E-01
7.9433E+00 -0.05 3.4365E-01
8.9125E+00 -0.05 2.4927E-01
1.0000E+01 -0.05 1.7480E-01
1.1220E+01 -0.05 1.2477E-01
1.2589E+01 -0.05 8.8196E-02
1.4125E+01 -0.05 6.1624E-02
1.5849E+01 -0.05 4.3036E-02
1.7783E+01 -0.05 3.0488E-02
1.9953E+01 -0.05 2.1708E-02
2.2387E+01 -0.05 1.5051E-02
2.5119E+01 -0.05 1.0546E-02
2.8184E+01 -0.05 7.2934E-03
3.1623E+01 -0.05 5.1899E-03
3.5481E+01 -0.05 3.5917E-03
3.9811E+01 -0.05 2.4757E-03
4.4668E+01 -0.05 1.7056E-03
5.0119E+01 -0.05 1.1717E-03
5.6234E+01 -0.05 8.0160E-04
6.3096E+01 -0.05 5.4819E-04
7.0795E+01 -0.05 3.7341E-04
7.9433E+01 -0.05 2.5269E-04
8.9125E+01 -0.05 1.7044E-04
1.0000E+02 -0.05 1.1520E-04
1.1220E+02 -0.05 7.7482E-05
1.2589E+02 -0.05 5.1971E-05
1.4125E+02 -0.05 3.4805E-05
1.5849E+02 -0.05 2.3204E-05
1.7783E+02 -0.05 1.5408E-05
1.9953E+02 -0.05 1.0229E-05
2.2387E+02 -0.05 6.7943E-06
2.5119E+02 -0.05 4.4783E-06
2.8184E+02 -0.05 2.9448E-06
3.1623E+02 -0.05 1.9531E-06
3.5481E+02 -0.05 1.2848E-06
3.9811E+02 -0.05 8.4553E-07
4.4668E+02 -0.05 5.5459E-07
5.0119E+02 -0.05 3.6482E-07
5.6234E+02 -0.05 2.3976E-07
6.3096E+02 -0.05 1.5708E-07
7.0795E+02 -0.05 1.0305E-07
7.9433E+02 -0.05 6.7840E-08
8.9125E+02 -0.05 4.4426E-08
1.0000E+03 -0.05 2.9067E-08
1.1220E+03 -0.05 1.9085E-08
1.2589E+03 -0.05 1.2598E-08
1.4125E+03 -0.05 8.3151E-09
1.5849E+03 -0.05 5.4836E-09
1.7783E+03 -0.05 3.5991E-09
1.9953E+03 -0.05 2.3892E-09
2.2387E+03 -0.05 1.5780E-09
2.5119E+03 -0.05 1.0383E-09
2.8184E+03 -0.05 6.8662E-10
3.1623E+03 -0.05 4.4967E-10
3.5481E+03 -0.05 2.9687E-10
3.9811E+03 -0.05 1.9733E-10
4.4668E+03 -0.05 1.2983E-10
5.0119E+03 -0.05 8.5079E-11
5.6234E+03 -0.05 5.5829E-11
6.3096E+03 -0.05 3.6609E-11
7.0795E+03 -0.05 2.4019E-11
7.9433E+03 -0.05 1.5704E-11
8.9125E+03 -0.05 1.0386E-11
1.0000E+04 -0.05 6.8698E-12
1.0000E-01 -0.15 1.4042E+04
1.1220E-01 -0.15 1.1860E+04
1.2589E-01 -0.15 9.8616E+03
1.4125E-01 -0.15 8.0917E+03
1.5849E-01 -0.15 6.5909E+03
1.7783E-01 -0.15 5.3146E+03
1.9953E-01 -0.15 4.2450E+03
2.2387E-01 -0.15 3.3794E+03
2.5119E-01 -0.15 2.6595E+03
2.8184E-01 -0.15 2.0677E+03
3.1623E-01 -0.15 1.5998E+03
3.5481E-01 -0.15 1.2245E+03
3.9811E-01 -0.15 9.2795E+02
4.4668E-01 -0.15 7.0270E+02
5.0119E-01 -0.15 5.2994E+02
5.6234E-01 -0.15 3.9834E+02
6.3096E-01 -0.15 2.9916E+02
7.0795E-01 -0.15 2.2325E+02
7.9433E-01 -0.15 1.6610E+02
8.9125E-01 -0.15 1.2383E+02
1.0000E+00 -0.15 9.1748E+01
1.1220E+00 -0.15 6.8233E+01
1.2589E+00 -0.15 5.0834E+01
1.4125E+00 -0.15 3.7685E+01
1.5849E+00 -0.15 2.7979E+01
1.7783E+00 -0.15 2.0607E+01
1.9953E+00 -0.15 1.5118E+01
2.2387E+00 -0.15 1.1147E+01
2.5119E+00 -0.15 8.1356E+00
2.8184E+00 -0.15 5.8807E+00
3.1623E+00 -0.15 4.2824E+00
3.5481E+00 -0.15 3.0814E+00
3.9811E+00 -0.15 2.2131E+00
4.4668E+00 -0.15 1.5824E+00
5.0119E+00 -0.15 1.1242E+00
5.6234E+00 -0.15 8.0050E-01
6.3096E+00 -0.15 5.7252E-01
7.0795E+00 -0.15 4.0270E-01
7.9433E+00 -0.15 2.8105E-01
8.9125E+00 -0.15 1.9584E-01
1.0000E+01 -0.15 1.3745E-01
1.1220E+01 -0.15 9.5236E-02
1.2589E+01 -0.15 6.6475E-02
1.4125E+01 -0.15 4.6454E-02
1.5849E+01 -0.15 3.2259E-02
1.7783E+01 -0.15 2.1953E-02
1.9953E+01 -0.15 1.4990E-02
2.2387E+01 -0.15 1.0275E-02
2.5119E+01 -0.15 6.9620E-03
2.8184E+01 -0.15 4.7608E-03
3.1623E+01 -0.15 3.2789E-03
3.5481E+01 -0.15 2.2216E-03
3.9811E+01 -0.15 1.5045E-03
4.4668E+01 -0.15 1.0180E-03
5.0119E+01 -0.15 6.8614E-04
5.6234E+01 -0.15 4.6027E-04
6.3096E+01 -0.15 3.0867E-04
7.0795E+01 -0.15 2.0673E-04
7.9433E+01 -0.15 1.3801E-04
8.9125E+01 -0.15 9.2312E-05
1.0000E+02 -0.15 6.1409E-05
1.1220E+02 -0.15 4.0849E-05
1.2589E+02 -0.15 2.7111E-05
1.4125E+02 -0.15 1.8012E-05
1.5849E+02 -0.15 1.1945E-05
1.7783E+02 -0.15 7.9021E-06
1.9953E+02 -0.15 5.2296E-06
2.2387E+02 -0.15 3.4640E-06
2.5119E+02 -0.15 2.3008E-06
2.8184E+02 -0.15 1.5259E-06
3.1623E+02 -0.15 1.0102E-06
3.5481E+02 -0.15 6.6960E-07
3.9811E+02 -0.15 4.4344E-07
4.4668E+02 -0.15 2.9459E-07
5.0119E+02 -0.15 1.9547E-07
5.6234E+02 -0.15 1.3006E-07
6.3096E+02 -0.15 8.6331E-08
7.0795E+02 -0.15 5.7564E-08
7.9433E+02 -0.15 3.8528E-08
8.9125E+02 -0.15 2.5513E-08
1.0000E+03 -0.15 1.6994E-08
1.1220E+03 -0.15 1.1346E-08
1.2589E+03 -0.15 7.5617E-09
1.4125E+03 -0.15 5.0144E-09
1.5849E+03 -0.15 3.3516E-09
1.7783E+03 -0.15 2.2438E-09
1.9953E+03 -0.15 1.4968E-09
2.2387E+03 -0.15 9.9703E-10
2.5119E+03 -0.15 6.5758E-10
2.8184E+03 -0.15 4.3653E-10
3.1623E+03 -0.15 2.8976E-10
3.5481E+03 -0.15 1.9320E-10
3.9811E+03 -0.15 1.2710E-10
4.4668E+03 -0.15 8.4420E-11
5.0119E+03 -0.15 5.5994E-11
5.6234E+03 -0.15 3.6525E-11
6.3096E+03 -0.15 2.4151E-11
7.0795E+03 -0.15 1.5959E-11
7.9433E+03 -0.15 1.0469E-11
8.9125E+03 -0.15 6.7488E-12
1.0000E+04 -0.15 4.4153E-12
1.0000E-01 -0.25 9.7256E+03
1.1220E-01 -0.25 8.3213E+03
1.2589E-01 -0.25 7.0031E+03
1.4125E-01 -0.25 5.8397E+03
1.5849E-01 -0.25 4.8299E+03
1.7783E-01 -0.25 3.9544E+03
1.9953E-01 -0.25 3.2197E+03
2.2387E-01 -0.25 2.5974E+03
2.5119E-01 -0.25 2.0794E+03
2.8184E-01 -0.25 1.6474E+03
3.1623E-01 -0.25 1.2946E+03
3.5481E-01 -0.25 1.0077E+03
3.9811E-01 -0.25 7.7789E+02
4.4668E-01 -0.25 5.9835E+02
5.0119E-01 -0.25 4.5875E+02
5.6234E-01 -0.25 3.5034E+02
6.3096E-01 -0.25 2.6521E+02
7.0795E-01 -0.25 1.9990E+02
7.9433E-01 -0.25 1.5038E+02
8.9125E-01 -0.25 1.1315E+02
1.0000E+00 -0.25 8.4388E+01
1.1220E+00 -0.25 6.2735E+01
1.2589E+00 -0.25 4.6833E+01
1.4125E+00 -0.25 3.4645E+01
1.5849E+00 -0.25 2.5550E+01
1.7783E+00 -0.25 1.8781E+01
1.9953E+00 -0.25 1.3671E+01
2.2387E+00 -0.25 9.9950E+00
2.5119E+00 -0.25 7.2602E+00
2.8184E+00 -0.25 5.2092E+00
3.1623E+00 -0.25 3.7602E+00
3.5481E+00 -0.25 2.6775E+00
3.9811E+00 -0.25 1.8946E+00
4.4668E+00 -0.25 1.3340E+00
5.0119E+00 -0.25 9.4059E-01
5.6234E+00 -0.25 6.6111E-01
6.3096E+00 -0.25 4.6272E-01
7.0795E+00 -0.25 3.2113E-01
7.9433E+00 -0.25 2.2138E-01
8.9125E+00 -0.25 1.5333E-01
1.0000E+01 -0.25 1.0561E-01
1.1220E+01 -0.25 7.2526E-02
1.2589E+01 -0.25 4.9621E-02
1.4125E+01 -0.25 3.3937E-02
1.5849E+01 -0.25 2.3112E-02
1.7783E+01 -0.25 1.5653E-02
1.9953E+01 -0.25 1.0651E-02
2.2387E+01 -0.25 7.1494E-03
2.5119E+01 -0.25 4.8264E-03
2.8184E+01 -0.25 3.3032E-03
3.1623E+01 -0.25 2.2136E-03
3.5481E+01 -0.25 1.4875E-03
3.9811E+01 -0.25 9.9725E-04
4.4668E+01 -0.25 6.6852E-04
5.0119E+01 -0.25 4.4638E-04
5.6234E+01 -0.25 2.9745E-04
6.3096E+01 -0.25 1.9858E-04
7.0795E+01 -0.25 1.3238E-04
7.9433E+01 -0.25 8.8353E-05
8.9125E+01 -0.25 5.8916E-05
1.0000E+02 -0.25 3.8910E-05
1.1220E+02 -0.25 2.5953E-05
1.2589E+02 -0.25 1.7263E-05
1.4125E+02 -0.25 1.1441E-05
1.5849E+02 -0.25 7.6150E-06
1.7783E+02 -0.25 5.0531E-06
1.9953E+02 -0.25 3.3600E-06
2.2387E+02 -0.25 2.2380E-06
2.5119E+02 -0.25 1.5019E-06
2.8184E+02 -0.25 9.9804E-07
3.1623E+02 -0.25 6.6595E-07
3.5481E+02 -0.25 4.4520E-07
3.9811E+02 -0.25 2.9822E-07
4.4668E+02 -0.25 1.9999E-07
5.0119E+02 -0.25 1.3359E-07
5.6234E+02 -0.25 8.8980E-08
6.3096E+02 -0.25 5.9462E-08
7.0795E+02 -0.25 3.9814E-08
7.9433E+02 -0.25 2.6731E-08
8.9125E+02 -0.25 1.8054E-08
1.0000E+03 -0.25 1.2054E-08
1.1220E+03 -0.25 7.9774E-09
1.2589E+03 -0.25 5.3175E-09
1.4125E+03 -0.25 3.5769E-09
1.5849E+03 -0.25 2.3822E-09
1.7783E+03 -0.25 1.5573E-09
1.9953E+03 -0.25 1.0393E-09
2.2387E+03 -0.25 6.8998E-10
2.5119E+03 -0.25 4.6127E-10
2.8184E+03 -0.25 3.0684E-10
3.1623E+03 -0.25 2.0481E-10
3.5481E+03 -0.25 1.3483E-10
3.9811E+03 -0.25 9.0129E-11
4.4668E+03 -0.25 5.9900E-11
5.0119E+03 -0.25 3.8798E-11
5.6234E+03 -0.25 2.5644E-11
6.3096E+03 -0.25 1.6859E-11
7.0795E+03 -0.25 1.1055E-11
7.9433E+03 -0.25 7.2066E-12
8.9125E+03 -0.25 4.7382E-12
1.0000E+04 -0.25 3.1358E-12
1.0000E-01 -0.35 7.1084E+03
1.1220E-01 -0.35 6.1389E+03
1.2589E-01 -0.35 5.2475E+03
1.4125E-01 -0.35 4.4429E+03
1.5849E-01 -0.35 3.7301E+03
1.7783E-01 -0.35 3.1070E+03
1.9953E-01 -0.35 2.5709E+03
2.2387E-01 -0.35 2.1061E+03
2.5119E-01 -0.35 1.7117E+03
2.8184E-01 -0.35 1.3761E+03
3.1623E-01 -0.35 1.0955E+03
3.5481E-01 -0.35 8.6890E+02
3.9811E-01 -0.35 6.8238E+02
4.4668E-01 -0.35 5.3254E+02
5.0119E-01 -0.35 4.1164E+02
5.6234E-01 -0.35 3.1591E+02
6.3096E-01 -0.35 2.4246E+02
7.0795E-01 -0.35 1.8415E+02
7.9433E-01 -0.35 1.3923E+02
8.9125E-01 -0.35 1.0403E+02
1.0000E+00 -0.35 7.8106E+01
1.1220E+00 -0.35 5.8153E+01
1.2589E+00 -0.35 4.3254E+01
1.4125E+00 -0.35 3.1959E+01
1.5849E+00 -0.35 2.3422E+01
1.7783E+00 -0.35 1.7023E+01
1.9953E+00 -0.35 1.2352E+01
2.2387E+00 -0.35 8.9463E+00
2.5119E+00 -0.35 6.4261E+00
2.8184E+00 -0.35 4.6085E+00
3.1623E+00 -0.35 3.2702E+00
3.5481E+00 -0.35 2.3046E+00
3.9811E+00 -0.35 1.6181E+00
4.4668E+00 -0.35 1.1330E+00
5.0119E+00 -0.35 7.9218E-01
5.6234E+00 -0.35 5.5080E-01
6.3096E+00 -0.35 3.8207E-01
7.0795E+00 -0.35 2.6270E-01
7.9433E+00 -0.35 1.7915E-01
8.9125E+00 -0.35 1.2338E-01
1.0000E+01 -0.35 8.3996E-02
1.1220E+01 -0.35 5.6937E-02
1.2589E+01 -0.35 3.8812E-02
1.4125E+01 -0.35 2.6439E-02
1.5849E+01 -0.35 1.7758E-02
1.7783E+01 -0.35 1.1922E-02
1.9953E+01 -0.35 8.0041E-03
2.2387E+01 -0.35 5.3844E-03
2.5119E+01 -0.35 3.6357E-03
2.8184E+01 -0.35 2.4153E-03
3.1623E+01 -0.35 1.6352E-03
3.5481E+01 -0.35 1.0921E-03
3.9811E+01 -0.35 7.2921E-04
4.4668E+01 -0.35 4.8707E-04
5.0119E+01 -0.35 3.2400E-04
5.6234E+01 -0.35 2.1656E-04
6.3096E+01 -0.35 1.4439E-04
7.0795E+01 -0.35 9.6380E-05
7.9433E+01 -0.35 6.4235E-05
8.9125E+01 -0.35 4.2715E-05
1.0000E+02 -0.35 2.8421E-05
1.1220E+02 -0.35 1.8945E-05
1.2589E+02 -0.35 1.2612E-05
1.4125E+02 -0.35 8.4308E-06
1.5849E+02 -0.35 5.6437E-06
1.7783E+02 -0.35 3.7793E-06
1.9953E+02 -0.35 2.5151E-06
2.2387E+02 -0.35 1.6790E-06
2.5119E+02 -0.35 1.1153E-06
2.8184E+02 -0.35 7.5151E-07
3.1623E+02 -0.35 5.0533E-07
3.5481E+02 -0.35 3.3935E-07
3.9811E+02 -0.35 2.2727E-07
4.4668E+02 -0.35 1.5256E-07
5.0119E+02 -0.35 1.0299E-07
5.6234E+02 -0.35 6.8829E-08
6.3096E+02 -0.35 4.6132E-08
7.0795E+02 -0.35 3.1214E-08
7.9433E+02 -0.35 2.1079E-08
8.9125E+02 -0.35 1.4030E-08
1.0000E+03 -0.35 9.3172E-09
1.1220E+03 -0.35 6.2082E-09
1.2589E+03 -0.35 4.1372E-09
1.4125E+03 -0.35 2.7696E-09
1.5849E+03 -0.35 1.8245E-09
1.7783E+03 -0.35 1.2249E-09
1.9953E+03 -0.35 8.1855E-10
2.2387E+03 -0.35 5.4058E-10
2.5119E+03 -0.35 3.5126E-10
2.8184E+03 -0.35 2.3282E-10
3.1623E+03 -0.35 1.5683E-10
3.5481E+03 -0.35 1.0403E-10
3.9811E+03 -0.35 6.7702E-11
4.4668E+03 -0.35 4.4413E-11
5.0119E+03 -0.35 2.9932E-11
5.6234E+03 -0.35 1.9565E-11
6.3096E+03 -0.35 1.2759E-11
7.0795E+03 -0.35 8.3454E-12
7.9433E+03 -0.35 5.4556E-12
8.9125E+03 -0.35 3.5124E-12
1.0000E+04 -0.35 2.2669E-12
1.0000E-01 -0.45 4.8370E+03
1.1220E-01 -0.45 4.2376E+03
1.2589E-01 -0.45 3.6867E+03
1.4125E-01 -0.45 3.1720E+03
1.5849E-01 -0.45 2.7051E+03
1.7783E-01 -0.45 2.2944E+03
1.9953E-01 -0.45 1.9282E+03
2.2387E-01 -0.45 1.6089E+03
2.5119E-01 -0.45 1.3309E+03
2.8184E-01 -0.45 1.0899E+03
3.1623E-01 -0.45 8.8374E+02
3.5481E-01 -0.45 7.1033E+02
3.9811E-01 -0.45 5.6784E+02
4.4668E-01 -0.45 4.4848E+02
5.0119E-01 -0.45 3.5080E+02
5.6234E-01 -0.45 2.7382E+02
6.3096E-01 -0.45 2.1236E+02
7.0795E-01 -0.45 1.6259E+02
7.9433E-01 -0.45 1.2375E+02
8.9125E-01 -0.45 9.3823E+01
1.0000E+00 -0.45 7.0404E+01
1.1220E+00 -0.45 5.2598E+01
1.2589E+00 -0.45 3.9050E+01
1.4125E+00 -0.45 2.8756E+01
1.5849E+00 -0.45 2.1005E+01
1.7783E+00 -0.45 1.5302E+01
1.9953E+00 -0.45 1.1117E+01
2.2387E+00 -0.45 8.0057E+00
2.5119E+00 -0.45 5.7382E+00
2.8184E+00 -0.45 4.0678E+00
3.1623E+00 -0.45 2.8592E+00
3.5481E+00 -0.45 2.0047E+00
3.9811E+00 -0.45 1.4008E+00
4.4668E+00 -0.45 9.7357E-01
5.0119E+00 -0.45 6.7247E-01
5.6234E+00 -0.45 4.6391E-01
6.3096E+00 -0.45 3.2028E-01
7.0795E+00 -0.45 2.1882E-01
7.9433E+00 -0.45 1.4894E-01
8.9125E+00 -0.45 1.0070E-01
1.0000E+01 -0.45 6.8546E-02
1.1220E+01 -0.45 4.6332E-02
1.2589E+01 -0.45 3.1294E-02
1.4125E+01 -0.45 2.1089E-02
1.5849E+01 -0.45 1.4145E-02
1.7783E+01 -0.45 9.4770E-03
1.9953E+01 -0.45 6.3209E-03
2.2387E+01 -0.45 4.1997E-03
2.5119E+01 -0.45 2.8505E-03
2.8184E+01 -0.45 1.9167E-03
3.1623E+01 -0.45 1.2786E-03
3.5481E+01 -0.45 8.5304E-04
3.9811E+01 -0.45 5.6734E-04
4.4668E+01 -0.45 3.7849E-04
5.0119E+01 -0.45 2.5328E-04
5.6234E+01 -0.45 1.6921E-04
6.3096E+01 -0.45 1.1281E-04
7.0795E+01 -0.45 7.4913E-05
7.9433E+01 -0.45 4.9806E-05
8.9125E+01 -0.45 3.3392E-05
1.0000E+02 -0.45 2.2335E-05
1.1220E+02 -0.45 1.4933E-05
1.2589E+02 -0.45 1.0010E-05
1.4125E+02 -0.45 6.6947E-06
1.5849E+02 -0.45 4.4996E-06
1.7783E+02 -0.45 3.0089E-06
1.9953E+02 -0.45 2.0133E-06
2.2387E+02 -0.45 1.3571E-06
2.5119E+02 -0.45 9.1560E-07
2.8184E+02 -0.45 6.1159E-07
3.1623E+02 -0.45 4.1119E-07
3.5481E+02 -0.45 2.7706E-07
3.9811E+02 -0.45 1.8526E-07
4.4668E+02 -0.45 1.2420E-07
5.0119E+02 -0.45 8.4033E-08
5.6234E+02 -0.45 5.6356E-08
6.3096E+02 -0.45 3.7625E-08
7.0795E+02 -0.45 2.5165E-08
7.9433E+02 -0.45 1.6882E-08
8.9125E+02 -0.45 1.1432E-08
1.0000E+03 -0.45 7.5989E-09
1.1220E+03 -0.45 5.0704E-09
1.2589E+03 -0.45 3.4184E-09
1.4125E+03 -0.45 2.2696E-09
1.5849E+03 -0.45 1.5100E-09
1.7783E+03 -0.45 9.9843E-10
1.9953E+03 -0.45 6.5860E-10
2.2387E+03 -0.45 4.3525E-10
2.5119E+03 -0.45 2.8655E-10
2.8184E+03 -0.45 1.9084E-10
3.1623E+03 -0.45 1.2734E-10
3.5481E+03 -0.45 8.4238E-11
3.9811E+03 -0.45 5.5340E-11
4.4668E+03 -0.45 3.6126E-11
5.0119E+03 -0.45 2.4004E-11
5.6234E+03 -0.45 1.5453E-11
6.3096E+03 -0.45 1.0162E-11
7.0795E+03 -0.45 6.5903E-12
7.9433E+03 -0.45 4.2649E-12
8.9125E+03 -0.45 2.7924E-12
1.0000E+04 -0.45 1.8350E-12
1.0000E-01 -0.55 2.7846E+03
1.1220E-01 -0.55 2.4868E+03
1.2589E-01 -0.55 2.1966E+03
1.4125E-01 -0.55 1.9227E+03
1.5849E-01 -0.55 1.6716E+03
1.7783E-01 -0.55 1.4427E+03
1.9953E-01 -0.55 1.2365E+03
2.2387E-01 -0.55 1.0503E+03
2.5119E-01 -0.55 8.8583E+02
2.8184E-01 -0.55 7.4095E+02
3.1623E-01 -0.55 6.1256E+02
3.5481E-01 -0.55 5.0161E+02
3.9811E-01 -0.55 4.0822E+02
4.4668E-01 -0.55 3.3126E+02
5.0119E-01 -0.55 2.6555E+02
5.6234E-01 -0.55 2.1045E+02
6.3096E-01 -0.55 1.6587E+02
7.0795E-01 -0.55 1.2954E+02
7.9433E-01 -0.55 1.0012E+02
8.9125E-01 -0.55 7.6771E+01
1.0000E+00 -0.55 5.8590E+01
1.1220E+00 -0.55 4.4247E+01
1.2589E+00 -0.55 3.3221E+01
1.4125E+00 -0.55 2.4721E+01
1.5849E+00 -0.55 1.8276E+01
1.7783E+00 -0.55 1.3358E+01
1.9953E+00 -0.55 9.6856E+00
2.2387E+00 -0.55 6.9815E+00
2.5119E+00 -0.55 4.9836E+00
2.8184E+00 -0.55 3.5255E+00
3.1623E+00 -0.55 2.4949E+00
3.5481E+00 -0.55 1.7505E+00
3.9811E+00 -0.55 1.2198E+00
4.4668E+00 -0.55 8.4656E-01
5.0119E+00 -0.55 5.8280E-01
5.6234E+00 -0.55 3.9862E-01
6.3096E+00 -0.55 2.7319E-01
7.0795E+00 -0.55 1.8582E-01
7.9433E+00 -0.55 1.2541E-01
8.9125E+00 -0.55 8.4865E-02
1.0000E+01 -0.55 5.7425E-02
1.1220E+01 -0.55 3.8687E-02
1.2589E+01 -0.55 2.6055E-02
1.4125E+01 -0.55 1.7471E-02
1.5849E+01 -0.55 1.1670E-02
1.7783E+01 -0.55 7.7771E-03
1.9953E+01 -0.55 5.2403E-03
2.2387E+01 -0.55 3.4974E-03
2.5119E+01 -0.55 2.3031E-03
2.8184E+01 -0.55 1.5215E-03
3.1623E+01 -0.55 1.0420E-03
3.5481E+01 -0.55 6.9613E-04
3.9811E+01 -0.55 4.6490E-04
4.4668E+01 -0.55 3.1119E-04
5.0119E+01 -0.55 2.0708E-04
5.6234E+01 -0.55 1.3810E-04
6.3096E+01 -0.55 9.2234E-05
7.0795E+01 -0.55 6.1705E-05
7.9433E+01 -0.55 4.1453E-05
8.9125E+01 -0.55 2.7684E-05
1.0000E+02 -0.55 1.8525E-05
1.1220E+02 -0.55 1.2413E-05
1.2589E+02 -0.55 8.3026E-06
1.4125E+02 -0.55 5.5514E-06
1.5849E+02 -0.55 3.7316E-06
1.7783E+02 -0.55 2.5186E-06
1.9953E+02 -0.55 1.6933E-06
2.2387E+02 -0.55 1.1364E-06
2.5119E+02 -0.55 7.6447E-07
2.8184E+02 -0.55 5.1451E-07
3.1623E+02 -0.55 3.4800E-07
3.5481E+02 -0.55 2.3509E-07
3.9811E+02 -0.55 1.5698E-07
4.4668E+02 -0.55 1.0554E-07
5.0119E+02 -0.55 7.1480E-08
5.6234E+02 -0.55 4.7911E-08
6.3096E+02 -0.55 3.2041E-08
7.0795E+02 -0.55 2.1478E-08
7.9433E+02 -0.55 1.4370E-08
8.9125E+02 -0.55 9.5638E-09
1.0000E+03 -0.55 6.4274E-09
1.1220E+03 -0.55 4.2702E-09
1.2589E+03 -0.55 2.8439E-09
1.4125E+03 -0.55 1.9009E-09
1.5849E+03 -0.55 1.2583E-09
1.7783E+03 -0.55 8.2282E-10
1.9953E+03 -0.55 5.4538E-10
2.2387E+03 -0.55 3.6675E-10
2.5119E+03 -0.55 2.4392E-10
2.8184E+03 -0.55 1.5885E-10
3.1623E+03 -0.55 1.0602E-10
3.5481E+03 -0.55 6.8923E-11
3.9811E+03 -0.55 4.5206E-11
4.4668E+03 -0.55 3.0398E-11
5.0119E+03 -0.55 2.0119E-11
5.6234E+03 -0.55 1.2934E-11
6.3096E+03 -0.55 8.3339E-12
7.0795E+03 -0.55 5.5733E-12
7.9433E+03 -0.55 3.4744E-12
8.9125E+03 -0.55 2.2443E-12
1.0000E+04 -0.55 1.4897E-12
1.0000E-01 -0.65 1.7960E+03
1.1220E-01 -0.65 1.6155E+03
1.2589E-01 -0.65 1.4407E+03
1.4125E-01 -0.65 1.2789E+03
1.5849E-01 -0.65 1.1224E+03
1.7783E-01 -0.65 9.7375E+02
1.9953E-01 -0.65 8.4265E+02
2.2387E-01 -0.65 7.2312E+02
2.5119E-01 -0.65 6.1432E+02
2.8184E-01 -0.65 5.1805E+02
3.1623E-01 -0.65 4.3273E+02
3.5481E-01 -0.65 3.5872E+02
3.9811E-01 -0.65 2.9479E+02
4.4668E-01 -0.65 2.4065E+02
5.0119E-01 -0.65 1.9538E+02
5.6234E-01 -0.65 1.5658E+02
6.3096E-01 -0.65 1.2432E+02
7.0795E-01 -0.65 9.8527E+01
7.9433E-01 -0.65 7.7354E+01
8.9125E-01 -0.65 6.0284E+01
1.0000E+00 -0.65 4.6417E+01
1.1220E+00 -0.65 3.5390E+01
1.2589E+00 -0.65 2.6804E+01
1.4125E+00 -0.65 2.0156E+01
1.5849E+00 -0.65 1.5062E+01
1.7783E+00 -0.65 1.1111E+01
1.9953E+00 -0.65 8.1424E+00
2.2387E+00 -0.65 5.9265E+00
2.5119E+00 -0.65 4.2605E+00
2.8184E+00 -0.65 3.0385E+00
3.1623E+00 -0.65 2.1504E+00
3.5481E+00 -0.65 1.5131E+00
3.9811E+00 -0.65 1.0563E+00
4.4668E+00 -0.65 7.3108E-01
5.0119E+00 -0.65 5.0463E-01
5.6234E+00 -0.65 3.4794E-01
6.3096E+00 -0.65 2.3691E-01
7.0795E+00 -0.65 1.5996E-01
7.9433E+00 -0.65 1.0816E-01
8.9125E+00 -0.65 7.2985E-02
1.0000E+01 -0.65 4.9060E-02
1.1220E+01 -0.65 3.2896E-02
1.2589E+01 -0.65 2.2104E-02
1.4125E+01 -0.65 1.4770E-02
1.5849E+01 -0.65 9.8906E-03
1.7783E+01 -0.65 6.6445E-03
1.9953E+01 -0.65 4.3950E-03
2.2387E+01 -0.65 2.9333E-03
2.5119E+01 -0.65 1.9790E-03
2.8184E+01 -0.65 1.3177E-03
3.1623E+01 -0.65 8.8145E-04
3.5481E+01 -0.65 5.8802E-04
3.9811E+01 -0.65 3.9152E-04
4.4668E+01 -0.65 2.6097E-04
5.0119E+01 -0.65 1.7505E-04
5.6234E+01 -0.65 1.1734E-04
6.3096E+01 -0.65 7.8150E-05
7.0795E+01 -0.65 5.2357E-05
7.9433E+01 -0.65 3.5181E-05
8.9125E+01 -0.65 2.3772E-05
1.0000E+02 -0.65 1.5909E-05
1.1220E+02 -0.65 1.0715E-05
1.2589E+02 -0.65 7.2092E-06
1.4125E+02 -0.65 4.7987E-06
1.5849E+02 -0.65 3.2227E-06
1.7783E+02 -0.65 2.1932E-06
1.9953E+02 -0.65 1.4774E-06
2.2387E+02 -0.65 9.9571E-07
2.5119E+02 -0.65 6.7124E-07
2.8184E+02 -0.65 4.5122E-07
3.1623E+02 -0.65 3.0370E-07
3.5481E+02 -0.65 2.0556E-07
3.9811E+02 -0.65 1.3753E-07
4.4668E+02 -0.65 9.2502E-08
5.0119E+02 -0.65 6.2273E-08
5.6234E+02 -0.65 4.1645E-08
6.3096E+02 -0.65 2.7894E-08
7.0795E+02 -0.65 1.8650E-08
7.9433E+02 -0.65 1.2633E-08
8.9125E+02 -0.65 8.4355E-09
1.0000E+03 -0.65 5.5291E-09
1.1220E+03 -0.65 3.7010E-09
1.2589E+03 -0.65 2.5033E-09
1.4125E+03 -0.65 1.6648E-09
1.5849E+03 -0.65 1.0879E-09
1.7783E+03 -0.65 7.2812E-10
1.9953E+03 -0.65 4.8274E-10
2.2387E+03 -0.65 3.1527E-10
2.5119E+03 -0.65 2.0888E-10
2.8184E+03 -0.65 1.3588E-10
3.1623E+03 -0.65 9.0381E-11
3.5481E+03 -0.65 5.9355E-11
3.9811E+03 -0.65 3.8610E-11
4.4668E+03 -0.65 2.4804E-11
5.0119E+03 -0.65 1.6267E-11
5.6234E+03 -0.65 1.0874E-11
6.3096E+03 -0.65 7.1382E-12
7.0795E+03 -0.65 4.6322E-12
7.9433E+03 -0.65 2.9299E-12
8.9125E+03 -0.65 1.9009E-12
1.0000E+04 -0.65 1.2794E-12
1.0000E-01 -0.75 1.5796E+03
1.1220E-01 -0.75 1.4239E+03
1.2589E-01 -0.75 1.2718E+03
1.4125E-01 -0.75 1.1302E+03
1.5849E-01 -0.75 9.9199E+02
1.7783E-01 -0.75 8.6467E+02
1.9953E-01 -0.75 7.4990E+02
2.2387E-01 -0.75 6.4193E+02
2.5119E-01 -0.75 5.4446E+02
2.8184E-01 -0.75 4.5953E+02
3.1623E-01 -0.75 3.8396E+02
3.5481E-01 -0.75 3.1760E+02
3.9811E-01 -0.75 2.6166E+02
4.4668E-01 -0.75 2.1350E+02
5.0119E-01 -0.75 1.7214E+02
5.6234E-01 -0.75 1.3823E+02
6.3096E-01 -0.75 1.1036E+02
7.0795E-01 -0.75 8.7037E+01
7.9433E-01 -0.75 6.8057E+01
8.9125E-01 -0.75 5.2894E+01
1.0000E+00 -0.75 4.0820E+01
1.1220E+00 -0.75 3.1281E+01
1.2589E+00 -0.75 2.3632E+01
1.4125E+00 -0.75 1.7734E+01
1.5849E+00 -0.75 1.3240E+01
1.7783E+00 -0.75 9.7704E+00
1.9953E+00 -0.75 7.1460E+00
2.2387E+00 -0.75 5.2152E+00
2.5119E+00 -0.75 3.7578E+00
2.8184E+00 -0.75 2.6790E+00
3.1623E+00 -0.75 1.8964E+00
3.5481E+00 -0.75 1.3333E+00
3.9811E+00 -0.75 9.3017E-01
4.4668E+00 -0.75 6.4496E-01
5.0119E+00 -0.75 4.4428E-01
5.6234E+00 -0.75 3.0463E-01
6.3096E+00 -0.75 2.0768E-01
7.0795E+00 -0.75 1.4130E-01
7.9433E+00 -0.75 9.5802E-02
8.9125E+00 -0.75 6.4394E-02
1.0000E+01 -0.75 4.2999E-02
1.1220E+01 -0.75 2.8808E-02
1.2589E+01 -0.75 1.9354E-02
1.4125E+01 -0.75 1.2972E-02
1.5849E+01 -0.75 8.5845E-03
1.7783E+01 -0.75 5.7187E-03
1.9953E+01 -0.75 3.8428E-03
2.2387E+01 -0.75 2.5677E-03
2.5119E+01 -0.75 1.7006E-03
2.8184E+01 -0.75 1.1368E-03
3.1623E+01 -0.75 7.6483E-04
3.5481E+01 -0.75 5.1011E-04
3.9811E+01 -0.75 3.4086E-04
4.4668E+01 -0.75 2.2850E-04
5.0119E+01 -0.75 1.5270E-04
5.6234E+01 -0.75 1.0201E-04
6.3096E+01 -0.75 6.8662E-05
7.0795E+01 -0.75 4.5979E-05
7.9433E+01 -0.75 3.1010E-05
8.9125E+01 -0.75 2.1000E-05
1.0000E+02 -0.75 1.4066E-05
1.1220E+02 -0.75 9.4876E-06
1.2589E+02 -0.75 6.4064E-06
1.4125E+02 -0.75 4.3112E-06
1.5849E+02 -0.75 2.9050E-06
1.7783E+02 -0.75 1.9561E-06
1.9953E+02 -0.75 1.3168E-06
2.2387E+02 -0.75 8.8944E-07
2.5119E+02 -0.75 6.0391E-07
2.8184E+02 -0.75 4.1311E-07
3.1623E+02 -0.75 2.7376E-07
3.5481E+02 -0.75 1.8422E-07
3.9811E+02 -0.75 1.2295E-07
4.4668E+02 -0.75 8.3288E-08
5.0119E+02 -0.75 5.6842E-08
5.6234E+02 -0.75 3.7440E-08
6.3096E+02 -0.75 2.5154E-08
7.0795E+02 -0.75 1.6715E-08
7.9433E+02 -0.75 1.1100E-08
8.9125E+02 -0.75 7.4667E-09
1.0000E+03 -0.75 4.9640E-09
1.1220E+03 -0.75 3.3243E-09
1.2589E+03 -0.75 2.2041E-09
1.4125E+03 -0.75 1.4579E-09
1.5849E+03 -0.75 9.6537E-10
1.7783E+03 -0.75 6.3246E-10
1.9953E+03 -0.75 4.1254E-10
2.2387E+03 -0.75 2.7378E-10
2.5119E+03 -0.75 1.8333E-10
2.8184E+03 -0.75 1.2043E-10
3.1623E+03 -0.75 7.9156E-11
3.5481E+03 -0.75 5.1226E-11
3.9811E+03 -0.75 3.3836E-11
4.4668E+03 -0.75 2.2070E-11
5.0119E+03 -0.75 1.3966E-11
5.6234E+03 -0.75 9.2787E-12
6.3096E+03 -0.75 6.1660E-12
7.0795E+03 -0.75 3.9449E-12
7.9433E+03 -0.75 2.5879E-12
8.9125E+03 -0.75 1.6932E-12
1.0000E+04 -0.75 1.0950E-12
1.0000E-01 -0.85 2.2303E+03
1.1220E-01 -0.85 2.0134E+03
1.2589E-01 -0.85 1.7983E+03
1.4125E-01 -0.85 1.5857E+03
1.5849E-01 -0.85 1.3849E+03
1.7783E-01 -0.85 1.2004E+03
1.9953E-01 -0.85 1.0317E+03
2.2387E-01 -0.85 8.8004E+02
2.5119E-01 -0.85 7.4036E+02
2.8184E-01 -0.85 6.1477E+02
3.1623E-01 -0.85 5.0760E+02
3.5481E-01 -0.85 4.1548E+02
3.9811E-01 -0.85 3.3582E+02
4.4668E-01 -0.85 2.6892E+02
5.0119E-01 -0.85 2.1353E+02
5.6234E-01 -0.85 1.6829E+02
6.3096E-01 -0.85 1.3167E+02
7.0795E-01 -0.85 1.0190E+02
7.9433E-01 -0.85 7.8194E+01
8.9125E-01 -0.85 5.9499E+01
1.0000E+00 -0.85 4.4831E+01
1.1220E+00 -0.85 3.3607E+01
1.2589E+00 -0.85 2.5055E+01
1.4125E+00 -0.85 1.8487E+01
1.5849E+00 -0.85 1.3505E+01
1.7783E+00 -0.85 9.8275E+00
1.9953E+00 -0.85 7.0885E+00
2.2387E+00 -0.85 5.0688E+00
2.5119E+00 -0.85 3.6168E+00
2.8184E+00 -0.85 2.5593E+00
3.1623E+00 -0.85 1.7789E+00
3.5481E+00 -0.85 1.2361E+00
3.9811E+00 -0.85 8.5562E-01
4.4668E+00 -0.85 5.9055E-01
5.0119E+00 -0.85 4.0284E-01
5.6234E+00 -0.85 2.7348E-01
6.3096E+00 -0.85 1.8697E-01
7.0795E+00 -0.85 1.2593E-01
7.9433E+00 -0.85 8.3678E-02
8.9125E+00 -0.85 5.6610E-02
1.0000E+01 -0.85 3.8040E-02
1.1220E+01 -0.85 2.5420E-02
1.2589E+01 -0.85 1.6964E-02
1.4125E+01 -0.85 1.1327E-02
1.5849E+01 -0.85 7.6038E-03
1.7783E+01 -0.85 5.0629E-03
1.9953E+01 -0.85 3.3605E-03
2.2387E+01 -0.85 2.2536E-03
2.5119E+01 -0.85 1.5067E-03
2.8184E+01 -0.85 1.0121E-03
3.1623E+01 -0.85 6.7228E-04
3.5481E+01 -0.85 4.5053E-04
3.9811E+01 -0.85 3.0287E-04
4.4668E+01 -0.85 2.0376E-04
5.0119E+01 -0.85 1.3675E-04
5.6234E+01 -0.85 9.1707E-05
6.3096E+01 -0.85 6.1603E-05
7.0795E+01 -0.85 4.1583E-05
7.9433E+01 -0.85 2.8171E-05
8.9125E+01 -0.85 1.8835E-05
1.0000E+02 -0.85 1.2693E-05
1.1220E+02 -0.85 8.5911E-06
1.2589E+02 -0.85 5.8175E-06
1.4125E+02 -0.85 3.9113E-06
1.5849E+02 -0.85 2.6300E-06
1.7783E+02 -0.85 1.7659E-06
1.9953E+02 -0.85 1.1932E-06
2.2387E+02 -0.85 8.0604E-07
2.5119E+02 -0.85 5.4403E-07
2.8184E+02 -0.85 3.6723E-07
3.1623E+02 -0.85 2.4992E-07
3.5481E+02 -0.85 1.6809E-07
3.9811E+02 -0.85 1.1253E-07
4.4668E+02 -0.85 7.5627E-08
5.0119E+02 -0.85 5.1384E-08
5.6234E+02 -0.85 3.4196E-08
6.3096E+02 -0.85 2.2817E-08
7.0795E+02 -0.85 1.5219E-08
7.9433E+02 -0.85 1.0151E-08
8.9125E+02 -0.85 6.8231E-09
1.0000E+03 -0.85 4.5230E-09
1.1220E+03 -0.85 2.9965E-09
1.2589E+03 -0.85 1.9923E-09
1.4125E+03 -0.85 1.2999E-09
1.5849E+03 -0.85 8.5192E-10
1.7783E+03 -0.85 5.6493E-10
1.9953E+03 -0.85 3.8017E-10
2.2387E+03 -0.85 2.4925E-10
2.5119E+03 -0.85 1.6428E-10
2.8184E+03 -0.85 1.0958E-10
3.1623E+03 -0.85 7.1695E-11
3.5481E+03 -0.85 4.7121E-11
3.9811E+03 -0.85 3.1072E-11
4.4668E+03 -0.85 2.0066E-11
5.0119E+03 -0.85 1.2692E-11
5.6234E+03 -0.85 8.1550E-12
6.3096E+03 -0.85 5.6257E-12
7.0795E+03 -0.85 3.6945E-12
7.9433E+03 -0.85 2.3639E-12
8.9125E+03 -0.85 1.5470E-12
1.0000E+04 -0.85 1.0271E-12
1.0000E-01 -0.95 4.7924E+03
1.1220E-01 -0.95 4.2649E+03
1.2589E-01 -0.95 3.7503E+03
1.4125E-01 -0.95 3.2639E+03
1.5849E-01 -0.95 2.8059E+03
1.7783E-01 -0.95 2.3802E+03
1.9953E-01 -0.95 1.9954E+03
2.2387E-01 -0.95 1.6547E+03
2.5119E-01 -0.95 1.3553E+03
2.8184E-01 -0.95 1.0946E+03
3.1623E-01 -0.95 8.7436E+02
3.5481E-01 -0.95 6.9039E+02
3.9811E-01 -0.95 5.3793E+02
4.4668E-01 -0.95 4.1492E+02
5.0119E-01 -0.95 3.1701E+02
5.6234E-01 -0.95 2.3997E+02
6.3096E-01 -0.95 1.8030E+02
7.0795E-01 -0.95 1.3426E+02
7.9433E-01 -0.95 9.8930E+01
8.9125E-01 -0.95 7.2392E+01
1.0000E+00 -0.95 5.2770E+01
1.1220E+00 -0.95 3.8398E+01
1.2589E+00 -0.95 2.7711E+01
1.4125E+00 -0.95 1.9843E+01
1.5849E+00 -0.95 1.4188E+01
1.7783E+00 -0.95 1.0067E+01
1.9953E+00 -0.95 7.0874E+00
2.2387E+00 -0.95 4.9621E+00
2.5119E+00 -0.95 3.4699E+00
2.8184E+00 -0.95 2.4155E+00
3.1623E+00 -0.95 1.6647E+00
3.5481E+00 -0.95 1.1459E+00
3.9811E+00 -0.95 7.8355E-01
4.4668E+00 -0.95 5.3187E-01
5.0119E+00 -0.95 3.6223E-01
5.6234E+00 -0.95 2.4650E-01
6.3096E+00 -0.95 1.6562E-01
7.0795E+00 -0.95 1.1185E-01
7.9433E+00 -0.95 7.5415E-02
8.9125E+00 -0.95 5.0170E-02
1.0000E+01 -0.95 3.3583E-02
1.1220E+01 -0.95 2.2486E-02
1.2589E+01 -0.95 1.4951E-02
1.4125E+01 -0.95 1.0022E-02
1.5849E+01 -0.95 6.7156E-03
1.7783E+01 -0.95 4.4670E-03
1.9953E+01 -0.95 2.9995E-03
2.2387E+01 -0.95 1.9979E-03
2.5119E+01 -0.95 1.3425E-03
2.8184E+01 -0.95 8.9651E-04
3.1623E+01 -0.95 5.9970E-04
3.5481E+01 -0.95 4.0084E-04
3.9811E+01 -0.95 2.6986E-04
4.4668E+01 -0.95 1.8230E-04
5.0119E+01 -0.95 1.2269E-04
5.6234E+01 -0.95 8.2828E-05
6.3096E+01 -0.95 5.6021E-05
7.0795E+01 -0.95 3.7550E-05
7.9433E+01 -0.95 2.5441E-05
8.9125E+01 -0.95 1.7378E-05
1.0000E+02 -0.95 1.1628E-05
1.1220E+02 -0.95 7.8578E-06
1.2589E+02 -0.95 5.3462E-06
1.4125E+02 -0.95 3.6108E-06
1.5849E+02 -0.95 2.4432E-06
1.7783E+02 -0.95 1.6448E-06
1.9953E+02 -0.95 1.0971E-06
2.2387E+02 -0.95 7.4235E-07
2.5119E+02 -0.95 5.0176E-07
2.8184E+02 -0.95 3.3893E-07
3.1623E+02 -0.95 2.3251E-07
3.5481E+02 -0.95 1.5636E-07
3.9811E+02 -0.95 1.0463E-07
4.4668E+02 -0.95 6.9740E-08
5.0119E+02 -0.95 4.6504E-08
5.6234E+02 -0.95 3.1390E-08
6.3096E+02 -0.95 2.1300E-08
7.0795E+02 -0.95 1.4153E-08
7.9433E+02 -0.95 9.2720E-09
8.9125E+02 -0.95 6.1312E-09
1.0000E+03 -0.95 4.1546E-09
1.1220E+03 -0.95 2.7660E-09
1.2589E+03 -0.95 1.8254E-09
1.4125E+03 -0.95 1.2061E-09
1.5849E+03 -0.95 7.8446E-10
1.7783E+03 -0.95 5.2109E-10
1.9953E+03 -0.95 3.4627E-10
2.2387E+03 -0.95 2.3053E-10
2.5119E+03 -0.95 1.5317E-10
2.8184E+03 -0.95 9.7507E-11
3.1623E+03 -0.95 6.6347E-11
3.5481E+03 -0.95 4.4412E-11
3.9811E+03 -0.95 2.8416E-11
4.4668E+03 -0.95 1.8313E-11
5.0119E+03 -0.95 1.2003E-11
5.6234E+03 -0.95 7.9904E-12
6.3096E+03 -0.95 5.0945E-12
7.0795E+03 -0.95 3.3295E-12
7.9433E+03 -0.95 2.1488E-12
8.9125E+03 -0.95 1.4612E-12
1.0000E+04 -0.95 9.7455E-13
