1.0000E-01 0.95 2.0300E+03
1.1220E-01 0.95 1.8427E+03
1.2589E-01 0.95 1.6480E+03
1.4125E-01 0.95 1.4884E+03
1.5849E-01 0.95 1.3209E+03
1.7783E-01 0.95 1.1562E+03
1.9953E-01 0.95 1.0084E+03
2.2387E-01 0.95 8.6426E+02
2.5119E-01 0.95 7.3448E+02
2.8184E-01 0.95 6.2147E+02
3.1623E-01 0.95 5.2038E+02
3.5481E-01 0.95 4.3051E+02
3.9811E-01 0.95 3.5216E+02
4.4668E-01 0.95 2.8513E+02
5.0119E-01 0.95 2.2898E+02
5.6234E-01 0.95 1.8196E+02
6.3096E-01 0.95 1.4312E+02
7.0795E-01 0.95 1.1136E+02
7.9433E-01 0.95 8.6382E+01
8.9125E-01 0.95 6.6885E+01
1.0000E+00 0.95 5.1218E+01
1.1220E+00 0.95 3.8317E+01
1.2589E+00 0.95 2.8520E+01
1.4125E+00 0.95 2.1296E+01
1.5849E+00 0.95 1.5623E+01
1.7783E+00 0.95 1.1540E+01
1.9953E+00 0.95 8.4404E+00
2.2387E+00 0.95 6.0144E+00
2.5119E+00 0.95 4.2257E+00
2.8184E+00 0.95 2.9838E+00
3.1623E+00 0.95 2.1010E+00
3.5481E+00 0.95 1.4545E+00
3.9811E+00 0.95 1.0040E+00
4.4668E+00 0.95 6.8687E-01
5.0119E+00 0.95 4.6523E-01
5.6234E+00 0.95 3.1407E-01
6.3096E+00 0.95 2.1206E-01
7.0795E+00 0.95 1.4491E-01
7.9433E+00 0.95 9.9601E-02
8.9125E+00 0.95 6.6313E-02
1.0000E+01 0.95 4.3196E-02
1.1220E+01 0.95 2.9132E-02
1.2589E+01 0.95 1.9354E-02
1.4125E+01 0.95 1.2753E-02
1.5849E+01 0.95 8.5430E-03
1.7783E+01 0.95 5.4976E-03
1.9953E+01 0.95 3.6843E-03
2.2387E+01 0.95 2.6430E-03
2.5119E+01 0.95 1.7334E-03
2.8184E+01 0.95 1.1554E-03
3.1623E+01 0.95 7.4786E-04
3.5481E+01 0.95 5.0141E-04
3.9811E+01 0.95 3.3238E-04
4.4668E+01 0.95 2.2123E-04
5.0119E+01 0.95 1.4948E-04
5.6234E+01 0.95 1.0061E-04
6.3096E+01 0.95 6.8902E-05
7.0795E+01 0.95 4.6426E-05
7.9433E+01 0.95 3.0832E-05
8.9125E+01 0.95 2.0675E-05
1.0000E+02 0.95 1.3878E-05
1.1220E+02 0.95 9.6207E-06
1.2589E+02 0.95 6.6376E-06
1.4125E+02 0.95 4.4073E-06
1.5849E+02 0.95 2.9912E-06
1.7783E+02 0.95 2.0793E-06
1.9953E+02 0.95 1.3913E-06
2.2387E+02 0.95 9.1325E-07
2.5119E+02 0.95 6.3167E-07
2.8184E+02 0.95 4.2015E-07
3.1623E+02 0.95 2.8987E-07
3.5481E+02 0.95 1.9747E-07
3.9811E+02 0.95 1.3297E-07
4.4668E+02 0.95 8.8832E-08
5.0119E+02 0.95 5.8445E-08
5.6234E+02 0.95 4.0509E-08
6.3096E+02 0.95 2.7502E-08
7.0795E+02 0.95 1.8855E-08
7.9433E+02 0.95 1.2692E-08
8.9125E+02 0.95 8.0878E-09
1.0000E+03 0.95 5.4646E-09
1.1220E+03 0.95 3.5633E-09
1.2589E+03 0.95 2.3509E-09
1.4125E+03 0.95 1.5849E-09
1.5849E+03 0.95 1.0879E-09
1.7783E+03 0.95 6.8767E-10
1.9953E+03 0.95 4.3112E-10
2.2387E+03 0.95 2.9450E-10
2.5119E+03 0.95 2.0862E-10
2.8184E+03 0.95 1.4442E-10
3.1623E+03 0.95 9.2578E-11
3.5481E+03 0.95 5.9599E-11
3.9811E+03 0.95 3.7958E-11
4.4668E+03 0.95 2.4451E-11
5.0119E+03 0.95 1.7162E-11
5.6234E+03 0.95 1.0738E-11
6.3096E+03 0.95 7.1595E-12
7.0795E+03 0.95 4.7285E-12
7.9433E+03 0.95 2.8793E-12
8.9125E+03 0.95 1.8825E-12
1.0000E+04 0.95 1.2641E-12
1.0000E-01 0.85 2.0646E+03
1.1220E-01 0.85 1.8828E+03
1.2589E-01 0.85 1.7068E+03
1.4125E-01 0.85 1.5246E+03
1.5849E-01 0.85 1.3501E+03
1.7783E-01 0.85 1.1846E+03
1.9953E-01 0.85 1.0337E+03
2.2387E-01 0.85 8.8889E+02
2.5119E-01 0.85 7.5552E+02
2.8184E-01 0.85 6.3517E+02
3.1623E-01 0.85 5.2865E+02
3.5481E-01 0.85 4.4085E+02
3.9811E-01 0.85 3.6481E+02
4.4668E-01 0.85 2.9694E+02
5.0119E-01 0.85 2.3833E+02
5.6234E-01 0.85 1.8956E+02
6.3096E-01 0.85 1.5007E+02
7.0795E-01 0.85 1.1752E+02
7.9433E-01 0.85 9.1371E+01
8.9125E-01 0.85 7.0851E+01
1.0000E+00 0.85 5.4253E+01
1.1220E+00 0.85 4.1083E+01
1.2589E+00 0.85 3.0862E+01
1.4125E+00 0.85 2.2843E+01
1.5849E+00 0.85 1.6916E+01
1.7783E+00 0.85 1.2441E+01
1.9953E+00 0.85 9.0758E+00
2.2387E+00 0.85 6.5121E+00
2.5119E+00 0.85 4.6418E+00
2.8184E+00 0.85 3.2851E+00
3.1623E+00 0.85 2.3021E+00
3.5481E+00 0.85 1.6076E+00
3.9811E+00 0.85 1.1112E+00
4.4668E+00 0.85 7.7105E-01
5.0119E+00 0.85 5.2743E-01
5.6234E+00 0.85 3.5852E-01
6.3096E+00 0.85 2.4124E-01
7.0795E+00 0.85 1.6125E-01
7.9433E+00 0.85 1.0994E-01
8.9125E+00 0.85 7.4213E-02
1.0000E+01 0.85 4.8988E-02
1.1220E+01 0.85 3.2729E-02
1.2589E+01 0.85 2.1969E-02
1.4125E+01 0.85 1.4486E-02
1.5849E+01 0.85 9.4852E-03
1.7783E+01 0.85 6.2939E-03
1.9953E+01 0.85 4.2264E-03
2.2387E+01 0.85 2.8947E-03
2.5119E+01 0.85 1.8410E-03
2.8184E+01 0.85 1.1830E-03
3.1623E+01 0.85 8.3120E-04
3.5481E+01 0.85 5.5818E-04
3.9811E+01 0.85 3.7233E-04
4.4668E+01 0.85 2.4719E-04
5.0119E+01 0.85 1.6639E-04
5.6234E+01 0.85 1.1332E-04
6.3096E+01 0.85 7.6093E-05
7.0795E+01 0.85 5.1168E-05
7.9433E+01 0.85 3.4490E-05
8.9125E+01 0.85 2.3455E-05
1.0000E+02 0.85 1.5464E-05
1.1220E+02 0.85 1.0318E-05
1.2589E+02 0.85 6.9789E-06
1.4125E+02 0.85 4.8019E-06
1.5849E+02 0.85 3.2889E-06
1.7783E+02 0.85 2.1998E-06
1.9953E+02 0.85 1.4852E-06
2.2387E+02 0.85 9.8689E-07
2.5119E+02 0.85 6.9351E-07
2.8184E+02 0.85 4.7659E-07
3.1623E+02 0.85 3.1142E-07
3.5481E+02 0.85 2.0894E-07
3.9811E+02 0.85 1.4392E-07
4.4668E+02 0.85 9.8885E-08
5.0119E+02 0.85 6.3545E-08
5.6234E+02 0.85 4.2898E-08
6.3096E+02 0.85 2.9250E-08
7.0795E+02 0.85 1.9606E-08
7.9433E+02 0.85 1.3066E-08
8.9125E+02 0.85 8.8847E-09
1.0000E+03 0.85 5.8254E-09
1.1220E+03 0.85 3.9671E-09
1.2589E+03 0.85 2.7267E-09
1.4125E+03 0.85 1.8206E-09
1.5849E+03 0.85 1.1644E-09
1.7783E+03 0.85 7.8877E-10
1.9953E+03 0.85 5.0927E-10
2.2387E+03 0.85 3.2748E-10
2.5119E+03 0.85 2.1803E-10
2.8184E+03 0.85 1.4388E-10
3.1623E+03 0.85 9.5032E-11
3.5481E+03 0.85 6.1086E-11
3.9811E+03 0.85 3.9511E-11
4.4668E+03 0.85 2.6633E-11
5.0119E+03 0.85 1.8227E-11
5.6234E+03 0.85 1.1587E-11
6.3096E+03 0.85 7.5704E-12
7.0795E+03 0.85 4.6845E-12
7.9433E+03 0.85 2.9623E-12
8.9125E+03 0.85 1.9585E-12
1.0000E+04 0.85 1.4105E-12
1.0000E-01 0.75 2.1375E+03
1.1220E-01 0.75 1.9473E+03
1.2589E-01 0.75 1.7548E+03
1.4125E-01 0.75 1.5582E+03
1.5849E-01 0.75 1.3726E+03
1.7783E-01 0.75 1.2090E+03
1.9953E-01 0.75 1.0511E+03
2.2387E-01 0.75 9.0335E+02
2.5119E-01 0.75 7.7708E+02
2.8184E-01 0.75 6.6553E+02
3.1623E-01 0.75 5.5255E+02
3.5481E-01 0.75 4.5609E+02
3.9811E-01 0.75 3.7846E+02
4.4668E-01 0.75 3.0793E+02
5.0119E-01 0.75 2.4911E+02
5.6234E-01 0.75 1.9837E+02
6.3096E-01 0.75 1.5696E+02
7.0795E-01 0.75 1.2444E+02
7.9433E-01 0.75 9.8652E+01
8.9125E-01 0.75 7.6589E+01
1.0000E+00 0.75 5.7959E+01
1.1220E+00 0.75 4.4048E+01
1.2589E+00 0.75 3.3203E+01
1.4125E+00 0.75 2.4738E+01
1.5849E+00 0.75 1.8383E+01
1.7783E+00 0.75 1.3450E+01
1.9953E+00 0.75 9.8609E+00
2.2387E+00 0.75 7.1375E+00
2.5119E+00 0.75 5.0289E+00
2.8184E+00 0.75 3.5454E+00
3.1623E+00 0.75 2.5550E+00
3.5481E+00 0.75 1.7935E+00
3.9811E+00 0.75 1.2411E+00
4.4668E+00 0.75 8.4885E-01
5.0119E+00 0.75 5.8920E-01
5.6234E+00 0.75 3.9858E-01
6.3096E+00 0.75 2.6929E-01
7.0795E+00 0.75 1.8414E-01
7.9433E+00 0.75 1.2379E-01
8.9125E+00 0.75 8.2818E-02
1.0000E+01 0.75 5.5956E-02
1.1220E+01 0.75 3.7253E-02
1.2589E+01 0.75 2.4962E-02
1.4125E+01 0.75 1.6814E-02
1.5849E+01 0.75 1.1043E-02
1.7783E+01 0.75 7.3558E-03
1.9953E+01 0.75 4.8606E-03
2.2387E+01 0.75 3.1938E-03
2.5119E+01 0.75 2.1638E-03
2.8184E+01 0.75 1.4837E-03
3.1623E+01 0.75 9.4556E-04
3.5481E+01 0.75 6.3415E-04
3.9811E+01 0.75 4.2001E-04
4.4668E+01 0.75 2.7977E-04
5.0119E+01 0.75 1.8742E-04
5.6234E+01 0.75 1.2605E-04
6.3096E+01 0.75 8.5701E-05
7.0795E+01 0.75 5.7398E-05
7.9433E+01 0.75 3.8156E-05
8.9125E+01 0.75 2.5450E-05
1.0000E+02 0.75 1.7327E-05
1.1220E+02 0.75 1.1524E-05
1.2589E+02 0.75 7.6809E-06
1.4125E+02 0.75 5.1531E-06
1.5849E+02 0.75 3.4726E-06
1.7783E+02 0.75 2.3862E-06
1.9953E+02 0.75 1.6277E-06
2.2387E+02 0.75 1.1111E-06
2.5119E+02 0.75 7.5509E-07
2.8184E+02 0.75 5.0759E-07
3.1623E+02 0.75 3.4660E-07
3.5481E+02 0.75 2.3059E-07
3.9811E+02 0.75 1.5138E-07
4.4668E+02 0.75 1.0416E-07
5.0119E+02 0.75 7.1990E-08
5.6234E+02 0.75 4.9052E-08
6.3096E+02 0.75 3.2203E-08
7.0795E+02 0.75 2.1185E-08
7.9433E+02 0.75 1.4442E-08
8.9125E+02 0.75 9.5531E-09
1.0000E+03 0.75 6.4788E-09
1.1220E+03 0.75 4.5244E-09
1.2589E+03 0.75 2.9936E-09
1.4125E+03 0.75 1.8884E-09
1.5849E+03 0.75 1.2318E-09
1.7783E+03 0.75 8.2469E-10
1.9953E+03 0.75 5.5461E-10
2.2387E+03 0.75 3.7534E-10
2.5119E+03 0.75 2.5258E-10
2.8184E+03 0.75 1.6656E-10
3.1623E+03 0.75 1.0702E-10
3.5481E+03 0.75 7.2483E-11
3.9811E+03 0.75 4.7072E-11
4.4668E+03 0.75 3.0756E-11
5.0119E+03 0.75 2.1408E-11
5.6234E+03 0.75 1.3837E-11
6.3096E+03 0.75 8.4803E-12
7.0795E+03 0.75 6.1269E-12
7.9433E+03 0.75 4.3944E-12
8.9125E+03 0.75 2.7662E-12
1.0000E+04 0.75 1.5965E-12
1.0000E-01 0.65 2.2265E+03
1.1220E-01 0.65 1.9990E+03
1.2589E-01 0.65 1.7869E+03
1.4125E-01 0.65 1.5919E+03
1.5849E-01 0.65 1.4162E+03
1.7783E-01 0.65 1.2402E+03
1.9953E-01 0.65 1.0764E+03
2.2387E-01 0.65 9.3732E+02
2.5119E-01 0.65 8.0551E+02
2.8184E-01 0.65 6.7936E+02
3.1623E-01 0.65 5.6952E+02
3.5481E-01 0.65 4.7027E+02
3.9811E-01 0.65 3.8656E+02
4.4668E-01 0.65 3.1967E+02
5.0119E-01 0.65 2.6085E+02
5.6234E-01 0.65 2.0928E+02
6.3096E-01 0.65 1.6596E+02
7.0795E-01 0.65 1.3085E+02
7.9433E-01 0.65 1.0418E+02
8.9125E-01 0.65 8.1988E+01
1.0000E+00 0.65 6.2016E+01
1.1220E+00 0.65 4.7288E+01
1.2589E+00 0.65 3.6034E+01
1.4125E+00 0.65 2.7191E+01
1.5849E+00 0.65 2.0096E+01
1.7783E+00 0.65 1.4873E+01
1.9953E+00 0.65 1.0781E+01
2.2387E+00 0.65 7.7604E+00
2.5119E+00 0.65 5.6647E+00
2.8184E+00 0.65 4.0781E+00
3.1623E+00 0.65 2.8521E+00
3.5481E+00 0.65 2.0008E+00
3.9811E+00 0.65 1.3926E+00
4.4668E+00 0.65 9.6650E-01
5.0119E+00 0.65 6.6134E-01
5.6234E+00 0.65 4.5025E-01
6.3096E+00 0.65 3.1360E-01
7.0795E+00 0.65 2.1298E-01
7.9433E+00 0.65 1.4247E-01
8.9125E+00 0.65 9.7030E-02
1.0000E+01 0.65 6.4616E-02
1.1220E+01 0.65 4.3218E-02
1.2589E+01 0.65 2.9054E-02
1.4125E+01 0.65 1.9312E-02
1.5849E+01 0.65 1.2701E-02
1.7783E+01 0.65 8.5629E-03
1.9953E+01 0.65 5.7087E-03
2.2387E+01 0.65 3.7667E-03
2.5119E+01 0.65 2.5786E-03
2.8184E+01 0.65 1.7329E-03
3.1623E+01 0.65 1.1109E-03
3.5481E+01 0.65 7.4610E-04
3.9811E+01 0.65 4.9750E-04
4.4668E+01 0.65 3.2904E-04
5.0119E+01 0.65 2.1787E-04
5.6234E+01 0.65 1.4363E-04
6.3096E+01 0.65 9.6642E-05
7.0795E+01 0.65 6.4223E-05
7.9433E+01 0.65 4.3607E-05
8.9125E+01 0.65 2.9425E-05
1.0000E+02 0.65 1.9500E-05
1.1220E+02 0.65 1.3262E-05
1.2589E+02 0.65 8.8793E-06
1.4125E+02 0.65 5.8971E-06
1.5849E+02 0.65 3.9711E-06
1.7783E+02 0.65 2.7012E-06
1.9953E+02 0.65 1.8336E-06
2.2387E+02 0.65 1.1884E-06
2.5119E+02 0.65 8.1342E-07
2.8184E+02 0.65 5.7074E-07
3.1623E+02 0.65 3.8405E-07
3.5481E+02 0.65 2.6179E-07
3.9811E+02 0.65 1.7508E-07
4.4668E+02 0.65 1.1838E-07
5.0119E+02 0.65 7.8241E-08
5.6234E+02 0.65 5.1709E-08
6.3096E+02 0.65 3.5736E-08
7.0795E+02 0.65 2.4614E-08
7.9433E+02 0.65 1.5953E-08
8.9125E+02 0.65 1.0555E-08
1.0000E+03 0.65 7.3639E-09
1.1220E+03 0.65 4.9441E-09
1.2589E+03 0.65 3.3330E-09
1.4125E+03 0.65 2.1709E-09
1.5849E+03 0.65 1.4131E-09
1.7783E+03 0.65 9.3862E-10
1.9953E+03 0.65 6.2046E-10
2.2387E+03 0.65 4.0621E-10
2.5119E+03 0.65 2.9118E-10
2.8184E+03 0.65 1.9712E-10
3.1623E+03 0.65 1.2253E-10
3.5481E+03 0.65 8.4037E-11
3.9811E+03 0.65 5.6535E-11
4.4668E+03 0.65 3.6358E-11
5.0119E+03 0.65 2.3570E-11
5.6234E+03 0.65 1.4891E-11
6.3096E+03 0.65 9.7372E-12
7.0795E+03 0.65 6.4826E-12
7.9433E+03 0.65 4.2034E-12
8.9125E+03 0.65 2.7899E-12
1.0000E+04 0.65 1.7959E-12
1.0000E-01 0.55 2.3253E+03
1.1220E-01 0.55 2.0974E+03
1.2589E-01 0.55 1.8748E+03
1.4125E-01 0.55 1.6571E+03
1.5849E-01 0.55 1.4690E+03
1.7783E-01 0.55 1.2916E+03
1.9953E-01 0.55 1.1150E+03
2.2387E-01 0.55 9.5709E+02
2.5119E-01 0.55 8.1853E+02
2.8184E-01 0.55 6.9360E+02
3.1623E-01 0.55 5.8330E+02
3.5481E-01 0.55 4.8742E+02
3.9811E-01 0.55 4.0393E+02
4.4668E-01 0.55 3.3210E+02
5.0119E-01 0.55 2.6905E+02
5.6234E-01 0.55 2.1760E+02
6.3096E-01 0.55 1.7756E+02
7.0795E-01 0.55 1.4146E+02
7.9433E-01 0.55 1.0965E+02
8.9125E-01 0.55 8.4868E+01
1.0000E+00 0.55 6.6463E+01
1.1220E+00 0.55 5.0895E+01
1.2589E+00 0.55 3.8998E+01
1.4125E+00 0.55 2.9401E+01
1.5849E+00 0.55 2.1735E+01
1.7783E+00 0.55 1.6141E+01
1.9953E+00 0.55 1.1965E+01
2.2387E+00 0.55 8.8388E+00
2.5119E+00 0.55 6.4765E+00
2.8184E+00 0.55 4.6422E+00
3.1623E+00 0.55 3.2006E+00
3.5481E+00 0.55 2.2512E+00
3.9811E+00 0.55 1.5849E+00
4.4668E+00 0.55 1.1023E+00
5.0119E+00 0.55 7.6613E-01
5.6234E+00 0.55 5.2897E-01
6.3096E+00 0.55 3.6196E-01
7.0795E+00 0.55 2.4577E-01
7.9433E+00 0.55 1.6660E-01
8.9125E+00 0.55 1.1133E-01
1.0000E+01 0.55 7.5632E-02
1.1220E+01 0.55 5.0677E-02
1.2589E+01 0.55 3.3759E-02
1.4125E+01 0.55 2.2850E-02
1.5849E+01 0.55 1.5344E-02
1.7783E+01 0.55 1.0080E-02
1.9953E+01 0.55 6.4876E-03
2.2387E+01 0.55 4.2985E-03
2.5119E+01 0.55 2.8600E-03
2.8184E+01 0.55 1.9422E-03
3.1623E+01 0.55 1.3216E-03
3.5481E+01 0.55 8.7934E-04
3.9811E+01 0.55 5.8539E-04
4.4668E+01 0.55 3.8790E-04
5.0119E+01 0.55 2.5799E-04
5.6234E+01 0.55 1.7195E-04
6.3096E+01 0.55 1.1437E-04
7.0795E+01 0.55 7.7303E-05
7.9433E+01 0.55 5.1109E-05
8.9125E+01 0.55 3.3633E-05
1.0000E+02 0.55 2.2937E-05
1.1220E+02 0.55 1.5335E-05
1.2589E+02 0.55 1.0170E-05
1.4125E+02 0.55 6.8166E-06
1.5849E+02 0.55 4.5786E-06
1.7783E+02 0.55 3.1015E-06
1.9953E+02 0.55 2.0768E-06
2.2387E+02 0.55 1.3852E-06
2.5119E+02 0.55 9.2832E-07
2.8184E+02 0.55 6.1092E-07
3.1623E+02 0.55 4.2877E-07
3.5481E+02 0.55 2.9119E-07
3.9811E+02 0.55 1.9791E-07
4.4668E+02 0.55 1.3495E-07
5.0119E+02 0.55 9.1381E-08
5.6234E+02 0.55 6.0839E-08
6.3096E+02 0.55 4.1042E-08
7.0795E+02 0.55 2.7855E-08
7.9433E+02 0.55 1.8495E-08
8.9125E+02 0.55 1.2396E-08
1.0000E+03 0.55 8.2257E-09
1.1220E+03 0.55 5.7214E-09
1.2589E+03 0.55 3.7842E-09
1.4125E+03 0.55 2.5681E-09
1.5849E+03 0.55 1.6661E-09
1.7783E+03 0.55 1.1208E-09
1.9953E+03 0.55 7.5510E-10
2.2387E+03 0.55 4.9560E-10
2.5119E+03 0.55 3.2487E-10
2.8184E+03 0.55 2.1406E-10
3.1623E+03 0.55 1.3933E-10
3.5481E+03 0.55 9.4949E-11
3.9811E+03 0.55 6.3098E-11
4.4668E+03 0.55 4.1794E-11
5.0119E+03 0.55 3.1198E-11
5.6234E+03 0.55 1.9388E-11
6.3096E+03 0.55 1.2308E-11
7.0795E+03 0.55 7.8454E-12
7.9433E+03 0.55 5.0933E-12
8.9125E+03 0.55 3.4956E-12
1.0000E+04 0.55 2.1799E-12
1.0000E-01 0.45 2.4631E+03
1.1220E-01 0.45 2.2224E+03
1.2589E-01 0.45 1.9811E+03
1.4125E-01 0.45 1.7381E+03
1.5849E-01 0.45 1.5284E+03
1.7783E-01 0.45 1.3318E+03
1.9953E-01 0.45 1.1580E+03
2.2387E-01 0.45 9.9358E+02
2.5119E-01 0.45 8.4710E+02
2.8184E-01 0.45 7.2126E+02
3.1623E-01 0.45 6.0597E+02
3.5481E-01 0.45 5.0813E+02
3.9811E-01 0.45 4.2376E+02
4.4668E-01 0.45 3.4675E+02
5.0119E-01 0.45 2.7871E+02
5.6234E-01 0.45 2.2900E+02
6.3096E-01 0.45 1.8545E+02
7.0795E-01 0.45 1.4428E+02
7.9433E-01 0.45 1.1381E+02
8.9125E-01 0.45 8.9802E+01
1.0000E+00 0.45 7.0209E+01
1.1220E+00 0.45 5.4882E+01
1.2589E+00 0.45 4.1641E+01
1.4125E+00 0.45 3.1374E+01
1.5849E+00 0.45 2.3957E+01
1.7783E+00 0.45 1.7756E+01
1.9953E+00 0.45 1.3105E+01
2.2387E+00 0.45 9.7304E+00
2.5119E+00 0.45 6.9954E+00
2.8184E+00 0.45 5.0232E+00
3.1623E+00 0.45 3.6153E+00
3.5481E+00 0.45 2.5721E+00
3.9811E+00 0.45 1.8122E+00
4.4668E+00 0.45 1.2763E+00
5.0119E+00 0.45 8.8892E-01
5.6234E+00 0.45 6.1618E-01
6.3096E+00 0.45 4.2306E-01
7.0795E+00 0.45 2.8579E-01
7.9433E+00 0.45 1.9405E-01
8.9125E+00 0.45 1.3161E-01
1.0000E+01 0.45 9.0371E-02
1.1220E+01 0.45 6.0921E-02
1.2589E+01 0.45 4.1076E-02
1.4125E+01 0.45 2.7373E-02
1.5849E+01 0.45 1.8656E-02
1.7783E+01 0.45 1.2665E-02
1.9953E+01 0.45 7.9909E-03
2.2387E+01 0.45 5.5154E-03
2.5119E+01 0.45 3.7863E-03
2.8184E+01 0.45 2.4234E-03
3.1623E+01 0.45 1.6316E-03
3.5481E+01 0.45 1.0847E-03
3.9811E+01 0.45 7.1797E-04
4.4668E+01 0.45 4.7538E-04
5.0119E+01 0.45 3.1789E-04
5.6234E+01 0.45 2.1061E-04
6.3096E+01 0.45 1.3742E-04
7.0795E+01 0.45 9.2426E-05
7.9433E+01 0.45 6.2521E-05
8.9125E+01 0.45 4.1398E-05
1.0000E+02 0.45 2.7600E-05
1.1220E+02 0.45 1.8551E-05
1.2589E+02 0.45 1.2391E-05
1.4125E+02 0.45 8.2704E-06
1.5849E+02 0.45 5.5432E-06
1.7783E+02 0.45 3.7559E-06
1.9953E+02 0.45 2.5249E-06
2.2387E+02 0.45 1.6646E-06
2.5119E+02 0.45 1.1340E-06
2.8184E+02 0.45 7.5603E-07
3.1623E+02 0.45 5.0080E-07
3.5481E+02 0.45 3.3568E-07
3.9811E+02 0.45 2.2741E-07
4.4668E+02 0.45 1.5464E-07
5.0119E+02 0.45 1.0259E-07
5.6234E+02 0.45 7.0440E-08
6.3096E+02 0.45 4.8113E-08
7.0795E+02 0.45 3.2757E-08
7.9433E+02 0.45 2.1723E-08
8.9125E+02 0.45 1.4620E-08
1.0000E+03 0.45 9.9103E-09
1.1220E+03 0.45 6.5617E-09
1.2589E+03 0.45 4.3235E-09
1.4125E+03 0.45 2.9764E-09
1.5849E+03 0.45 1.9637E-09
1.7783E+03 0.45 1.2802E-09
1.9953E+03 0.45 8.7918E-10
2.2387E+03 0.45 6.0549E-10
2.5119E+03 0.45 4.1040E-10
2.8184E+03 0.45 2.5401E-10
3.1623E+03 0.45 1.6819E-10
3.5481E+03 0.45 1.1454E-10
3.9811E+03 0.45 7.4888E-11
4.4668E+03 0.45 4.8198E-11
5.0119E+03 0.45 3.0817E-11
5.6234E+03 0.45 2.0418E-11
6.3096E+03 0.45 1.4413E-11
7.0795E+03 0.45 9.8085E-12
7.9433E+03 0.45 5.9750E-12
8.9125E+03 0.45 3.7259E-12
1.0000E+04 0.45 2.4564E-12
1.0000E-01 0.35 2.7764E+03
1.1220E-01 0.35 2.4828E+03
1.2589E-01 0.35 2.1834E+03
1.4125E-01 0.35 1.8918E+03
1.5849E-01 0.35 1.6558E+03
1.7783E-01 0.35 1.4341E+03
1.9953E-01 0.35 1.2349E+03
2.2387E-01 0.35 1.0617E+03
2.5119E-01 0.35 8.9231E+02
2.8184E-01 0.35 7.4372E+02
3.1623E-01 0.35 6.2754E+02
3.5481E-01 0.35 5.2694E+02
3.9811E-01 0.35 4.3030E+02
4.4668E-01 0.35 3.5434E+02
5.0119E-01 0.35 2.9350E+02
5.6234E-01 0.35 2.3543E+02
6.3096E-01 0.35 1.8858E+02
7.0795E-01 0.35 1.5123E+02
7.9433E-01 0.35 1.2086E+02
8.9125E-01 0.35 9.4847E+01
1.0000E+00 0.35 7.4130E+01
1.1220E+00 0.35 5.7217E+01
1.2589E+00 0.35 4.4064E+01
1.4125E+00 0.35 3.4277E+01
1.5849E+00 0.35 2.6039E+01
1.7783E+00 0.35 1.9485E+01
1.9953E+00 0.35 1.4566E+01
2.2387E+00 0.35 1.0745E+01
2.5119E+00 0.35 7.8480E+00
2.8184E+00 0.35 5.5790E+00
3.1623E+00 0.35 4.1176E+00
3.5481E+00 0.35 2.9607E+00
3.9811E+00 0.35 2.1021E+00
4.4668E+00 0.35 1.4788E+00
5.0119E+00 0.35 1.0366E+00
5.6234E+00 0.35 7.2389E-01
6.3096E+00 0.35 5.0215E-01
7.0795E+00 0.35 3.4744E-01
7.9433E+00 0.35 2.3921E-01
8.9125E+00 0.35 1.6640E-01
1.0000E+01 0.35 1.1172E-01
1.1220E+01 0.35 7.5362E-02
1.2589E+01 0.35 5.0374E-02
1.4125E+01 0.35 3.3783E-02
1.5849E+01 0.35 2.3208E-02
1.7783E+01 0.35 1.5872E-02
1.9953E+01 0.35 1.0482E-02
2.2387E+01 0.35 6.8557E-03
2.5119E+01 0.35 4.5952E-03
2.8184E+01 0.35 3.2271E-03
3.1623E+01 0.35 2.1047E-03
3.5481E+01 0.35 1.4096E-03
3.9811E+01 0.35 9.4448E-04
4.4668E+01 0.35 6.2608E-04
5.0119E+01 0.35 4.1463E-04
5.6234E+01 0.35 2.7478E-04
6.3096E+01 0.35 1.8270E-04
7.0795E+01 0.35 1.2100E-04
7.9433E+01 0.35 8.1190E-05
8.9125E+01 0.35 5.4770E-05
1.0000E+02 0.35 3.5318E-05
1.1220E+02 0.35 2.3409E-05
1.2589E+02 0.35 1.5556E-05
1.4125E+02 0.35 1.0483E-05
1.5849E+02 0.35 7.0147E-06
1.7783E+02 0.35 4.6376E-06
1.9953E+02 0.35 3.0890E-06
2.2387E+02 0.35 2.0538E-06
2.5119E+02 0.35 1.3610E-06
2.8184E+02 0.35 9.1277E-07
3.1623E+02 0.35 6.1910E-07
3.5481E+02 0.35 4.2210E-07
3.9811E+02 0.35 2.7676E-07
4.4668E+02 0.35 1.8562E-07
5.0119E+02 0.35 1.2896E-07
5.6234E+02 0.35 8.5184E-08
6.3096E+02 0.35 5.6877E-08
7.0795E+02 0.35 3.8645E-08
7.9433E+02 0.35 2.6754E-08
8.9125E+02 0.35 1.7949E-08
1.0000E+03 0.35 1.1670E-08
1.1220E+03 0.35 7.7758E-09
1.2589E+03 0.35 5.2662E-09
1.4125E+03 0.35 3.6136E-09
1.5849E+03 0.35 2.3644E-09
1.7783E+03 0.35 1.5922E-09
1.9953E+03 0.35 1.1201E-09
2.2387E+03 0.35 7.1645E-10
2.5119E+03 0.35 4.5422E-10
2.8184E+03 0.35 3.0671E-10
3.1623E+03 0.35 2.1284E-10
3.5481E+03 0.35 1.4181E-10
3.9811E+03 0.35 9.2485E-11
4.4668E+03 0.35 6.0037E-11
5.0119E+03 0.35 4.0162E-11
5.6234E+03 0.35 2.6221E-11
6.3096E+03 0.35 1.6847E-11
7.0795E+03 0.35 1.1076E-11
7.9433E+03 0.35 7.5895E-12
8.9125E+03 0.35 4.7234E-12
1.0000E+04 0.35 3.3422E-12
1.0000E-01 0.25 3.2716E+03
1.1220E-01 0.25 2.8686E+03
1.2589E-01 0.25 2.5069E+03
1.4125E-01 0.25 2.1908E+03
1.5849E-01 0.25 1.8759E+03
1.7783E-01 0.25 1.5945E+03
1.9953E-01 0.25 1.3678E+03
2.2387E-01 0.25 1.1643E+03
2.5119E-01 0.25 9.8126E+02
2.8184E-01 0.25 8.1764E+02
3.1623E-01 0.25 6.7582E+02
3.5481E-01 0.25 5.6083E+02
3.9811E-01 0.25 4.6187E+02
4.4668E-01 0.25 3.7595E+02
5.0119E-01 0.25 3.0898E+02
5.6234E-01 0.25 2.5206E+02
6.3096E-01 0.25 1.9923E+02
7.0795E-01 0.25 1.5848E+02
7.9433E-01 0.25 1.2649E+02
8.9125E-01 0.25 9.9588E+01
1.0000E+00 0.25 7.8445E+01
1.1220E+00 0.25 6.1095E+01
1.2589E+00 0.25 4.7907E+01
1.4125E+00 0.25 3.6886E+01
1.5849E+00 0.25 2.8070E+01
1.7783E+00 0.25 2.1416E+01
1.9953E+00 0.25 1.6135E+01
2.2387E+00 0.25 1.1854E+01
2.5119E+00 0.25 8.6648E+00
2.8184E+00 0.25 6.4379E+00
3.1623E+00 0.25 4.7240E+00
3.5481E+00 0.25 3.3971E+00
3.9811E+00 0.25 2.4343E+00
4.4668E+00 0.25 1.7485E+00
5.0119E+00 0.25 1.2432E+00
5.6234E+00 0.25 8.8023E-01
6.3096E+00 0.25 6.3334E-01
7.0795E+00 0.25 4.4095E-01
7.9433E+00 0.25 2.9964E-01
8.9125E+00 0.25 2.0647E-01
1.0000E+01 0.25 1.4137E-01
1.1220E+01 0.25 9.6549E-02
1.2589E+01 0.25 6.5570E-02
1.4125E+01 0.25 4.3647E-02
1.5849E+01 0.25 3.0017E-02
1.7783E+01 0.25 2.0625E-02
1.9953E+01 0.25 1.4005E-02
2.2387E+01 0.25 9.6374E-03
2.5119E+01 0.25 6.4671E-03
2.8184E+01 0.25 4.2868E-03
3.1623E+01 0.25 2.8859E-03
3.5481E+01 0.25 1.9355E-03
3.9811E+01 0.25 1.2966E-03
4.4668E+01 0.25 8.6062E-04
5.0119E+01 0.25 5.7149E-04
5.6234E+01 0.25 3.8169E-04
6.3096E+01 0.25 2.5610E-04
7.0795E+01 0.25 1.6909E-04
7.9433E+01 0.25 1.1041E-04
8.9125E+01 0.25 7.3051E-05
1.0000E+02 0.25 4.9581E-05
1.1220E+02 0.25 3.3109E-05
1.2589E+02 0.25 2.1855E-05
1.4125E+02 0.25 1.4529E-05
1.5849E+02 0.25 9.5851E-06
1.7783E+02 0.25 6.3153E-06
1.9953E+02 0.25 4.1902E-06
2.2387E+02 0.25 2.7666E-06
2.5119E+02 0.25 1.8601E-06
2.8184E+02 0.25 1.2653E-06
3.1623E+02 0.25 8.2703E-07
3.5481E+02 0.25 5.4657E-07
3.9811E+02 0.25 3.5981E-07
4.4668E+02 0.25 2.4015E-07
5.0119E+02 0.25 1.6562E-07
5.6234E+02 0.25 1.1041E-07
6.3096E+02 0.25 7.2673E-08
7.0795E+02 0.25 4.9360E-08
7.9433E+02 0.25 3.3490E-08
8.9125E+02 0.25 2.2489E-08
1.0000E+03 0.25 1.5112E-08
1.1220E+03 0.25 1.0087E-08
1.2589E+03 0.25 6.8127E-09
1.4125E+03 0.25 4.5618E-09
1.5849E+03 0.25 3.1339E-09
1.7783E+03 0.25 2.1478E-09
1.9953E+03 0.25 1.4011E-09
2.2387E+03 0.25 9.4253E-10
2.5119E+03 0.25 6.3324E-10
2.8184E+03 0.25 4.3060E-10
3.1623E+03 0.25 2.7920E-10
3.5481E+03 0.25 1.8542E-10
3.9811E+03 0.25 1.2509E-10
4.4668E+03 0.25 8.4199E-11
5.0119E+03 0.25 5.2606E-11
5.6234E+03 0.25 3.3973E-11
6.3096E+03 0.25 2.3265E-11
7.0795E+03 0.25 1.4779E-11
7.9433E+03 0.25 9.2713E-12
8.9125E+03 0.25 6.6409E-12
1.0000E+04 0.25 4.6973E-12
1.0000E-01 0.15 4.3315E+03
1.1220E-01 0.15 3.7516E+03
1.2589E-01 0.15 3.2257E+03
1.4125E-01 0.15 2.7581E+03
1.5849E-01 0.15 2.3305E+03
1.7783E-01 0.15 1.9925E+03
1.9953E-01 0.15 1.6813E+03
2.2387E-01 0.15 1.3883E+03
2.5119E-01 0.15 1.1524E+03
2.8184E-01 0.15 9.5593E+02
3.1623E-01 0.15 7.8298E+02
3.5481E-01 0.15 6.3712E+02
3.9811E-01 0.15 5.2204E+02
4.4668E-01 0.15 4.1805E+02
5.0119E-01 0.15 3.3365E+02
5.6234E-01 0.15 2.6775E+02
6.3096E-01 0.15 2.1508E+02
7.0795E-01 0.15 1.6834E+02
7.9433E-01 0.15 1.3226E+02
8.9125E-01 0.15 1.0716E+02
1.0000E+00 0.15 8.3759E+01
1.1220E+00 0.15 6.4802E+01
1.2589E+00 0.15 4.9515E+01
1.4125E+00 0.15 3.7958E+01
1.5849E+00 0.15 2.9676E+01
1.7783E+00 0.15 2.2712E+01
1.9953E+00 0.15 1.7220E+01
2.2387E+00 0.15 1.3181E+01
2.5119E+00 0.15 9.8581E+00
2.8184E+00 0.15 7.2737E+00
3.1623E+00 0.15 5.3212E+00
3.5481E+00 0.15 3.8943E+00
3.9811E+00 0.15 2.8206E+00
4.4668E+00 0.15 2.0493E+00
5.0119E+00 0.15 1.4962E+00
5.6234E+00 0.15 1.0635E+00
6.3096E+00 0.15 7.4128E-01
7.0795E+00 0.15 5.2366E-01
7.9433E+00 0.15 3.7641E-01
8.9125E+00 0.15 2.6694E-01
1.0000E+01 0.15 1.8393E-01
1.1220E+01 0.15 1.2855E-01
1.2589E+01 0.15 9.0489E-02
1.4125E+01 0.15 6.1761E-02
1.5849E+01 0.15 4.2075E-02
1.7783E+01 0.15 2.8883E-02
1.9953E+01 0.15 2.0071E-02
2.2387E+01 0.15 1.3721E-02
2.5119E+01 0.15 9.0687E-03
2.8184E+01 0.15 5.8698E-03
3.1623E+01 0.15 4.2902E-03
3.5481E+01 0.15 2.8923E-03
3.9811E+01 0.15 1.9624E-03
4.4668E+01 0.15 1.3238E-03
5.0119E+01 0.15 8.8523E-04
5.6234E+01 0.15 5.9240E-04
6.3096E+01 0.15 3.9776E-04
7.0795E+01 0.15 2.6558E-04
7.9433E+01 0.15 1.7573E-04
8.9125E+01 0.15 1.1729E-04
1.0000E+02 0.15 7.8345E-05
1.1220E+02 0.15 5.1769E-05
1.2589E+02 0.15 3.4157E-05
1.4125E+02 0.15 2.2753E-05
1.5849E+02 0.15 1.5128E-05
1.7783E+02 0.15 9.8925E-06
1.9953E+02 0.15 6.5616E-06
2.2387E+02 0.15 4.3300E-06
2.5119E+02 0.15 2.8842E-06
2.8184E+02 0.15 1.9048E-06
3.1623E+02 0.15 1.2562E-06
3.5481E+02 0.15 8.2993E-07
3.9811E+02 0.15 5.5136E-07
4.4668E+02 0.15 3.6454E-07
5.0119E+02 0.15 2.4170E-07
5.6234E+02 0.15 1.6065E-07
6.3096E+02 0.15 1.0847E-07
7.0795E+02 0.15 7.1445E-08
7.9433E+02 0.15 4.6753E-08
8.9125E+02 0.15 3.0905E-08
1.0000E+03 0.15 2.0991E-08
1.1220E+03 0.15 1.4230E-08
1.2589E+03 0.15 9.4886E-09
1.4125E+03 0.15 6.3510E-09
1.5849E+03 0.15 4.2147E-09
1.7783E+03 0.15 2.8626E-09
1.9953E+03 0.15 1.9528E-09
2.2387E+03 0.15 1.2570E-09
2.5119E+03 0.15 8.4185E-10
2.8184E+03 0.15 5.7356E-10
3.1623E+03 0.15 3.7980E-10
3.5481E+03 0.15 2.5146E-10
3.9811E+03 0.15 1.6461E-10
4.4668E+03 0.15 1.0876E-10
5.0119E+03 0.15 7.2471E-11
5.6234E+03 0.15 4.8036E-11
6.3096E+03 0.15 3.3835E-11
7.0795E+03 0.15 2.1746E-11
7.9433E+03 0.15 1.4353E-11
8.9125E+03 0.15 9.3459E-12
1.0000E+04 0.15 5.9324E-12
1.0000E-01 0.05 6.4656E+03
1.1220E-01 0.05 5.5294E+03
1.2589E-01 0.05 4.6791E+03
1.4125E-01 0.05 3.9774E+03
1.5849E-01 0.05 3.3288E+03
1.7783E-01 0.05 2.7643E+03
1.9953E-01 0.05 2.2344E+03
2.2387E-01 0.05 1.8405E+03
2.5119E-01 0.05 1.5076E+03
2.8184E-01 0.05 1.1998E+03
3.1623E-01 0.05 9.7172E+02
3.5481E-01 0.05 7.7116E+02
3.9811E-01 0.05 6.0514E+02
4.4668E-01 0.05 4.7919E+02
5.0119E-01 0.05 3.7864E+02
5.6234E-01 0.05 3.1182E+02
6.3096E-01 0.05 2.4203E+02
7.0795E-01 0.05 1.8538E+02
7.9433E-01 0.05 1.4709E+02
8.9125E-01 0.05 1.1524E+02
1.0000E+00 0.05 8.9340E+01
1.1220E+00 0.05 6.7272E+01
1.2589E+00 0.05 5.1450E+01
1.4125E+00 0.05 4.0377E+01
1.5849E+00 0.05 3.0907E+01
1.7783E+00 0.05 2.4280E+01
1.9953E+00 0.05 1.8547E+01
2.2387E+00 0.05 1.3677E+01
2.5119E+00 0.05 9.8817E+00
2.8184E+00 0.05 7.1955E+00
3.1623E+00 0.05 5.7366E+00
3.5481E+00 0.05 4.2613E+00
3.9811E+00 0.05 3.1280E+00
4.4668E+00 0.05 2.2236E+00
5.0119E+00 0.05 1.6066E+00
5.6234E+00 0.05 1.1533E+00
6.3096E+00 0.05 8.2869E-01
7.0795E+00 0.05 6.3070E-01
7.9433E+00 0.05 4.7504E-01
8.9125E+00 0.05 3.2938E-01
1.0000E+01 0.05 2.2492E-01
1.1220E+01 0.05 1.5919E-01
1.2589E+01 0.05 1.1367E-01
1.4125E+01 0.05 8.1627E-02
1.5849E+01 0.05 5.9127E-02
1.7783E+01 0.05 4.1540E-02
1.9953E+01 0.05 2.8393E-02
2.2387E+01 0.05 2.0043E-02
2.5119E+01 0.05 1.4260E-02
2.8184E+01 0.05 9.5969E-03
3.1623E+01 0.05 6.5891E-03
3.5481E+01 0.05 4.5383E-03
3.9811E+01 0.05 3.1078E-03
4.4668E+01 0.05 2.1262E-03
5.0119E+01 0.05 1.4567E-03
5.6234E+01 0.05 9.8724E-04
6.3096E+01 0.05 6.6938E-04
7.0795E+01 0.05 4.5675E-04
7.9433E+01 0.05 3.0852E-04
8.9125E+01 0.05 2.0510E-04
1.0000E+02 0.05 1.3888E-04
1.1220E+02 0.05 9.3032E-05
1.2589E+02 0.05 6.1972E-05
1.4125E+02 0.05 4.1280E-05
1.5849E+02 0.05 2.7347E-05
1.7783E+02 0.05 1.8090E-05
1.9953E+02 0.05 1.2000E-05
2.2387E+02 0.05 7.9207E-06
2.5119E+02 0.05 5.2070E-06
2.8184E+02 0.05 3.4513E-06
3.1623E+02 0.05 2.2809E-06
3.5481E+02 0.05 1.4992E-06
3.9811E+02 0.05 9.7560E-07
4.4668E+02 0.05 6.4281E-07
5.0119E+02 0.05 4.1866E-07
5.6234E+02 0.05 2.7861E-07
6.3096E+02 0.05 1.8517E-07
7.0795E+02 0.05 1.2094E-07
7.9433E+02 0.05 7.9104E-08
8.9125E+02 0.05 5.2107E-08
1.0000E+03 0.05 3.4548E-08
1.1220E+03 0.05 2.3037E-08
1.2589E+03 0.05 1.5083E-08
1.4125E+03 0.05 9.9526E-09
1.5849E+03 0.05 6.5553E-09
1.7783E+03 0.05 4.3446E-09
1.9953E+03 0.05 2.8371E-09
2.2387E+03 0.05 1.8947E-09
2.5119E+03 0.05 1.2797E-09
2.8184E+03 0.05 8.6328E-10
3.1623E+03 0.05 5.6459E-10
3.5481E+03 0.05 3.7913E-10
3.9811E+03 0.05 2.4566E-10
4.4668E+03 0.05 1.6439E-10
5.0119E+03 0.05 1.0798E-10
5.6234E+03 0.05 7.0293E-11
6.3096E+03 0.05 4.7204E-11
7.0795E+03 0.05 3.1637E-11
7.9433E+03 0.05 2.1795E-11
8.9125E+03 0.05 1.4392E-11
1.0000E+04 0.05 9.5205E-12
1.0000E-01 -0.05 5.3660E+03
1.1220E-01 -0.05 4.6816E+03
1.2589E-01 -0.05 3.8267E+03
1.4125E-01 -0.05 3.1946E+03
1.5849E-01 -0.05 2.6059E+03
1.7783E-01 -0.05 2.1048E+03
1.9953E-01 -0.05 1.7472E+03
2.2387E-01 -0.05 1.4812E+03
2.5119E-01 -0.05 1.2205E+03
2.8184E-01 -0.05 9.5609E+02
3.1623E-01 -0.05 7.5140E+02
3.5481E-01 -0.05 6.1143E+02
3.9811E-01 -0.05 4.6842E+02
4.4668E-01 -0.05 3.5721E+02
5.0119E-01 -0.05 2.8837E+02
5.6234E-01 -0.05 2.3541E+02
6.3096E-01 -0.05 1.8720E+02
7.0795E-01 -0.05 1.4169E+02
7.9433E-01 -0.05 1.0811E+02
8.9125E-01 -0.05 8.9127E+01
1.0000E+00 -0.05 7.1126E+01
1.1220E+00 -0.05 5.3641E+01
1.2589E+00 -0.05 4.2059E+01
1.4125E+00 -0.05 3.4003E+01
1.5849E+00 -0.05 2.6095E+01
1.7783E+00 -0.05 2.0471E+01
1.9953E+00 -0.05 1.5559E+01
2.2387E+00 -0.05 1.1953E+01
2.5119E+00 -0.05 9.0958E+00
2.8184E+00 -0.05 6.7723E+00
3.1623E+00 -0.05 5.1618E+00
3.5481E+00 -0.05 3.8649E+00
3.9811E+00 -0.05 2.9367E+00
4.4668E+00 -0.05 2.1471E+00
5.0119E+00 -0.05 1.5909E+00
5.6234E+00 -0.05 1.1865E+00
6.3096E+00 -0.05 8.3201E-01
7.0795E+00 -0.05 5.9946E-01
7.9433E+00 -0.05 4.4320E-01
8.9125E+00 -0.05 3.1925E-01
1.0000E+01 -0.05 2.2936E-01
1.1220E+01 -0.05 1.6423E-01
1.2589E+01 -0.05 1.1918E-01
1.4125E+01 -0.05 8.3579E-02
1.5849E+01 -0.05 5.8149E-02
1.7783E+01 -0.05 4.0635E-02
1.9953E+01 -0.05 2.8092E-02
2.2387E+01 -0.05 1.8833E-02
2.5119E+01 -0.05 1.3171E-02
2.8184E+01 -0.05 9.1954E-03
3.1623E+01 -0.05 6.6538E-03
3.5481E+01 -0.05 4.5853E-03
3.9811E+01 -0.05 3.1501E-03
4.4668E+01 -0.05 2.1608E-03
5.0119E+01 -0.05 1.4857E-03
5.6234E+01 -0.05 1.0092E-03
6.3096E+01 -0.05 6.8724E-04
7.0795E+01 -0.05 4.6854E-04
7.9433E+01 -0.05 3.1551E-04
8.9125E+01 -0.05 2.1364E-04
1.0000E+02 -0.05 1.4311E-04
1.1220E+02 -0.05 9.5916E-05
1.2589E+02 -0.05 6.4084E-05
1.4125E+02 -0.05 4.2630E-05
1.5849E+02 -0.05 2.8340E-05
1.7783E+02 -0.05 1.8803E-05
1.9953E+02 -0.05 1.2480E-05
2.2387E+02 -0.05 8.1910E-06
2.5119E+02 -0.05 5.4032E-06
2.8184E+02 -0.05 3.5888E-06
3.1623E+02 -0.05 2.3737E-06
3.5481E+02 -0.05 1.5549E-06
3.9811E+02 -0.05 1.0148E-06
4.4668E+02 -0.05 6.6548E-07
5.0119E+02 -0.05 4.4028E-07
5.6234E+02 -0.05 2.8668E-07
6.3096E+02 -0.05 1.9032E-07
7.0795E+02 -0.05 1.2712E-07
7.9433E+02 -0.05 8.2802E-08
8.9125E+02 -0.05 5.3456E-08
1.0000E+03 -0.05 3.5476E-08
1.1220E+03 -0.05 2.3264E-08
1.2589E+03 -0.05 1.5223E-08
1.4125E+03 -0.05 1.0294E-08
1.5849E+03 -0.05 6.9480E-09
1.7783E+03 -0.05 4.4744E-09
1.9953E+03 -0.05 2.9893E-09
2.2387E+03 -0.05 1.9849E-09
2.5119E+03 -0.05 1.2955E-09
2.8184E+03 -0.05 8.6897E-10
3.1623E+03 -0.05 5.6351E-10
3.5481E+03 -0.05 3.7670E-10
3.9811E+03 -0.05 2.4827E-10
4.4668E+03 -0.05 1.6322E-10
5.0119E+03 -0.05 1.0939E-10
5.6234E+03 -0.05 7.3794E-11
6.3096E+03 -0.05 4.6777E-11
7.0795E+03 -0.05 3.1400E-11
7.9433E+03 -0.05 2.0530E-11
8.9125E+03 -0.05 1.3979E-11
1.0000E+04 -0.05 9.6048E-12
1.0000E-01 -0.15 2.6216E+03
1.1220E-01 -0.15 2.2705E+03
1.2589E-01 -0.15 1.9288E+03
1.4125E-01 -0.15 1.6353E+03
1.5849E-01 -0.15 1.4037E+03
1.7783E-01 -0.15 1.1715E+03
1.9953E-01 -0.15 9.7261E+02
2.2387E-01 -0.15 8.0234E+02
2.5119E-01 -0.15 6.5034E+02
2.8184E-01 -0.15 5.3045E+02
3.1623E-01 -0.15 4.2522E+02
3.5481E-01 -0.15 3.4491E+02
3.9811E-01 -0.15 2.8233E+02
4.4668E-01 -0.15 2.2851E+02
5.0119E-01 -0.15 1.8518E+02
5.6234E-01 -0.15 1.4937E+02
6.3096E-01 -0.15 1.1932E+02
7.0795E-01 -0.15 9.4158E+01
7.9433E-01 -0.15 7.6856E+01
8.9125E-01 -0.15 6.2574E+01
1.0000E+00 -0.15 4.9113E+01
1.1220E+00 -0.15 3.9237E+01
1.2589E+00 -0.15 3.1268E+01
1.4125E+00 -0.15 2.4862E+01
1.5849E+00 -0.15 1.9851E+01
1.7783E+00 -0.15 1.5389E+01
1.9953E+00 -0.15 1.1976E+01
2.2387E+00 -0.15 9.4844E+00
2.5119E+00 -0.15 7.4759E+00
2.8184E+00 -0.15 5.8117E+00
3.1623E+00 -0.15 4.2934E+00
3.5481E+00 -0.15 3.2178E+00
3.9811E+00 -0.15 2.3835E+00
4.4668E+00 -0.15 1.7916E+00
5.0119E+00 -0.15 1.3237E+00
5.6234E+00 -0.15 9.7371E-01
6.3096E+00 -0.15 7.1037E-01
7.0795E+00 -0.15 5.0531E-01
7.9433E+00 -0.15 3.5758E-01
8.9125E+00 -0.15 2.5975E-01
1.0000E+01 -0.15 1.8133E-01
1.1220E+01 -0.15 1.2632E-01
1.2589E+01 -0.15 8.9276E-02
1.4125E+01 -0.15 6.2139E-02
1.5849E+01 -0.15 4.2431E-02
1.7783E+01 -0.15 2.8566E-02
1.9953E+01 -0.15 1.9755E-02
2.2387E+01 -0.15 1.3887E-02
2.5119E+01 -0.15 9.3323E-03
2.8184E+01 -0.15 6.2238E-03
3.1623E+01 -0.15 4.3424E-03
3.5481E+01 -0.15 2.9417E-03
3.9811E+01 -0.15 1.9861E-03
4.4668E+01 -0.15 1.3333E-03
5.0119E+01 -0.15 8.9299E-04
5.6234E+01 -0.15 5.9756E-04
6.3096E+01 -0.15 3.9961E-04
7.0795E+01 -0.15 2.6849E-04
7.9433E+01 -0.15 1.7847E-04
8.9125E+01 -0.15 1.1719E-04
1.0000E+02 -0.15 7.9023E-05
1.1220E+02 -0.15 5.2286E-05
1.2589E+02 -0.15 3.4683E-05
1.4125E+02 -0.15 2.3202E-05
1.5849E+02 -0.15 1.5355E-05
1.7783E+02 -0.15 1.0042E-05
1.9953E+02 -0.15 6.6609E-06
2.2387E+02 -0.15 4.4178E-06
2.5119E+02 -0.15 2.9264E-06
2.8184E+02 -0.15 1.9527E-06
3.1623E+02 -0.15 1.2814E-06
3.5481E+02 -0.15 8.4839E-07
3.9811E+02 -0.15 5.6308E-07
4.4668E+02 -0.15 3.7308E-07
5.0119E+02 -0.15 2.4480E-07
5.6234E+02 -0.15 1.6197E-07
6.3096E+02 -0.15 1.0820E-07
7.0795E+02 -0.15 7.1727E-08
7.9433E+02 -0.15 4.7484E-08
8.9125E+02 -0.15 3.1483E-08
1.0000E+03 -0.15 2.1468E-08
1.1220E+03 -0.15 1.4406E-08
1.2589E+03 -0.15 9.5300E-09
1.4125E+03 -0.15 6.3501E-09
1.5849E+03 -0.15 4.2079E-09
1.7783E+03 -0.15 2.8482E-09
1.9953E+03 -0.15 1.9030E-09
2.2387E+03 -0.15 1.2629E-09
2.5119E+03 -0.15 8.4935E-10
2.8184E+03 -0.15 5.7052E-10
3.1623E+03 -0.15 3.8206E-10
3.5481E+03 -0.15 2.5693E-10
3.9811E+03 -0.15 1.6713E-10
4.4668E+03 -0.15 1.1332E-10
5.0119E+03 -0.15 7.7619E-11
5.6234E+03 -0.15 4.7736E-11
6.3096E+03 -0.15 3.3438E-11
7.0795E+03 -0.15 2.2064E-11
7.9433E+03 -0.15 1.4290E-11
8.9125E+03 -0.15 9.7496E-12
1.0000E+04 -0.15 6.2734E-12
1.0000E-01 -0.25 1.7002E+03
1.1220E-01 -0.25 1.4963E+03
1.2589E-01 -0.25 1.2995E+03
1.4125E-01 -0.25 1.0983E+03
1.5849E-01 -0.25 9.3080E+02
1.7783E-01 -0.25 7.9028E+02
1.9953E-01 -0.25 6.6019E+02
2.2387E-01 -0.25 5.5412E+02
2.5119E-01 -0.25 4.6711E+02
2.8184E-01 -0.25 3.8475E+02
3.1623E-01 -0.25 3.1452E+02
3.5481E-01 -0.25 2.6074E+02
3.9811E-01 -0.25 2.1517E+02
4.4668E-01 -0.25 1.7626E+02
5.0119E-01 -0.25 1.4450E+02
5.6234E-01 -0.25 1.1702E+02
6.3096E-01 -0.25 9.6671E+01
7.0795E-01 -0.25 7.9312E+01
7.9433E-01 -0.25 6.2014E+01
8.9125E-01 -0.25 5.0184E+01
1.0000E+00 -0.25 4.1477E+01
1.1220E+00 -0.25 3.3315E+01
1.2589E+00 -0.25 2.6883E+01
1.4125E+00 -0.25 2.1559E+01
1.5849E+00 -0.25 1.6768E+01
1.7783E+00 -0.25 1.3176E+01
1.9953E+00 -0.25 1.0458E+01
2.2387E+00 -0.25 8.1224E+00
2.5119E+00 -0.25 6.1604E+00
2.8184E+00 -0.25 4.7476E+00
3.1623E+00 -0.25 3.5891E+00
3.5481E+00 -0.25 2.6832E+00
3.9811E+00 -0.25 2.0020E+00
4.4668E+00 -0.25 1.4530E+00
5.0119E+00 -0.25 1.0738E+00
5.6234E+00 -0.25 7.8895E-01
6.3096E+00 -0.25 5.6573E-01
7.0795E+00 -0.25 3.9889E-01
7.9433E+00 -0.25 2.8252E-01
8.9125E+00 -0.25 2.0283E-01
1.0000E+01 -0.25 1.3847E-01
1.1220E+01 -0.25 9.5853E-02
1.2589E+01 -0.25 6.7153E-02
1.4125E+01 -0.25 4.6156E-02
1.5849E+01 -0.25 3.0469E-02
1.7783E+01 -0.25 2.0227E-02
1.9953E+01 -0.25 1.3733E-02
2.2387E+01 -0.25 9.5691E-03
2.5119E+01 -0.25 6.4689E-03
2.8184E+01 -0.25 4.2833E-03
3.1623E+01 -0.25 2.9111E-03
3.5481E+01 -0.25 1.9527E-03
3.9811E+01 -0.25 1.3115E-03
4.4668E+01 -0.25 8.7815E-04
5.0119E+01 -0.25 5.8174E-04
5.6234E+01 -0.25 3.8654E-04
6.3096E+01 -0.25 2.5790E-04
7.0795E+01 -0.25 1.7034E-04
7.9433E+01 -0.25 1.1265E-04
8.9125E+01 -0.25 7.6418E-05
1.0000E+02 -0.25 4.9913E-05
1.1220E+02 -0.25 3.2737E-05
1.2589E+02 -0.25 2.1633E-05
1.4125E+02 -0.25 1.4473E-05
1.5849E+02 -0.25 9.7514E-06
1.7783E+02 -0.25 6.4781E-06
1.9953E+02 -0.25 4.2016E-06
2.2387E+02 -0.25 2.8101E-06
2.5119E+02 -0.25 1.8957E-06
2.8184E+02 -0.25 1.2544E-06
3.1623E+02 -0.25 8.1745E-07
3.5481E+02 -0.25 5.4873E-07
3.9811E+02 -0.25 3.6383E-07
4.4668E+02 -0.25 2.4451E-07
5.0119E+02 -0.25 1.6473E-07
5.6234E+02 -0.25 1.1019E-07
6.3096E+02 -0.25 7.3661E-08
7.0795E+02 -0.25 4.9842E-08
7.9433E+02 -0.25 3.3446E-08
8.9125E+02 -0.25 2.2601E-08
1.0000E+03 -0.25 1.5303E-08
1.1220E+03 -0.25 1.0148E-08
1.2589E+03 -0.25 6.7981E-09
1.4125E+03 -0.25 4.6363E-09
1.5849E+03 -0.25 3.0425E-09
1.7783E+03 -0.25 1.9755E-09
1.9953E+03 -0.25 1.3814E-09
2.2387E+03 -0.25 9.1983E-10
2.5119E+03 -0.25 6.1498E-10
2.8184E+03 -0.25 4.0605E-10
3.1623E+03 -0.25 2.7029E-10
3.5481E+03 -0.25 1.8050E-10
3.9811E+03 -0.25 1.1962E-10
4.4668E+03 -0.25 8.0176E-11
5.0119E+03 -0.25 5.3322E-11
5.6234E+03 -0.25 3.5944E-11
6.3096E+03 -0.25 2.3896E-11
7.0795E+03 -0.25 1.4954E-11
7.9433E+03 -0.25 9.5784E-12
8.9125E+03 -0.25 6.3617E-12
1.0000E+04 -0.25 4.4602E-12
1.0000E-01 -0.35 1.4540E+03
1.1220E-01 -0.35 1.2732E+03
1.2589E-01 -0.35 1.1198E+03
1.4125E-01 -0.35 9.7419E+02
1.5849E-01 -0.35 8.2298E+02
1.7783E-01 -0.35 7.0609E+02
1.9953E-01 -0.35 6.0229E+02
2.2387E-01 -0.35 5.0574E+02
2.5119E-01 -0.35 4.2731E+02
2.8184E-01 -0.35 3.5542E+02
3.1623E-01 -0.35 2.9650E+02
3.5481E-01 -0.35 2.4828E+02
3.9811E-01 -0.35 2.0544E+02
4.4668E-01 -0.35 1.7063E+02
5.0119E-01 -0.35 1.3876E+02
5.6234E-01 -0.35 1.1274E+02
6.3096E-01 -0.35 9.4612E+01
7.0795E-01 -0.35 7.7352E+01
7.9433E-01 -0.35 6.3030E+01
8.9125E-01 -0.35 5.0553E+01
1.0000E+00 -0.35 4.0809E+01
1.1220E+00 -0.35 3.2846E+01
1.2589E+00 -0.35 2.5976E+01
1.4125E+00 -0.35 2.0466E+01
1.5849E+00 -0.35 1.6113E+01
1.7783E+00 -0.35 1.2626E+01
1.9953E+00 -0.35 9.6939E+00
2.2387E+00 -0.35 7.3048E+00
2.5119E+00 -0.35 5.6124E+00
2.8184E+00 -0.35 4.3066E+00
3.1623E+00 -0.35 3.2274E+00
3.5481E+00 -0.35 2.3766E+00
3.9811E+00 -0.35 1.7506E+00
4.4668E+00 -0.35 1.2939E+00
5.0119E+00 -0.35 9.5239E-01
5.6234E+00 -0.35 6.7340E-01
6.3096E+00 -0.35 4.6247E-01
7.0795E+00 -0.35 3.2749E-01
7.9433E+00 -0.35 2.3331E-01
8.9125E+00 -0.35 1.5995E-01
1.0000E+01 -0.35 1.1106E-01
1.1220E+01 -0.35 7.6297E-02
1.2589E+01 -0.35 5.1822E-02
1.4125E+01 -0.35 3.5086E-02
1.5849E+01 -0.35 2.3596E-02
1.7783E+01 -0.35 1.6134E-02
1.9953E+01 -0.35 1.0792E-02
2.2387E+01 -0.35 7.1900E-03
2.5119E+01 -0.35 4.8445E-03
2.8184E+01 -0.35 3.1605E-03
3.1623E+01 -0.35 2.1258E-03
3.5481E+01 -0.35 1.4210E-03
3.9811E+01 -0.35 9.4147E-04
4.4668E+01 -0.35 6.2223E-04
5.0119E+01 -0.35 4.1187E-04
5.6234E+01 -0.35 2.7277E-04
6.3096E+01 -0.35 1.8227E-04
7.0795E+01 -0.35 1.2249E-04
7.9433E+01 -0.35 8.1786E-05
8.9125E+01 -0.35 5.4718E-05
1.0000E+02 -0.35 3.5540E-05
1.1220E+02 -0.35 2.3500E-05
1.2589E+02 -0.35 1.5621E-05
1.4125E+02 -0.35 1.0442E-05
1.5849E+02 -0.35 6.9476E-06
1.7783E+02 -0.35 4.6337E-06
1.9953E+02 -0.35 3.0881E-06
2.2387E+02 -0.35 2.0414E-06
2.5119E+02 -0.35 1.3907E-06
2.8184E+02 -0.35 9.3632E-07
3.1623E+02 -0.35 6.2093E-07
3.5481E+02 -0.35 4.1266E-07
3.9811E+02 -0.35 2.7695E-07
4.4668E+02 -0.35 1.8886E-07
5.0119E+02 -0.35 1.2600E-07
5.6234E+02 -0.35 8.5240E-08
6.3096E+02 -0.35 5.7332E-08
7.0795E+02 -0.35 3.8142E-08
7.9433E+02 -0.35 2.5382E-08
8.9125E+02 -0.35 1.6812E-08
1.0000E+03 -0.35 1.1507E-08
1.1220E+03 -0.35 7.9679E-09
1.2589E+03 -0.35 5.3970E-09
1.4125E+03 -0.35 3.4869E-09
1.5849E+03 -0.35 2.2601E-09
1.7783E+03 -0.35 1.5323E-09
1.9953E+03 -0.35 1.0489E-09
2.2387E+03 -0.35 7.2858E-10
2.5119E+03 -0.35 5.0154E-10
2.8184E+03 -0.35 3.1520E-10
3.1623E+03 -0.35 2.1001E-10
3.5481E+03 -0.35 1.4337E-10
3.9811E+03 -0.35 9.5793E-11
4.4668E+03 -0.35 6.2917E-11
5.0119E+03 -0.35 4.0209E-11
5.6234E+03 -0.35 2.4866E-11
6.3096E+03 -0.35 1.8122E-11
7.0795E+03 -0.35 1.1335E-11
7.9433E+03 -0.35 7.3058E-12
8.9125E+03 -0.35 4.7444E-12
1.0000E+04 -0.35 3.0983E-12
1.0000E-01 -0.45 1.7668E+03
1.1220E-01 -0.45 1.5808E+03
1.2589E-01 -0.45 1.4154E+03
1.4125E-01 -0.45 1.2271E+03
1.5849E-01 -0.45 1.0581E+03
1.7783E-01 -0.45 9.0519E+02
1.9953E-01 -0.45 7.7260E+02
2.2387E-01 -0.45 6.6349E+02
2.5119E-01 -0.45 5.6861E+02
2.8184E-01 -0.45 4.7723E+02
3.1623E-01 -0.45 3.9848E+02
3.5481E-01 -0.45 3.3102E+02
3.9811E-01 -0.45 2.7204E+02
4.4668E-01 -0.45 2.2597E+02
5.0119E-01 -0.45 1.8746E+02
5.6234E-01 -0.45 1.5168E+02
6.3096E-01 -0.45 1.2225E+02
7.0795E-01 -0.45 1.0018E+02
7.9433E-01 -0.45 8.1685E+01
8.9125E-01 -0.45 6.4610E+01
1.0000E+00 -0.45 5.1547E+01
1.1220E+00 -0.45 4.0282E+01
1.2589E+00 -0.45 3.1462E+01
1.4125E+00 -0.45 2.4509E+01
1.5849E+00 -0.45 1.8779E+01
1.7783E+00 -0.45 1.4229E+01
1.9953E+00 -0.45 1.0886E+01
2.2387E+00 -0.45 8.3290E+00
2.5119E+00 -0.45 6.1493E+00
2.8184E+00 -0.45 4.4586E+00
3.1623E+00 -0.45 3.2445E+00
3.5481E+00 -0.45 2.3451E+00
3.9811E+00 -0.45 1.6759E+00
4.4668E+00 -0.45 1.1953E+00
5.0119E+00 -0.45 8.5410E-01
5.6234E+00 -0.45 5.9636E-01
6.3096E+00 -0.45 4.0838E-01
7.0795E+00 -0.45 2.8212E-01
7.9433E+00 -0.45 1.9384E-01
8.9125E+00 -0.45 1.3376E-01
1.0000E+01 -0.45 9.1172E-02
1.1220E+01 -0.45 6.1273E-02
1.2589E+01 -0.45 4.1596E-02
1.4125E+01 -0.45 2.8365E-02
1.5849E+01 -0.45 1.8391E-02
1.7783E+01 -0.45 1.2368E-02
1.9953E+01 -0.45 8.4884E-03
2.2387E+01 -0.45 5.6340E-03
2.5119E+01 -0.45 3.7097E-03
2.8184E+01 -0.45 2.5076E-03
3.1623E+01 -0.45 1.6359E-03
3.5481E+01 -0.45 1.0915E-03
3.9811E+01 -0.45 7.2778E-04
4.4668E+01 -0.45 4.8484E-04
5.0119E+01 -0.45 3.2285E-04
5.6234E+01 -0.45 2.1707E-04
6.3096E+01 -0.45 1.4589E-04
7.0795E+01 -0.45 9.5542E-05
7.9433E+01 -0.45 6.3574E-05
8.9125E+01 -0.45 4.2171E-05
1.0000E+02 -0.45 2.7762E-05
1.1220E+02 -0.45 1.8471E-05
1.2589E+02 -0.45 1.2389E-05
1.4125E+02 -0.45 8.2353E-06
1.5849E+02 -0.45 5.5749E-06
1.7783E+02 -0.45 3.7297E-06
1.9953E+02 -0.45 2.4437E-06
2.2387E+02 -0.45 1.6546E-06
2.5119E+02 -0.45 1.1325E-06
2.8184E+02 -0.45 7.5551E-07
3.1623E+02 -0.45 5.0306E-07
3.5481E+02 -0.45 3.3386E-07
3.9811E+02 -0.45 2.2661E-07
4.4668E+02 -0.45 1.5251E-07
5.0119E+02 -0.45 1.0337E-07
5.6234E+02 -0.45 6.9403E-08
6.3096E+02 -0.45 4.6161E-08
7.0795E+02 -0.45 3.1350E-08
7.9433E+02 -0.45 2.1459E-08
8.9125E+02 -0.45 1.4469E-08
1.0000E+03 -0.45 9.9585E-09
1.1220E+03 -0.45 6.5475E-09
1.2589E+03 -0.45 4.3729E-09
1.4125E+03 -0.45 3.0379E-09
1.5849E+03 -0.45 1.9379E-09
1.7783E+03 -0.45 1.2754E-09
1.9953E+03 -0.45 8.3900E-10
2.2387E+03 -0.45 5.5958E-10
2.5119E+03 -0.45 3.8391E-10
2.8184E+03 -0.45 2.5021E-10
3.1623E+03 -0.45 1.7425E-10
3.5481E+03 -0.45 1.1527E-10
3.9811E+03 -0.45 7.4440E-11
4.4668E+03 -0.45 5.0667E-11
5.0119E+03 -0.45 3.4285E-11
5.6234E+03 -0.45 2.1184E-11
6.3096E+03 -0.45 1.4024E-11
7.0795E+03 -0.45 9.4906E-12
7.9433E+03 -0.45 6.3441E-12
8.9125E+03 -0.45 4.0289E-12
1.0000E+04 -0.45 2.7624E-12
1.0000E-01 -0.55 3.4134E+03
1.1220E-01 -0.55 3.0387E+03
1.2589E-01 -0.55 2.6933E+03
1.4125E-01 -0.55 2.3678E+03
1.5849E-01 -0.55 2.0679E+03
1.7783E-01 -0.55 1.7749E+03
1.9953E-01 -0.55 1.5096E+03
2.2387E-01 -0.55 1.2860E+03
2.5119E-01 -0.55 1.0862E+03
2.8184E-01 -0.55 9.0845E+02
3.1623E-01 -0.55 7.5341E+02
3.5481E-01 -0.55 6.1758E+02
3.9811E-01 -0.55 5.0335E+02
4.4668E-01 -0.55 4.1259E+02
5.0119E-01 -0.55 3.3167E+02
5.6234E-01 -0.55 2.6175E+02
6.3096E-01 -0.55 2.0640E+02
7.0795E-01 -0.55 1.6086E+02
7.9433E-01 -0.55 1.2572E+02
8.9125E-01 -0.55 9.8240E+01
1.0000E+00 -0.55 7.4346E+01
1.1220E+00 -0.55 5.6068E+01
1.2589E+00 -0.55 4.1946E+01
1.4125E+00 -0.55 3.1378E+01
1.5849E+00 -0.55 2.3169E+01
1.7783E+00 -0.55 1.7044E+01
1.9953E+00 -0.55 1.2563E+01
2.2387E+00 -0.55 9.1234E+00
2.5119E+00 -0.55 6.6044E+00
2.8184E+00 -0.55 4.6506E+00
3.1623E+00 -0.55 3.2688E+00
3.5481E+00 -0.55 2.3012E+00
3.9811E+00 -0.55 1.6102E+00
4.4668E+00 -0.55 1.1114E+00
5.0119E+00 -0.55 7.6478E-01
5.6234E+00 -0.55 5.2910E-01
6.3096E+00 -0.55 3.6267E-01
7.0795E+00 -0.55 2.4608E-01
7.9433E+00 -0.55 1.6832E-01
8.9125E+00 -0.55 1.1550E-01
1.0000E+01 -0.55 7.6175E-02
1.1220E+01 -0.55 5.1216E-02
1.2589E+01 -0.55 3.4853E-02
1.4125E+01 -0.55 2.3097E-02
1.5849E+01 -0.55 1.5193E-02
1.7783E+01 -0.55 1.0298E-02
1.9953E+01 -0.55 6.9186E-03
2.2387E+01 -0.55 4.4762E-03
2.5119E+01 -0.55 2.9462E-03
2.8184E+01 -0.55 1.9653E-03
3.1623E+01 -0.55 1.3443E-03
3.5481E+01 -0.55 8.8807E-04
3.9811E+01 -0.55 5.8682E-04
4.4668E+01 -0.55 3.9155E-04
5.0119E+01 -0.55 2.6193E-04
5.6234E+01 -0.55 1.7342E-04
6.3096E+01 -0.55 1.1693E-04
7.0795E+01 -0.55 7.7604E-05
7.9433E+01 -0.55 5.0627E-05
8.9125E+01 -0.55 3.4322E-05
1.0000E+02 -0.55 2.3220E-05
1.1220E+02 -0.55 1.5500E-05
1.2589E+02 -0.55 1.0342E-05
1.4125E+02 -0.55 6.9363E-06
1.5849E+02 -0.55 4.6658E-06
1.7783E+02 -0.55 3.1097E-06
1.9953E+02 -0.55 2.0870E-06
2.2387E+02 -0.55 1.4199E-06
2.5119E+02 -0.55 9.3215E-07
2.8184E+02 -0.55 6.1102E-07
3.1623E+02 -0.55 4.3164E-07
3.5481E+02 -0.55 2.8906E-07
3.9811E+02 -0.55 1.9510E-07
4.4668E+02 -0.55 1.2939E-07
5.0119E+02 -0.55 8.6946E-08
5.6234E+02 -0.55 5.9595E-08
6.3096E+02 -0.55 3.9231E-08
7.0795E+02 -0.55 2.7005E-08
7.9433E+02 -0.55 1.8344E-08
8.9125E+02 -0.55 1.2217E-08
1.0000E+03 -0.55 8.4727E-09
1.1220E+03 -0.55 5.6998E-09
1.2589E+03 -0.55 3.7053E-09
1.4125E+03 -0.55 2.5416E-09
1.5849E+03 -0.55 1.7091E-09
1.7783E+03 -0.55 1.1263E-09
1.9953E+03 -0.55 7.4754E-10
2.2387E+03 -0.55 5.1766E-10
2.5119E+03 -0.55 3.3420E-10
2.8184E+03 -0.55 2.1569E-10
3.1623E+03 -0.55 1.3732E-10
3.5481E+03 -0.55 9.2783E-11
3.9811E+03 -0.55 6.3111E-11
4.4668E+03 -0.55 4.0697E-11
5.0119E+03 -0.55 2.8330E-11
5.6234E+03 -0.55 1.8740E-11
6.3096E+03 -0.55 1.1703E-11
7.0795E+03 -0.55 7.7133E-12
7.9433E+03 -0.55 4.7411E-12
8.9125E+03 -0.55 3.1146E-12
1.0000E+04 -0.55 2.1914E-12
1.0000E-01 -0.65 5.7169E+03
1.1220E-01 -0.65 5.0843E+03
1.2589E-01 -0.65 4.5006E+03
1.4125E-01 -0.65 3.9130E+03
1.5849E-01 -0.65 3.3678E+03
1.7783E-01 -0.65 2.8945E+03
1.9953E-01 -0.65 2.4495E+03
2.2387E-01 -0.65 2.0419E+03
2.5119E-01 -0.65 1.6942E+03
2.8184E-01 -0.65 1.3971E+03
3.1623E-01 -0.65 1.1369E+03
3.5481E-01 -0.65 9.1450E+02
3.9811E-01 -0.65 7.2314E+02
4.4668E-01 -0.65 5.6137E+02
5.0119E-01 -0.65 4.4132E+02
5.6234E-01 -0.65 3.4609E+02
6.3096E-01 -0.65 2.6443E+02
7.0795E-01 -0.65 2.0072E+02
7.9433E-01 -0.65 1.4929E+02
8.9125E-01 -0.65 1.1029E+02
1.0000E+00 -0.65 8.1778E+01
1.1220E+00 -0.65 6.0209E+01
1.2589E+00 -0.65 4.4130E+01
1.4125E+00 -0.65 3.2216E+01
1.5849E+00 -0.65 2.3462E+01
1.7783E+00 -0.65 1.6874E+01
1.9953E+00 -0.65 1.1989E+01
2.2387E+00 -0.65 8.5973E+00
2.5119E+00 -0.65 6.1570E+00
2.8184E+00 -0.65 4.2253E+00
3.1623E+00 -0.65 2.9635E+00
3.5481E+00 -0.65 2.0656E+00
3.9811E+00 -0.65 1.4226E+00
4.4668E+00 -0.65 9.7672E-01
5.0119E+00 -0.65 6.8386E-01
5.6234E+00 -0.65 4.7031E-01
6.3096E+00 -0.65 3.1976E-01
7.0795E+00 -0.65 2.1670E-01
7.9433E+00 -0.65 1.4167E-01
8.9125E+00 -0.65 9.4781E-02
1.0000E+01 -0.65 6.5530E-02
1.1220E+01 -0.65 4.3693E-02
1.2589E+01 -0.65 2.9034E-02
1.4125E+01 -0.65 1.9348E-02
1.5849E+01 -0.65 1.2674E-02
1.7783E+01 -0.65 8.4514E-03
1.9953E+01 -0.65 5.5987E-03
2.2387E+01 -0.65 3.6973E-03
2.5119E+01 -0.65 2.4779E-03
2.8184E+01 -0.65 1.7465E-03
3.1623E+01 -0.65 1.1310E-03
3.5481E+01 -0.65 7.5253E-04
3.9811E+01 -0.65 5.0021E-04
4.4668E+01 -0.65 3.3649E-04
5.0119E+01 -0.65 2.2306E-04
5.6234E+01 -0.65 1.4694E-04
6.3096E+01 -0.65 9.7341E-05
7.0795E+01 -0.65 6.5195E-05
7.9433E+01 -0.65 4.4360E-05
8.9125E+01 -0.65 2.8996E-05
1.0000E+02 -0.65 1.9878E-05
1.1220E+02 -0.65 1.3249E-05
1.2589E+02 -0.65 8.8275E-06
1.4125E+02 -0.65 5.9860E-06
1.5849E+02 -0.65 4.0322E-06
1.7783E+02 -0.65 2.7301E-06
1.9953E+02 -0.65 1.8570E-06
2.2387E+02 -0.65 1.2161E-06
2.5119E+02 -0.65 8.1403E-07
2.8184E+02 -0.65 5.7807E-07
3.1623E+02 -0.65 3.8364E-07
3.5481E+02 -0.65 2.5972E-07
3.9811E+02 -0.65 1.7548E-07
4.4668E+02 -0.65 1.1837E-07
5.0119E+02 -0.65 8.0745E-08
5.6234E+02 -0.65 5.3718E-08
6.3096E+02 -0.65 3.6127E-08
7.0795E+02 -0.65 2.4706E-08
7.9433E+02 -0.65 1.6706E-08
8.9125E+02 -0.65 1.1184E-08
1.0000E+03 -0.65 7.2411E-09
1.1220E+03 -0.65 4.8595E-09
1.2589E+03 -0.65 3.3806E-09
1.4125E+03 -0.65 2.3236E-09
1.5849E+03 -0.65 1.5423E-09
1.7783E+03 -0.65 9.5371E-10
1.9953E+03 -0.65 6.6192E-10
2.2387E+03 -0.65 4.4587E-10
2.5119E+03 -0.65 2.7969E-10
2.8184E+03 -0.65 1.8051E-10
3.1623E+03 -0.65 1.2630E-10
3.5481E+03 -0.65 8.2255E-11
3.9811E+03 -0.65 5.4085E-11
4.4668E+03 -0.65 3.4395E-11
5.0119E+03 -0.65 2.3964E-11
5.6234E+03 -0.65 1.6785E-11
6.3096E+03 -0.65 1.0480E-11
7.0795E+03 -0.65 6.8989E-12
7.9433E+03 -0.65 4.1699E-12
8.9125E+03 -0.65 2.6630E-12
1.0000E+04 -0.65 1.7127E-12
1.0000E-01 -0.75 6.4462E+03
1.1220E-01 -0.75 5.7301E+03
1.2589E-01 -0.75 5.0544E+03
1.4125E-01 -0.75 4.4048E+03
1.5849E-01 -0.75 3.7920E+03
1.7783E-01 -0.75 3.2274E+03
1.9953E-01 -0.75 2.7264E+03
2.2387E-01 -0.75 2.2654E+03
2.5119E-01 -0.75 1.8564E+03
2.8184E-01 -0.75 1.5085E+03
3.1623E-01 -0.75 1.2160E+03
3.5481E-01 -0.75 9.6450E+02
3.9811E-01 -0.75 7.5144E+02
4.4668E-01 -0.75 5.8685E+02
5.0119E-01 -0.75 4.5398E+02
5.6234E-01 -0.75 3.4327E+02
6.3096E-01 -0.75 2.5833E+02
7.0795E-01 -0.75 1.9413E+02
7.9433E-01 -0.75 1.4347E+02
8.9125E-01 -0.75 1.0693E+02
1.0000E+00 -0.75 7.7599E+01
1.1220E+00 -0.75 5.6216E+01
1.2589E+00 -0.75 4.1035E+01
1.4125E+00 -0.75 2.9707E+01
1.5849E+00 -0.75 2.1341E+01
1.7783E+00 -0.75 1.5062E+01
1.9953E+00 -0.75 1.0796E+01
2.2387E+00 -0.75 7.7567E+00
2.5119E+00 -0.75 5.3976E+00
2.8184E+00 -0.75 3.7925E+00
3.1623E+00 -0.75 2.6539E+00
3.5481E+00 -0.75 1.8297E+00
3.9811E+00 -0.75 1.2553E+00
4.4668E+00 -0.75 8.5618E-01
5.0119E+00 -0.75 5.8978E-01
5.6234E+00 -0.75 4.0430E-01
6.3096E+00 -0.75 2.7192E-01
7.0795E+00 -0.75 1.8310E-01
7.9433E+00 -0.75 1.2361E-01
8.9125E+00 -0.75 8.2210E-02
1.0000E+01 -0.75 5.6474E-02
1.1220E+01 -0.75 3.7712E-02
1.2589E+01 -0.75 2.4938E-02
1.4125E+01 -0.75 1.6668E-02
1.5849E+01 -0.75 1.1207E-02
1.7783E+01 -0.75 7.4096E-03
1.9953E+01 -0.75 4.8524E-03
2.2387E+01 -0.75 3.2909E-03
2.5119E+01 -0.75 2.2163E-03
2.8184E+01 -0.75 1.4423E-03
3.1623E+01 -0.75 9.6770E-04
3.5481E+01 -0.75 6.3902E-04
3.9811E+01 -0.75 4.2099E-04
4.4668E+01 -0.75 2.8173E-04
5.0119E+01 -0.75 1.8766E-04
5.6234E+01 -0.75 1.2782E-04
6.3096E+01 -0.75 8.6425E-05
7.0795E+01 -0.75 5.5602E-05
7.9433E+01 -0.75 3.7424E-05
8.9125E+01 -0.75 2.6428E-05
1.0000E+02 -0.75 1.7583E-05
1.1220E+02 -0.75 1.1616E-05
1.2589E+02 -0.75 7.7571E-06
1.4125E+02 -0.75 5.2394E-06
1.5849E+02 -0.75 3.5419E-06
1.7783E+02 -0.75 2.4377E-06
1.9953E+02 -0.75 1.6433E-06
2.2387E+02 -0.75 1.0983E-06
2.5119E+02 -0.75 7.5503E-07
2.8184E+02 -0.75 5.1968E-07
3.1623E+02 -0.75 3.4458E-07
3.5481E+02 -0.75 2.3380E-07
3.9811E+02 -0.75 1.6128E-07
4.4668E+02 -0.75 1.0956E-07
5.0119E+02 -0.75 7.2408E-08
5.6234E+02 -0.75 4.8972E-08
6.3096E+02 -0.75 3.2831E-08
7.0795E+02 -0.75 2.1407E-08
7.9433E+02 -0.75 1.4489E-08
8.9125E+02 -0.75 9.9537E-09
1.0000E+03 -0.75 6.6462E-09
1.1220E+03 -0.75 4.4834E-09
1.2589E+03 -0.75 2.9110E-09
1.4125E+03 -0.75 1.8581E-09
1.5849E+03 -0.75 1.2615E-09
1.7783E+03 -0.75 8.3296E-10
1.9953E+03 -0.75 5.6928E-10
2.2387E+03 -0.75 3.8553E-10
2.5119E+03 -0.75 2.5397E-10
2.8184E+03 -0.75 1.6087E-10
3.1623E+03 -0.75 1.1225E-10
3.5481E+03 -0.75 7.3054E-11
3.9811E+03 -0.75 4.6522E-11
4.4668E+03 -0.75 3.1188E-11
5.0119E+03 -0.75 2.1515E-11
5.6234E+03 -0.75 1.3618E-11
6.3096E+03 -0.75 8.8173E-12
7.0795E+03 -0.75 6.0977E-12
7.9433E+03 -0.75 3.9273E-12
8.9125E+03 -0.75 2.3777E-12
1.0000E+04 -0.75 1.6646E-12
1.0000E-01 -0.85 6.3243E+03
1.1220E-01 -0.85 5.6379E+03
1.2589E-01 -0.85 4.9558E+03
1.4125E-01 -0.85 4.3180E+03
1.5849E-01 -0.85 3.7288E+03
1.7783E-01 -0.85 3.1769E+03
1.9953E-01 -0.85 2.6731E+03
2.2387E-01 -0.85 2.2256E+03
2.5119E-01 -0.85 1.8243E+03
2.8184E-01 -0.85 1.4737E+03
3.1623E-01 -0.85 1.1827E+03
3.5481E-01 -0.85 9.3470E+02
3.9811E-01 -0.85 7.3073E+02
4.4668E-01 -0.85 5.6459E+02
5.0119E-01 -0.85 4.2982E+02
5.6234E-01 -0.85 3.2516E+02
6.3096E-01 -0.85 2.4429E+02
7.0795E-01 -0.85 1.8175E+02
7.9433E-01 -0.85 1.3500E+02
8.9125E-01 -0.85 9.9167E+01
1.0000E+00 -0.85 7.1609E+01
1.1220E+00 -0.85 5.2381E+01
1.2589E+00 -0.85 3.7851E+01
1.4125E+00 -0.85 2.7027E+01
1.5849E+00 -0.85 1.9523E+01
1.7783E+00 -0.85 1.3892E+01
1.9953E+00 -0.85 9.7487E+00
2.2387E+00 -0.85 6.8803E+00
2.5119E+00 -0.85 4.8035E+00
2.8184E+00 -0.85 3.3215E+00
3.1623E+00 -0.85 2.3691E+00
3.5481E+00 -0.85 1.6090E+00
3.9811E+00 -0.85 1.1039E+00
4.4668E+00 -0.85 7.6812E-01
5.0119E+00 -0.85 5.2508E-01
5.6234E+00 -0.85 3.5093E-01
6.3096E+00 -0.85 2.3840E-01
7.0795E+00 -0.85 1.6103E-01
7.9433E+00 -0.85 1.0822E-01
8.9125E+00 -0.85 7.1304E-02
1.0000E+01 -0.85 4.9004E-02
1.1220E+01 -0.85 3.1893E-02
1.2589E+01 -0.85 2.1558E-02
1.4125E+01 -0.85 1.4482E-02
1.5849E+01 -0.85 9.5014E-03
1.7783E+01 -0.85 6.3244E-03
1.9953E+01 -0.85 4.2120E-03
2.2387E+01 -0.85 2.7644E-03
2.5119E+01 -0.85 1.8464E-03
2.8184E+01 -0.85 1.2601E-03
3.1623E+01 -0.85 8.2601E-04
3.5481E+01 -0.85 5.5375E-04
3.9811E+01 -0.85 3.6954E-04
4.4668E+01 -0.85 2.4592E-04
5.0119E+01 -0.85 1.6545E-04
5.6234E+01 -0.85 1.1163E-04
6.3096E+01 -0.85 7.4634E-05
7.0795E+01 -0.85 5.0170E-05
7.9433E+01 -0.85 3.4427E-05
8.9125E+01 -0.85 2.3306E-05
1.0000E+02 -0.85 1.5289E-05
1.1220E+02 -0.85 1.0228E-05
1.2589E+02 -0.85 6.9080E-06
1.4125E+02 -0.85 4.7119E-06
1.5849E+02 -0.85 3.1514E-06
1.7783E+02 -0.85 2.1469E-06
1.9953E+02 -0.85 1.4549E-06
2.2387E+02 -0.85 9.6249E-07
2.5119E+02 -0.85 6.6336E-07
2.8184E+02 -0.85 4.4944E-07
3.1623E+02 -0.85 3.1063E-07
3.5481E+02 -0.85 2.1240E-07
3.9811E+02 -0.85 1.4239E-07
4.4668E+02 -0.85 9.3746E-08
5.0119E+02 -0.85 6.3622E-08
5.6234E+02 -0.85 4.2621E-08
6.3096E+02 -0.85 2.9036E-08
7.0795E+02 -0.85 1.9747E-08
7.9433E+02 -0.85 1.2893E-08
8.9125E+02 -0.85 8.6180E-09
1.0000E+03 -0.85 5.8400E-09
1.1220E+03 -0.85 3.8896E-09
1.2589E+03 -0.85 2.6936E-09
1.4125E+03 -0.85 1.8110E-09
1.5849E+03 -0.85 1.1308E-09
1.7783E+03 -0.85 7.5324E-10
1.9953E+03 -0.85 5.0751E-10
2.2387E+03 -0.85 3.4431E-10
2.5119E+03 -0.85 2.1922E-10
2.8184E+03 -0.85 1.3636E-10
3.1623E+03 -0.85 9.5241E-11
3.5481E+03 -0.85 6.4766E-11
3.9811E+03 -0.85 4.1417E-11
4.4668E+03 -0.85 2.8662E-11
5.0119E+03 -0.85 1.8749E-11
5.6234E+03 -0.85 1.1637E-11
6.3096E+03 -0.85 7.6810E-12
7.0795E+03 -0.85 5.1262E-12
7.9433E+03 -0.85 3.6348E-12
8.9125E+03 -0.85 2.5430E-12
1.0000E+04 -0.85 1.4746E-12
1.0000E-01 -0.95 5.4972E+03
1.1220E-01 -0.95 4.9502E+03
1.2589E-01 -0.95 4.3781E+03
1.4125E-01 -0.95 3.8458E+03
1.5849E-01 -0.95 3.3348E+03
1.7783E-01 -0.95 2.8505E+03
1.9953E-01 -0.95 2.4192E+03
2.2387E-01 -0.95 2.0159E+03
2.5119E-01 -0.95 1.6620E+03
2.8184E-01 -0.95 1.3583E+03
3.1623E-01 -0.95 1.0940E+03
3.5481E-01 -0.95 8.6522E+02
3.9811E-01 -0.95 6.7760E+02
4.4668E-01 -0.95 5.2415E+02
5.0119E-01 -0.95 4.0238E+02
5.6234E-01 -0.95 3.0659E+02
6.3096E-01 -0.95 2.2955E+02
7.0795E-01 -0.95 1.7030E+02
7.9433E-01 -0.95 1.2539E+02
8.9125E-01 -0.95 9.2406E+01
1.0000E+00 -0.95 6.7634E+01
1.1220E+00 -0.95 4.8956E+01
1.2589E+00 -0.95 3.5249E+01
1.4125E+00 -0.95 2.5341E+01
1.5849E+00 -0.95 1.8037E+01
1.7783E+00 -0.95 1.2821E+01
1.9953E+00 -0.95 9.1321E+00
2.2387E+00 -0.95 6.3426E+00
2.5119E+00 -0.95 4.4352E+00
2.8184E+00 -0.95 3.1043E+00
3.1623E+00 -0.95 2.1421E+00
3.5481E+00 -0.95 1.4753E+00
3.9811E+00 -0.95 1.0092E+00
4.4668E+00 -0.95 6.8275E-01
5.0119E+00 -0.95 4.6146E-01
5.6234E+00 -0.95 3.1779E-01
6.3096E+00 -0.95 2.1707E-01
7.0795E+00 -0.95 1.4442E-01
7.9433E+00 -0.95 9.6326E-02
8.9125E+00 -0.95 6.5238E-02
1.0000E+01 -0.95 4.3715E-02
1.1220E+01 -0.95 2.8782E-02
1.2589E+01 -0.95 1.9015E-02
1.4125E+01 -0.95 1.2758E-02
1.5849E+01 -0.95 8.5956E-03
1.7783E+01 -0.95 5.6789E-03
1.9953E+01 -0.95 3.7466E-03
2.2387E+01 -0.95 2.4614E-03
2.5119E+01 -0.95 1.6641E-03
2.8184E+01 -0.95 1.1224E-03
3.1623E+01 -0.95 7.2864E-04
3.5481E+01 -0.95 4.9004E-04
3.9811E+01 -0.95 3.3017E-04
4.4668E+01 -0.95 2.2126E-04
5.0119E+01 -0.95 1.4863E-04
5.6234E+01 -0.95 9.9570E-05
6.3096E+01 -0.95 6.7522E-05
7.0795E+01 -0.95 4.5097E-05
7.9433E+01 -0.95 3.0210E-05
8.9125E+01 -0.95 2.0716E-05
1.0000E+02 -0.95 1.4120E-05
1.1220E+02 -0.95 9.4723E-06
1.2589E+02 -0.95 6.4173E-06
1.4125E+02 -0.95 4.4099E-06
1.5849E+02 -0.95 2.9333E-06
1.7783E+02 -0.95 1.9598E-06
1.9953E+02 -0.95 1.3471E-06
2.2387E+02 -0.95 9.3823E-07
2.5119E+02 -0.95 6.3593E-07
2.8184E+02 -0.95 4.2849E-07
3.1623E+02 -0.95 2.8421E-07
3.5481E+02 -0.95 1.8974E-07
3.9811E+02 -0.95 1.2871E-07
4.4668E+02 -0.95 8.8222E-08
5.0119E+02 -0.95 5.9470E-08
5.6234E+02 -0.95 3.9352E-08
6.3096E+02 -0.95 2.5793E-08
7.0795E+02 -0.95 1.7363E-08
7.9433E+02 -0.95 1.1720E-08
8.9125E+02 -0.95 7.8703E-09
1.0000E+03 -0.95 5.4378E-09
1.1220E+03 -0.95 3.6009E-09
1.2589E+03 -0.95 2.3273E-09
1.4125E+03 -0.95 1.5921E-09
1.5849E+03 -0.95 1.0522E-09
1.7783E+03 -0.95 7.1002E-10
1.9953E+03 -0.95 4.6680E-10
2.2387E+03 -0.95 3.2361E-10
2.5119E+03 -0.95 2.0261E-10
2.8184E+03 -0.95 1.2971E-10
3.1623E+03 -0.95 8.7010E-11
3.5481E+03 -0.95 5.8509E-11
3.9811E+03 -0.95 3.9342E-11
4.4668E+03 -0.95 2.7099E-11
5.0119E+03 -0.95 1.7557E-11
5.6234E+03 -0.95 1.0555E-11
6.3096E+03 -0.95 7.5626E-12
7.0795E+03 -0.95 4.6483E-12
7.9433E+03 -0.95 2.9197E-12
8.9125E+03 -0.95 1.9068E-12
1.0000E+04 -0.95 1.2776E-12
