1.0000E-01 0.95 2.0708E+03
1.1220E-01 0.95 1.8662E+03
1.2589E-01 0.95 1.6744E+03
1.4125E-01 0.95 1.4882E+03
1.5849E-01 0.95 1.3042E+03
1.7783E-01 0.95 1.1377E+03
1.9953E-01 0.95 9.7834E+02
2.2387E-01 0.95 8.3261E+02
2.5119E-01 0.95 7.0483E+02
2.8184E-01 0.95 5.8903E+02
3.1623E-01 0.95 4.8798E+02
3.5481E-01 0.95 3.9919E+02
3.9811E-01 0.95 3.2229E+02
4.4668E-01 0.95 2.5871E+02
5.0119E-01 0.95 2.0627E+02
5.6234E-01 0.95 1.6235E+02
6.3096E-01 0.95 1.2682E+02
7.0795E-01 0.95 9.7819E+01
7.9433E-01 0.95 7.5423E+01
8.9125E-01 0.95 5.7088E+01
1.0000E+00 0.95 4.2977E+01
1.1220E+00 0.95 3.2204E+01
1.2589E+00 0.95 2.3744E+01
1.4125E+00 0.95 1.7440E+01
1.5849E+00 0.95 1.2734E+01
1.7783E+00 0.95 9.1971E+00
1.9953E+00 0.95 6.5659E+00
2.2387E+00 0.95 4.7323E+00
2.5119E+00 0.95 3.3696E+00
2.8184E+00 0.95 2.3316E+00
3.1623E+00 0.95 1.6254E+00
3.5481E+00 0.95 1.1059E+00
3.9811E+00 0.95 7.5972E-01
4.4668E+00 0.95 5.2284E-01
5.0119E+00 0.95 3.4993E-01
5.6234E+00 0.95 2.3566E-01
6.3096E+00 0.95 1.6176E-01
7.0795E+00 0.95 1.0925E-01
7.9433E+00 0.95 7.5007E-02
8.9125E+00 0.95 5.0423E-02
1.0000E+01 0.95 3.2707E-02
1.1220E+01 0.95 2.2030E-02
1.2589E+01 0.95 1.4697E-02
1.4125E+01 0.95 9.7089E-03
1.5849E+01 0.95 6.4785E-03
1.7783E+01 0.95 4.3951E-03
1.9953E+01 0.95 3.0663E-03
2.2387E+01 0.95 2.0648E-03
2.5119E+01 0.95 1.3385E-03
2.8184E+01 0.95 8.9087E-04
3.1623E+01 0.95 5.9074E-04
3.5481E+01 0.95 3.9815E-04
3.9811E+01 0.95 2.6976E-04
4.4668E+01 0.95 1.8359E-04
5.0119E+01 0.95 1.2313E-04
5.6234E+01 0.95 8.0999E-05
6.3096E+01 0.95 5.4319E-05
7.0795E+01 0.95 3.6957E-05
7.9433E+01 0.95 2.5293E-05
8.9125E+01 0.95 1.6857E-05
1.0000E+02 0.95 1.1674E-05
1.1220E+02 0.95 7.8715E-06
1.2589E+02 0.95 5.2824E-06
1.4125E+02 0.95 3.6301E-06
1.5849E+02 0.95 2.4158E-06
1.7783E+02 0.95 1.6133E-06
1.9953E+02 0.95 1.0855E-06
2.2387E+02 0.95 7.2169E-07
2.5119E+02 0.95 5.0202E-07
2.8184E+02 0.95 3.3918E-07
3.1623E+02 0.95 2.2745E-07
3.5481E+02 0.95 1.5399E-07
3.9811E+02 0.95 1.0538E-07
4.4668E+02 0.95 6.9703E-08
5.0119E+02 0.95 4.6340E-08
5.6234E+02 0.95 3.1119E-08
6.3096E+02 0.95 2.1176E-08
7.0795E+02 0.95 1.4404E-08
7.9433E+02 0.95 9.4299E-09
8.9125E+02 0.95 6.1551E-09
1.0000E+03 0.95 4.0702E-09
1.1220E+03 0.95 2.6151E-09
1.2589E+03 0.95 1.7210E-09
1.4125E+03 0.95 1.1889E-09
1.5849E+03 0.95 7.9935E-10
1.7783E+03 0.95 4.9601E-10
1.9953E+03 0.95 3.3353E-10
2.2387E+03 0.95 2.2827E-10
2.5119E+03 0.95 1.5065E-10
2.8184E+03 0.95 9.6132E-11
3.1623E+03 0.95 6.5953E-11
3.5481E+03 0.95 4.3384E-11
3.9811E+03 0.95 2.8644E-11
4.4668E+03 0.95 1.8593E-11
5.0119E+03 0.95 1.1961E-11
5.6234E+03 0.95 7.7403E-12
6.3096E+03 0.95 4.6386E-12
7.0795E+03 0.95 2.7988E-12
7.9433E+03 0.95 1.8834E-12
8.9125E+03 0.95 1.4072E-12
1.0000E+04 0.95 8.5142E-13
1.0000E-01 0.85 2.0873E+03
1.1220E-01 0.85 1.8920E+03
1.2589E-01 0.85 1.6964E+03
1.4125E-01 0.85 1.5067E+03
1.5849E-01 0.85 1.3234E+03
1.7783E-01 0.85 1.1528E+03
1.9953E-01 0.85 9.9631E+02
2.2387E-01 0.85 8.5089E+02
2.5119E-01 0.85 7.1741E+02
2.8184E-01 0.85 6.0205E+02
3.1623E-01 0.85 4.9840E+02
3.5481E-01 0.85 4.0719E+02
3.9811E-01 0.85 3.3242E+02
4.4668E-01 0.85 2.6932E+02
5.0119E-01 0.85 2.1464E+02
5.6234E-01 0.85 1.7019E+02
6.3096E-01 0.85 1.3421E+02
7.0795E-01 0.85 1.0312E+02
7.9433E-01 0.85 7.8676E+01
8.9125E-01 0.85 5.9858E+01
1.0000E+00 0.85 4.5471E+01
1.1220E+00 0.85 3.4407E+01
1.2589E+00 0.85 2.5849E+01
1.4125E+00 0.85 1.9098E+01
1.5849E+00 0.85 1.3841E+01
1.7783E+00 0.85 1.0044E+01
1.9953E+00 0.85 7.3058E+00
2.2387E+00 0.85 5.1268E+00
2.5119E+00 0.85 3.6214E+00
2.8184E+00 0.85 2.6022E+00
3.1623E+00 0.85 1.7931E+00
3.5481E+00 0.85 1.2388E+00
3.9811E+00 0.85 8.5197E-01
4.4668E+00 0.85 5.8524E-01
5.0119E+00 0.85 4.0448E-01
5.6234E+00 0.85 2.7238E-01
6.3096E+00 0.85 1.8107E-01
7.0795E+00 0.85 1.2261E-01
7.9433E+00 0.85 8.4072E-02
8.9125E+00 0.85 5.6805E-02
1.0000E+01 0.85 3.7437E-02
1.1220E+01 0.85 2.5095E-02
1.2589E+01 0.85 1.6876E-02
1.4125E+01 0.85 1.1408E-02
1.5849E+01 0.85 7.5258E-03
1.7783E+01 0.85 4.9146E-03
1.9953E+01 0.85 3.3653E-03
2.2387E+01 0.85 2.2166E-03
2.5119E+01 0.85 1.5180E-03
2.8184E+01 0.85 1.0385E-03
3.1623E+01 0.85 6.5571E-04
3.5481E+01 0.85 4.3748E-04
3.9811E+01 0.85 2.9173E-04
4.4668E+01 0.85 1.9488E-04
5.0119E+01 0.85 1.3274E-04
5.6234E+01 0.85 8.9793E-05
6.3096E+01 0.85 6.0163E-05
7.0795E+01 0.85 4.1253E-05
7.9433E+01 0.85 2.7940E-05
8.9125E+01 0.85 1.8234E-05
1.0000E+02 0.85 1.2541E-05
1.1220E+02 0.85 8.5718E-06
1.2589E+02 0.85 5.8242E-06
1.4125E+02 0.85 3.8169E-06
1.5849E+02 0.85 2.5797E-06
1.7783E+02 0.85 1.7505E-06
1.9953E+02 0.85 1.1869E-06
2.2387E+02 0.85 8.0957E-07
2.5119E+02 0.85 5.3671E-07
2.8184E+02 0.85 3.6948E-07
3.1623E+02 0.85 2.5070E-07
3.5481E+02 0.85 1.6742E-07
3.9811E+02 0.85 1.1113E-07
4.4668E+02 0.85 7.4235E-08
5.0119E+02 0.85 5.2592E-08
5.6234E+02 0.85 3.4511E-08
6.3096E+02 0.85 2.2624E-08
7.0795E+02 0.85 1.5340E-08
7.9433E+02 0.85 1.0337E-08
8.9125E+02 0.85 6.8455E-09
1.0000E+03 0.85 4.6756E-09
1.1220E+03 0.85 3.0296E-09
1.2589E+03 0.85 2.0615E-09
1.4125E+03 0.85 1.3467E-09
1.5849E+03 0.85 8.9091E-10
1.7783E+03 0.85 5.7193E-10
1.9953E+03 0.85 3.6147E-10
2.2387E+03 0.85 2.2562E-10
2.5119E+03 0.85 1.4954E-10
2.8184E+03 0.85 1.0644E-10
3.1623E+03 0.85 7.0693E-11
3.5481E+03 0.85 4.6080E-11
3.9811E+03 0.85 3.1867E-11
4.4668E+03 0.85 2.1544E-11
5.0119E+03 0.85 1.4255E-11
5.6234E+03 0.85 7.7477E-12
6.3096E+03 0.85 5.5982E-12
7.0795E+03 0.85 3.7678E-12
7.9433E+03 0.85 2.4690E-12
8.9125E+03 0.85 1.3787E-12
1.0000E+04 0.85 9.9870E-13
1.0000E-01 0.75 2.1601E+03
1.1220E-01 0.75 1.9443E+03
1.2589E-01 0.75 1.7358E+03
1.4125E-01 0.75 1.5373E+03
1.5849E-01 0.75 1.3515E+03
1.7783E-01 0.75 1.1745E+03
1.9953E-01 0.75 1.0115E+03
2.2387E-01 0.75 8.6521E+02
2.5119E-01 0.75 7.3309E+02
2.8184E-01 0.75 6.1334E+02
3.1623E-01 0.75 5.0856E+02
3.5481E-01 0.75 4.1955E+02
3.9811E-01 0.75 3.4255E+02
4.4668E-01 0.75 2.7785E+02
5.0119E-01 0.75 2.2316E+02
5.6234E-01 0.75 1.7623E+02
6.3096E-01 0.75 1.3870E+02
7.0795E-01 0.75 1.0844E+02
7.9433E-01 0.75 8.4208E+01
8.9125E-01 0.75 6.4361E+01
1.0000E+00 0.75 4.8876E+01
1.1220E+00 0.75 3.7145E+01
1.2589E+00 0.75 2.7628E+01
1.4125E+00 0.75 2.0273E+01
1.5849E+00 0.75 1.4942E+01
1.7783E+00 0.75 1.0872E+01
1.9953E+00 0.75 7.8571E+00
2.2387E+00 0.75 5.6850E+00
2.5119E+00 0.75 4.0542E+00
2.8184E+00 0.75 2.8544E+00
3.1623E+00 0.75 1.9650E+00
3.5481E+00 0.75 1.3648E+00
3.9811E+00 0.75 9.4966E-01
4.4668E+00 0.75 6.5115E-01
5.0119E+00 0.75 4.4028E-01
5.6234E+00 0.75 3.0074E-01
6.3096E+00 0.75 2.0625E-01
7.0795E+00 0.75 1.3902E-01
7.9433E+00 0.75 9.2570E-02
8.9125E+00 0.75 6.1260E-02
1.0000E+01 0.75 4.1647E-02
1.1220E+01 0.75 2.8161E-02
1.2589E+01 0.75 1.8951E-02
1.4125E+01 0.75 1.2427E-02
1.5849E+01 0.75 8.2703E-03
1.7783E+01 0.75 5.5457E-03
1.9953E+01 0.75 3.7552E-03
2.2387E+01 0.75 2.5235E-03
2.5119E+01 0.75 1.6900E-03
2.8184E+01 0.75 1.1499E-03
3.1623E+01 0.75 7.4808E-04
3.5481E+01 0.75 5.0191E-04
3.9811E+01 0.75 3.3598E-04
4.4668E+01 0.75 2.2454E-04
5.0119E+01 0.75 1.4979E-04
5.6234E+01 0.75 1.0233E-04
6.3096E+01 0.75 6.8948E-05
7.0795E+01 0.75 4.5863E-05
7.9433E+01 0.75 3.0092E-05
8.9125E+01 0.75 1.9915E-05
1.0000E+02 0.75 1.4027E-05
1.1220E+02 0.75 9.3979E-06
1.2589E+02 0.75 6.2972E-06
1.4125E+02 0.75 4.3309E-06
1.5849E+02 0.75 2.9254E-06
1.7783E+02 0.75 1.9667E-06
1.9953E+02 0.75 1.2850E-06
2.2387E+02 0.75 8.7544E-07
2.5119E+02 0.75 6.2326E-07
2.8184E+02 0.75 4.0696E-07
3.1623E+02 0.75 2.7614E-07
3.5481E+02 0.75 1.8507E-07
3.9811E+02 0.75 1.2373E-07
4.4668E+02 0.75 8.2565E-08
5.0119E+02 0.75 5.3432E-08
5.6234E+02 0.75 3.7412E-08
6.3096E+02 0.75 2.5085E-08
7.0795E+02 0.75 1.6727E-08
7.9433E+02 0.75 1.0986E-08
8.9125E+02 0.75 7.4678E-09
1.0000E+03 0.75 5.2570E-09
1.1220E+03 0.75 3.3889E-09
1.2589E+03 0.75 2.1419E-09
1.4125E+03 0.75 1.4128E-09
1.5849E+03 0.75 8.8237E-10
1.7783E+03 0.75 6.0489E-10
1.9953E+03 0.75 4.3049E-10
2.2387E+03 0.75 2.9858E-10
2.5119E+03 0.75 2.0462E-10
2.8184E+03 0.75 1.2802E-10
3.1623E+03 0.75 7.9294E-11
3.5481E+03 0.75 5.0769E-11
3.9811E+03 0.75 3.2533E-11
4.4668E+03 0.75 2.0714E-11
5.0119E+03 0.75 1.3205E-11
5.6234E+03 0.75 1.0081E-11
6.3096E+03 0.75 6.1433E-12
7.0795E+03 0.75 4.3727E-12
7.9433E+03 0.75 3.0658E-12
8.9125E+03 0.75 1.6089E-12
1.0000E+04 0.75 1.0585E-12
1.0000E-01 0.65 2.2348E+03
1.1220E-01 0.65 2.0058E+03
1.2589E-01 0.65 1.7823E+03
1.4125E-01 0.65 1.5720E+03
1.5849E-01 0.65 1.3832E+03
1.7783E-01 0.65 1.2018E+03
1.9953E-01 0.65 1.0282E+03
2.2387E-01 0.65 8.7130E+02
2.5119E-01 0.65 7.4286E+02
2.8184E-01 0.65 6.3013E+02
3.1623E-01 0.65 5.2532E+02
3.5481E-01 0.65 4.2981E+02
3.9811E-01 0.65 3.5002E+02
4.4668E-01 0.65 2.8426E+02
5.0119E-01 0.65 2.2978E+02
5.6234E-01 0.65 1.8358E+02
6.3096E-01 0.65 1.4539E+02
7.0795E-01 0.65 1.1355E+02
7.9433E-01 0.65 8.8427E+01
8.9125E-01 0.65 6.8754E+01
1.0000E+00 0.65 5.1971E+01
1.1220E+00 0.65 3.9138E+01
1.2589E+00 0.65 2.9063E+01
1.4125E+00 0.65 2.1663E+01
1.5849E+00 0.65 1.6111E+01
1.7783E+00 0.65 1.1790E+01
1.9953E+00 0.65 8.4846E+00
2.2387E+00 0.65 6.1410E+00
2.5119E+00 0.65 4.4165E+00
2.8184E+00 0.65 3.0904E+00
3.1623E+00 0.65 2.1887E+00
3.5481E+00 0.65 1.5156E+00
3.9811E+00 0.65 1.0573E+00
4.4668E+00 0.65 7.2902E-01
5.0119E+00 0.65 4.9449E-01
5.6234E+00 0.65 3.4418E-01
6.3096E+00 0.65 2.3773E-01
7.0795E+00 0.65 1.5839E-01
7.9433E+00 0.65 1.0590E-01
8.9125E+00 0.65 7.2405E-02
1.0000E+01 0.65 4.8142E-02
1.1220E+01 0.65 3.2256E-02
1.2589E+01 0.65 2.1583E-02
1.4125E+01 0.65 1.4408E-02
1.5849E+01 0.65 9.6166E-03
1.7783E+01 0.65 6.4545E-03
1.9953E+01 0.65 4.3083E-03
2.2387E+01 0.65 2.8540E-03
2.5119E+01 0.65 1.9136E-03
2.8184E+01 0.65 1.3294E-03
3.1623E+01 0.65 8.5847E-04
3.5481E+01 0.65 5.7705E-04
3.9811E+01 0.65 3.8157E-04
4.4668E+01 0.65 2.5662E-04
5.0119E+01 0.65 1.7460E-04
5.6234E+01 0.65 1.1885E-04
6.3096E+01 0.65 7.9413E-05
7.0795E+01 0.65 5.2573E-05
7.9433E+01 0.65 3.5068E-05
8.9125E+01 0.65 2.4107E-05
1.0000E+02 0.65 1.5944E-05
1.1220E+02 0.65 1.0624E-05
1.2589E+02 0.65 7.1702E-06
1.4125E+02 0.65 4.7202E-06
1.5849E+02 0.65 3.1438E-06
1.7783E+02 0.65 2.1368E-06
1.9953E+02 0.65 1.4539E-06
2.2387E+02 0.65 1.0047E-06
2.5119E+02 0.65 6.6118E-07
2.8184E+02 0.65 4.5475E-07
3.1623E+02 0.65 3.0576E-07
3.5481E+02 0.65 2.0345E-07
3.9811E+02 0.65 1.3979E-07
4.4668E+02 0.65 9.3728E-08
5.0119E+02 0.65 6.3558E-08
5.6234E+02 0.65 4.2969E-08
6.3096E+02 0.65 2.8703E-08
7.0795E+02 0.65 1.8947E-08
7.9433E+02 0.65 1.2520E-08
8.9125E+02 0.65 8.8023E-09
1.0000E+03 0.65 5.8958E-09
1.1220E+03 0.65 3.8425E-09
1.2589E+03 0.65 2.4441E-09
1.4125E+03 0.65 1.5899E-09
1.5849E+03 0.65 1.0728E-09
1.7783E+03 0.65 7.2651E-10
1.9953E+03 0.65 4.7376E-10
2.2387E+03 0.65 3.1123E-10
2.5119E+03 0.65 2.0033E-10
2.8184E+03 0.65 1.3342E-10
3.1623E+03 0.65 9.4819E-11
3.5481E+03 0.65 6.2891E-11
3.9811E+03 0.65 3.7516E-11
4.4668E+03 0.65 2.4254E-11
5.0119E+03 0.65 1.7009E-11
5.6234E+03 0.65 1.1022E-11
6.3096E+03 0.65 6.8583E-12
7.0795E+03 0.65 4.7006E-12
7.9433E+03 0.65 3.1421E-12
8.9125E+03 0.65 1.9366E-12
1.0000E+04 0.65 1.3298E-12
1.0000E-01 0.55 2.3324E+03
1.1220E-01 0.55 2.0812E+03
1.2589E-01 0.55 1.8495E+03
1.4125E-01 0.55 1.6260E+03
1.5849E-01 0.55 1.4179E+03
1.7783E-01 0.55 1.2278E+03
1.9953E-01 0.55 1.0578E+03
2.2387E-01 0.55 9.0456E+02
2.5119E-01 0.55 7.6702E+02
2.8184E-01 0.55 6.4706E+02
3.1623E-01 0.55 5.3547E+02
3.5481E-01 0.55 4.3901E+02
3.9811E-01 0.55 3.6020E+02
4.4668E-01 0.55 2.9511E+02
5.0119E-01 0.55 2.3977E+02
5.6234E-01 0.55 1.9055E+02
6.3096E-01 0.55 1.5213E+02
7.0795E-01 0.55 1.2038E+02
7.9433E-01 0.55 9.4265E+01
8.9125E-01 0.55 7.3683E+01
1.0000E+00 0.55 5.5699E+01
1.1220E+00 0.55 4.2579E+01
1.2589E+00 0.55 3.2269E+01
1.4125E+00 0.55 2.4025E+01
1.5849E+00 0.55 1.7673E+01
1.7783E+00 0.55 1.3041E+01
1.9953E+00 0.55 9.4599E+00
2.2387E+00 0.55 6.7426E+00
2.5119E+00 0.55 4.9041E+00
2.8184E+00 0.55 3.5003E+00
3.1623E+00 0.55 2.4455E+00
3.5481E+00 0.55 1.7191E+00
3.9811E+00 0.55 1.2057E+00
4.4668E+00 0.55 8.3065E-01
5.0119E+00 0.55 5.7448E-01
5.6234E+00 0.55 3.9585E-01
6.3096E+00 0.55 2.7131E-01
7.0795E+00 0.55 1.8528E-01
7.9433E+00 0.55 1.2641E-01
8.9125E+00 0.55 8.6126E-02
1.0000E+01 0.55 5.6918E-02
1.1220E+01 0.55 3.8183E-02
1.2589E+01 0.55 2.5524E-02
1.4125E+01 0.55 1.7187E-02
1.5849E+01 0.55 1.1520E-02
1.7783E+01 0.55 7.8267E-03
1.9953E+01 0.55 5.2020E-03
2.2387E+01 0.55 3.3884E-03
2.5119E+01 0.55 2.2641E-03
2.8184E+01 0.55 1.6087E-03
3.1623E+01 0.55 1.0300E-03
3.5481E+01 0.55 6.9616E-04
3.9811E+01 0.55 4.6400E-04
4.4668E+01 0.55 3.0566E-04
5.0119E+01 0.55 2.0502E-04
5.6234E+01 0.55 1.3605E-04
6.3096E+01 0.55 9.0035E-05
7.0795E+01 0.55 5.9834E-05
7.9433E+01 0.55 4.0301E-05
8.9125E+01 0.55 2.7681E-05
1.0000E+02 0.55 1.7957E-05
1.1220E+02 0.55 1.2074E-05
1.2589E+02 0.55 8.2063E-06
1.4125E+02 0.55 5.6250E-06
1.5849E+02 0.55 3.7832E-06
1.7783E+02 0.55 2.4751E-06
1.9953E+02 0.55 1.6861E-06
2.2387E+02 0.55 1.1270E-06
2.5119E+02 0.55 7.4933E-07
2.8184E+02 0.55 5.2920E-07
3.1623E+02 0.55 3.5016E-07
3.5481E+02 0.55 2.3432E-07
3.9811E+02 0.55 1.5901E-07
4.4668E+02 0.55 1.0610E-07
5.0119E+02 0.55 7.0838E-08
5.6234E+02 0.55 4.7455E-08
6.3096E+02 0.55 3.1909E-08
7.0795E+02 0.55 2.1734E-08
7.9433E+02 0.55 1.4380E-08
8.9125E+02 0.55 9.1372E-09
1.0000E+03 0.55 6.2167E-09
1.1220E+03 0.55 4.0403E-09
1.2589E+03 0.55 2.8126E-09
1.4125E+03 0.55 1.9233E-09
1.5849E+03 0.55 1.2965E-09
1.7783E+03 0.55 8.6818E-10
1.9953E+03 0.55 5.4651E-10
2.2387E+03 0.55 3.6728E-10
2.5119E+03 0.55 2.4075E-10
2.8184E+03 0.55 1.6247E-10
3.1623E+03 0.55 1.0674E-10
3.5481E+03 0.55 6.9725E-11
3.9811E+03 0.55 4.7036E-11
4.4668E+03 0.55 2.9952E-11
5.0119E+03 0.55 1.8448E-11
5.6234E+03 0.55 1.2202E-11
6.3096E+03 0.55 7.9803E-12
7.0795E+03 0.55 5.4087E-12
7.9433E+03 0.55 3.5526E-12
8.9125E+03 0.55 2.3525E-12
1.0000E+04 0.55 1.5791E-12
1.0000E-01 0.45 2.5166E+03
1.1220E-01 0.45 2.2476E+03
1.2589E-01 0.45 1.9708E+03
1.4125E-01 0.45 1.7219E+03
1.5849E-01 0.45 1.5026E+03
1.7783E-01 0.45 1.2934E+03
1.9953E-01 0.45 1.1088E+03
2.2387E-01 0.45 9.4647E+02
2.5119E-01 0.45 7.9089E+02
2.8184E-01 0.45 6.5980E+02
3.1623E-01 0.45 5.5457E+02
3.5481E-01 0.45 4.5821E+02
3.9811E-01 0.45 3.6951E+02
4.4668E-01 0.45 3.0434E+02
5.0119E-01 0.45 2.5065E+02
5.6234E-01 0.45 1.9969E+02
6.3096E-01 0.45 1.5836E+02
7.0795E-01 0.45 1.2517E+02
7.9433E-01 0.45 9.8035E+01
8.9125E-01 0.45 7.6199E+01
1.0000E+00 0.45 5.9195E+01
1.1220E+00 0.45 4.5296E+01
1.2589E+00 0.45 3.4546E+01
1.4125E+00 0.45 2.6096E+01
1.5849E+00 0.45 1.9171E+01
1.7783E+00 0.45 1.4156E+01
1.9953E+00 0.45 1.0475E+01
2.2387E+00 0.45 7.5897E+00
2.5119E+00 0.45 5.5664E+00
2.8184E+00 0.45 3.9760E+00
3.1623E+00 0.45 2.8060E+00
3.5481E+00 0.45 1.9826E+00
3.9811E+00 0.45 1.3732E+00
4.4668E+00 0.45 9.5014E-01
5.0119E+00 0.45 6.6279E-01
5.6234E+00 0.45 4.6104E-01
6.3096E+00 0.45 3.1689E-01
7.0795E+00 0.45 2.1525E-01
7.9433E+00 0.45 1.4739E-01
8.9125E+00 0.45 1.0139E-01
1.0000E+01 0.45 6.7334E-02
1.1220E+01 0.45 4.5120E-02
1.2589E+01 0.45 3.1004E-02
1.4125E+01 0.45 2.1190E-02
1.5849E+01 0.45 1.4124E-02
1.7783E+01 0.45 9.5828E-03
1.9953E+01 0.45 6.4426E-03
2.2387E+01 0.45 4.1539E-03
2.5119E+01 0.45 2.7504E-03
2.8184E+01 0.45 1.7908E-03
3.1623E+01 0.45 1.2720E-03
3.5481E+01 0.45 8.4139E-04
3.9811E+01 0.45 5.5937E-04
4.4668E+01 0.45 3.7481E-04
5.0119E+01 0.45 2.5128E-04
5.6234E+01 0.45 1.6500E-04
6.3096E+01 0.45 1.0967E-04
7.0795E+01 0.45 7.4793E-05
7.9433E+01 0.45 4.9773E-05
8.9125E+01 0.45 3.3751E-05
1.0000E+02 0.45 2.2072E-05
1.1220E+02 0.45 1.4649E-05
1.2589E+02 0.45 9.8495E-06
1.4125E+02 0.45 6.5953E-06
1.5849E+02 0.45 4.3647E-06
1.7783E+02 0.45 2.9469E-06
1.9953E+02 0.45 2.0146E-06
2.2387E+02 0.45 1.3857E-06
2.5119E+02 0.45 8.9433E-07
2.8184E+02 0.45 5.9949E-07
3.1623E+02 0.45 4.0755E-07
3.5481E+02 0.45 2.7598E-07
3.9811E+02 0.45 1.8453E-07
4.4668E+02 0.45 1.2162E-07
5.0119E+02 0.45 8.3621E-08
5.6234E+02 0.45 5.6298E-08
6.3096E+02 0.45 3.7356E-08
7.0795E+02 0.45 2.4603E-08
7.9433E+02 0.45 1.6533E-08
8.9125E+02 0.45 1.1530E-08
1.0000E+03 0.45 7.9098E-09
1.1220E+03 0.45 5.2337E-09
1.2589E+03 0.45 3.3693E-09
1.4125E+03 0.45 2.3044E-09
1.5849E+03 0.45 1.5339E-09
1.7783E+03 0.45 9.9305E-10
1.9953E+03 0.45 6.3442E-10
2.2387E+03 0.45 4.3399E-10
2.5119E+03 0.45 2.8872E-10
2.8184E+03 0.45 1.8495E-10
3.1623E+03 0.45 1.2711E-10
3.5481E+03 0.45 8.1960E-11
3.9811E+03 0.45 5.3799E-11
4.4668E+03 0.45 3.4212E-11
5.0119E+03 0.45 2.3280E-11
5.6234E+03 0.45 1.6295E-11
6.3096E+03 0.45 1.0174E-11
7.0795E+03 0.45 6.3959E-12
7.9433E+03 0.45 4.2908E-12
8.9125E+03 0.45 3.3324E-12
1.0000E+04 0.45 2.0437E-12
1.0000E-01 0.35 2.7853E+03
1.1220E-01 0.35 2.4451E+03
1.2589E-01 0.35 2.1511E+03
1.4125E-01 0.35 1.8578E+03
1.5849E-01 0.35 1.5889E+03
1.7783E-01 0.35 1.3718E+03
1.9953E-01 0.35 1.1712E+03
2.2387E-01 0.35 9.9064E+02
2.5119E-01 0.35 8.4353E+02
2.8184E-01 0.35 7.0493E+02
3.1623E-01 0.35 5.7655E+02
3.5481E-01 0.35 4.7531E+02
3.9811E-01 0.35 3.9019E+02
4.4668E-01 0.35 3.1397E+02
5.0119E-01 0.35 2.5325E+02
5.6234E-01 0.35 2.0549E+02
6.3096E-01 0.35 1.6351E+02
7.0795E-01 0.35 1.3133E+02
7.9433E-01 0.35 1.0501E+02
8.9125E-01 0.35 8.1883E+01
1.0000E+00 0.35 6.3073E+01
1.1220E+00 0.35 4.8450E+01
1.2589E+00 0.35 3.6911E+01
1.4125E+00 0.35 2.7956E+01
1.5849E+00 0.35 2.1119E+01
1.7783E+00 0.35 1.5880E+01
1.9953E+00 0.35 1.1678E+01
2.2387E+00 0.35 8.5492E+00
2.5119E+00 0.35 6.2889E+00
2.8184E+00 0.35 4.5834E+00
3.1623E+00 0.35 3.2180E+00
3.5481E+00 0.35 2.2758E+00
3.9811E+00 0.35 1.5872E+00
4.4668E+00 0.35 1.1288E+00
5.0119E+00 0.35 7.9859E-01
5.6234E+00 0.35 5.4244E-01
6.3096E+00 0.35 3.7545E-01
7.0795E+00 0.35 2.6499E-01
7.9433E+00 0.35 1.7925E-01
8.9125E+00 0.35 1.1965E-01
1.0000E+01 0.35 8.3290E-02
1.1220E+01 0.35 5.6675E-02
1.2589E+01 0.35 3.7564E-02
1.4125E+01 0.35 2.5236E-02
1.5849E+01 0.35 1.7535E-02
1.7783E+01 0.35 1.1921E-02
1.9953E+01 0.35 7.9280E-03
2.2387E+01 0.35 5.2492E-03
2.5119E+01 0.35 3.6229E-03
2.8184E+01 0.35 2.4565E-03
3.1623E+01 0.35 1.6196E-03
3.5481E+01 0.35 1.0778E-03
3.9811E+01 0.35 7.2366E-04
4.4668E+01 0.35 4.8927E-04
5.0119E+01 0.35 3.2530E-04
5.6234E+01 0.35 2.1495E-04
6.3096E+01 0.35 1.4328E-04
7.0795E+01 0.35 9.5925E-05
7.9433E+01 0.35 6.3435E-05
8.9125E+01 0.35 4.1766E-05
1.0000E+02 0.35 2.8358E-05
1.1220E+02 0.35 1.8748E-05
1.2589E+02 0.35 1.2573E-05
1.4125E+02 0.35 8.3640E-06
1.5849E+02 0.35 5.6165E-06
1.7783E+02 0.35 3.7363E-06
1.9953E+02 0.35 2.5206E-06
2.2387E+02 0.35 1.7047E-06
2.5119E+02 0.35 1.1193E-06
2.8184E+02 0.35 7.3725E-07
3.1623E+02 0.35 4.9948E-07
3.5481E+02 0.35 3.3646E-07
3.9811E+02 0.35 2.2585E-07
4.4668E+02 0.35 1.5139E-07
5.0119E+02 0.35 1.0189E-07
5.6234E+02 0.35 6.8838E-08
6.3096E+02 0.35 4.6993E-08
7.0795E+02 0.35 3.1544E-08
7.9433E+02 0.35 2.0417E-08
8.9125E+02 0.35 1.3133E-08
1.0000E+03 0.35 9.3124E-09
1.1220E+03 0.35 6.4253E-09
1.2589E+03 0.35 4.2093E-09
1.4125E+03 0.35 2.7991E-09
1.5849E+03 0.35 1.8718E-09
1.7783E+03 0.35 1.2957E-09
1.9953E+03 0.35 8.4327E-10
2.2387E+03 0.35 5.4886E-10
2.5119E+03 0.35 3.6102E-10
2.8184E+03 0.35 2.4013E-10
3.1623E+03 0.35 1.5627E-10
3.5481E+03 0.35 1.0352E-10
3.9811E+03 0.35 7.1088E-11
4.4668E+03 0.35 4.7483E-11
5.0119E+03 0.35 2.9918E-11
5.6234E+03 0.35 1.8840E-11
6.3096E+03 0.35 1.2723E-11
7.0795E+03 0.35 8.4330E-12
7.9433E+03 0.35 5.3457E-12
8.9125E+03 0.35 3.4842E-12
1.0000E+04 0.35 2.1722E-12
1.0000E-01 0.25 3.3329E+03
1.1220E-01 0.25 2.9164E+03
1.2589E-01 0.25 2.5172E+03
1.4125E-01 0.25 2.1463E+03
1.5849E-01 0.25 1.8229E+03
1.7783E-01 0.25 1.5538E+03
1.9953E-01 0.25 1.3177E+03
2.2387E-01 0.25 1.1018E+03
2.5119E-01 0.25 9.1481E+02
2.8184E-01 0.25 7.5201E+02
3.1623E-01 0.25 6.1543E+02
3.5481E-01 0.25 5.0843E+02
3.9811E-01 0.25 4.1593E+02
4.4668E-01 0.25 3.3601E+02
5.0119E-01 0.25 2.7538E+02
5.6234E-01 0.25 2.2056E+02
6.3096E-01 0.25 1.7568E+02
7.0795E-01 0.25 1.4027E+02
7.9433E-01 0.25 1.0981E+02
8.9125E-01 0.25 8.6968E+01
1.0000E+00 0.25 6.7149E+01
1.1220E+00 0.25 5.2507E+01
1.2589E+00 0.25 4.0001E+01
1.4125E+00 0.25 3.0189E+01
1.5849E+00 0.25 2.2954E+01
1.7783E+00 0.25 1.7370E+01
1.9953E+00 0.25 1.2971E+01
2.2387E+00 0.25 9.5953E+00
2.5119E+00 0.25 7.0845E+00
2.8184E+00 0.25 5.0547E+00
3.1623E+00 0.25 3.6600E+00
3.5481E+00 0.25 2.6623E+00
3.9811E+00 0.25 1.9169E+00
4.4668E+00 0.25 1.3465E+00
5.0119E+00 0.25 9.4070E-01
5.6234E+00 0.25 6.5620E-01
6.3096E+00 0.25 4.5116E-01
7.0795E+00 0.25 3.1591E-01
7.9433E+00 0.25 2.2235E-01
8.9125E+00 0.25 1.5754E-01
1.0000E+01 0.25 1.0684E-01
1.1220E+01 0.25 7.2533E-02
1.2589E+01 0.25 4.9749E-02
1.4125E+01 0.25 3.3307E-02
1.5849E+01 0.25 2.2465E-02
1.7783E+01 0.25 1.5175E-02
1.9953E+01 0.25 1.0205E-02
2.2387E+01 0.25 7.0891E-03
2.5119E+01 0.25 4.8953E-03
2.8184E+01 0.25 3.1754E-03
3.1623E+01 0.25 2.2169E-03
3.5481E+01 0.25 1.4846E-03
3.9811E+01 0.25 9.9616E-04
4.4668E+01 0.25 6.6401E-04
5.0119E+01 0.25 4.4438E-04
5.6234E+01 0.25 3.0136E-04
6.3096E+01 0.25 2.0068E-04
7.0795E+01 0.25 1.3314E-04
7.9433E+01 0.25 8.7877E-05
8.9125E+01 0.25 5.8304E-05
1.0000E+02 0.25 3.8965E-05
1.1220E+02 0.25 2.5816E-05
1.2589E+02 0.25 1.7167E-05
1.4125E+02 0.25 1.1414E-05
1.5849E+02 0.25 7.5781E-06
1.7783E+02 0.25 5.0346E-06
1.9953E+02 0.25 3.3541E-06
2.2387E+02 0.25 2.2370E-06
2.5119E+02 0.25 1.4826E-06
2.8184E+02 0.25 1.0061E-06
3.1623E+02 0.25 6.6808E-07
3.5481E+02 0.25 4.4373E-07
3.9811E+02 0.25 2.9904E-07
4.4668E+02 0.25 1.9954E-07
5.0119E+02 0.25 1.3071E-07
5.6234E+02 0.25 8.8709E-08
6.3096E+02 0.25 6.0245E-08
7.0795E+02 0.25 3.9620E-08
7.9433E+02 0.25 2.6490E-08
8.9125E+02 0.25 1.7885E-08
1.0000E+03 0.25 1.2090E-08
1.1220E+03 0.25 8.0097E-09
1.2589E+03 0.25 5.3250E-09
1.4125E+03 0.25 3.6041E-09
1.5849E+03 0.25 2.4191E-09
1.7783E+03 0.25 1.5875E-09
1.9953E+03 0.25 1.0801E-09
2.2387E+03 0.25 7.1196E-10
2.5119E+03 0.25 4.3050E-10
2.8184E+03 0.25 2.9709E-10
3.1623E+03 0.25 2.1739E-10
3.5481E+03 0.25 1.3226E-10
3.9811E+03 0.25 8.7016E-11
4.4668E+03 0.25 6.0491E-11
5.0119E+03 0.25 4.0552E-11
5.6234E+03 0.25 2.6232E-11
6.3096E+03 0.25 1.6879E-11
7.0795E+03 0.25 1.1068E-11
7.9433E+03 0.25 7.2821E-12
8.9125E+03 0.25 4.6448E-12
1.0000E+04 0.25 2.9379E-12
1.0000E-01 0.15 4.3967E+03
1.1220E-01 0.15 3.7939E+03
1.2589E-01 0.15 3.1926E+03
1.4125E-01 0.15 2.7182E+03
1.5849E-01 0.15 2.2946E+03
1.7783E-01 0.15 1.9209E+03
1.9953E-01 0.15 1.6001E+03
2.2387E-01 0.15 1.3133E+03
2.5119E-01 0.15 1.0795E+03
2.8184E-01 0.15 8.8784E+02
3.1623E-01 0.15 7.2198E+02
3.5481E-01 0.15 5.7743E+02
3.9811E-01 0.15 4.5816E+02
4.4668E-01 0.15 3.7000E+02
5.0119E-01 0.15 2.9818E+02
5.6234E-01 0.15 2.3421E+02
6.3096E-01 0.15 1.8604E+02
7.0795E-01 0.15 1.5131E+02
7.9433E-01 0.15 1.1686E+02
8.9125E-01 0.15 8.9955E+01
1.0000E+00 0.15 7.0449E+01
1.1220E+00 0.15 5.4225E+01
1.2589E+00 0.15 4.2128E+01
1.4125E+00 0.15 3.2731E+01
1.5849E+00 0.15 2.4910E+01
1.7783E+00 0.15 1.8241E+01
1.9953E+00 0.15 1.4005E+01
2.2387E+00 0.15 1.0766E+01
2.5119E+00 0.15 7.7706E+00
2.8184E+00 0.15 5.7197E+00
3.1623E+00 0.15 4.1986E+00
3.5481E+00 0.15 3.0621E+00
3.9811E+00 0.15 2.2403E+00
4.4668E+00 0.15 1.6013E+00
5.0119E+00 0.15 1.1167E+00
5.6234E+00 0.15 7.9234E-01
6.3096E+00 0.15 5.6117E-01
7.0795E+00 0.15 3.8712E-01
7.9433E+00 0.15 2.8525E-01
8.9125E+00 0.15 2.0544E-01
1.0000E+01 0.15 1.3570E-01
1.1220E+01 0.15 9.4451E-02
1.2589E+01 0.15 6.6796E-02
1.4125E+01 0.15 4.5434E-02
1.5849E+01 0.15 3.0924E-02
1.7783E+01 0.15 2.2121E-02
1.9953E+01 0.15 1.5153E-02
2.2387E+01 0.15 1.0133E-02
2.5119E+01 0.15 6.7400E-03
2.8184E+01 0.15 4.7686E-03
3.1623E+01 0.15 3.2875E-03
3.5481E+01 0.15 2.2333E-03
3.9811E+01 0.15 1.5086E-03
4.4668E+01 0.15 1.0168E-03
5.0119E+01 0.15 6.8427E-04
5.6234E+01 0.15 4.5766E-04
6.3096E+01 0.15 3.0553E-04
7.0795E+01 0.15 2.0651E-04
7.9433E+01 0.15 1.3567E-04
8.9125E+01 0.15 9.1498E-05
1.0000E+02 0.15 6.1974E-05
1.1220E+02 0.15 4.0936E-05
1.2589E+02 0.15 2.6881E-05
1.4125E+02 0.15 1.7734E-05
1.5849E+02 0.15 1.1792E-05
1.7783E+02 0.15 7.8550E-06
1.9953E+02 0.15 5.2811E-06
2.2387E+02 0.15 3.5035E-06
2.5119E+02 0.15 2.2531E-06
2.8184E+02 0.15 1.5221E-06
3.1623E+02 0.15 1.0094E-06
3.5481E+02 0.15 6.6307E-07
3.9811E+02 0.15 4.4630E-07
4.4668E+02 0.15 2.9307E-07
5.0119E+02 0.15 1.9141E-07
5.6234E+02 0.15 1.2945E-07
6.3096E+02 0.15 8.5587E-08
7.0795E+02 0.15 5.6674E-08
7.9433E+02 0.15 3.8038E-08
8.9125E+02 0.15 2.5165E-08
1.0000E+03 0.15 1.6802E-08
1.1220E+03 0.15 1.1357E-08
1.2589E+03 0.15 7.4993E-09
1.4125E+03 0.15 4.8410E-09
1.5849E+03 0.15 3.2445E-09
1.7783E+03 0.15 2.1107E-09
1.9953E+03 0.15 1.4763E-09
2.2387E+03 0.15 1.0232E-09
2.5119E+03 0.15 6.7795E-10
2.8184E+03 0.15 4.5355E-10
3.1623E+03 0.15 2.9837E-10
3.5481E+03 0.15 1.9202E-10
3.9811E+03 0.15 1.2976E-10
4.4668E+03 0.15 8.6234E-11
5.0119E+03 0.15 5.7777E-11
5.6234E+03 0.15 3.8328E-11
6.3096E+03 0.15 2.4256E-11
7.0795E+03 0.15 1.5836E-11
7.9433E+03 0.15 1.0315E-11
8.9125E+03 0.15 6.6430E-12
1.0000E+04 0.15 4.2349E-12
1.0000E-01 0.05 6.7386E+03
1.1220E-01 0.05 5.6542E+03
1.2589E-01 0.05 4.7951E+03
1.4125E-01 0.05 3.9655E+03
1.5849E-01 0.05 3.2803E+03
1.7783E-01 0.05 2.6906E+03
1.9953E-01 0.05 2.2037E+03
2.2387E-01 0.05 1.7979E+03
2.5119E-01 0.05 1.4114E+03
2.8184E-01 0.05 1.1220E+03
3.1623E-01 0.05 9.1419E+02
3.5481E-01 0.05 7.4317E+02
3.9811E-01 0.05 5.7072E+02
4.4668E-01 0.05 4.3678E+02
5.0119E-01 0.05 3.4486E+02
5.6234E-01 0.05 2.6930E+02
6.3096E-01 0.05 2.1355E+02
7.0795E-01 0.05 1.6520E+02
7.9433E-01 0.05 1.2587E+02
8.9125E-01 0.05 1.0375E+02
1.0000E+00 0.05 8.0627E+01
1.1220E+00 0.05 6.0522E+01
1.2589E+00 0.05 4.6000E+01
1.4125E+00 0.05 3.5301E+01
1.5849E+00 0.05 2.6322E+01
1.7783E+00 0.05 1.9742E+01
1.9953E+00 0.05 1.4661E+01
2.2387E+00 0.05 1.0982E+01
2.5119E+00 0.05 8.6034E+00
2.8184E+00 0.05 6.3981E+00
3.1623E+00 0.05 4.6480E+00
3.5481E+00 0.05 3.4268E+00
3.9811E+00 0.05 2.5623E+00
4.4668E+00 0.05 1.8405E+00
5.0119E+00 0.05 1.3176E+00
5.6234E+00 0.05 9.6114E-01
6.3096E+00 0.05 6.7704E-01
7.0795E+00 0.05 4.9467E-01
7.9433E+00 0.05 3.7777E-01
8.9125E+00 0.05 2.5765E-01
1.0000E+01 0.05 1.7473E-01
1.1220E+01 0.05 1.2505E-01
1.2589E+01 0.05 8.4358E-02
1.4125E+01 0.05 6.0705E-02
1.5849E+01 0.05 4.5092E-02
1.7783E+01 0.05 3.1567E-02
1.9953E+01 0.05 2.1596E-02
2.2387E+01 0.05 1.5702E-02
2.5119E+01 0.05 1.1121E-02
2.8184E+01 0.05 7.4060E-03
3.1623E+01 0.05 5.0241E-03
3.5481E+01 0.05 3.4717E-03
3.9811E+01 0.05 2.3908E-03
4.4668E+01 0.05 1.6316E-03
5.0119E+01 0.05 1.1135E-03
5.6234E+01 0.05 7.6378E-04
6.3096E+01 0.05 5.2191E-04
7.0795E+01 0.05 3.5127E-04
7.9433E+01 0.05 2.3572E-04
8.9125E+01 0.05 1.6091E-04
1.0000E+02 0.05 1.0787E-04
1.1220E+02 0.05 7.2238E-05
1.2589E+02 0.05 4.8218E-05
1.4125E+02 0.05 3.2305E-05
1.5849E+02 0.05 2.1438E-05
1.7783E+02 0.05 1.4209E-05
1.9953E+02 0.05 9.3356E-06
2.2387E+02 0.05 6.1816E-06
2.5119E+02 0.05 4.0780E-06
2.8184E+02 0.05 2.6907E-06
3.1623E+02 0.05 1.7966E-06
3.5481E+02 0.05 1.1825E-06
3.9811E+02 0.05 7.8040E-07
4.4668E+02 0.05 5.1618E-07
5.0119E+02 0.05 3.4177E-07
5.6234E+02 0.05 2.2124E-07
6.3096E+02 0.05 1.4581E-07
7.0795E+02 0.05 9.6738E-08
7.9433E+02 0.05 6.3316E-08
8.9125E+02 0.05 4.1733E-08
1.0000E+03 0.05 2.7550E-08
1.1220E+03 0.05 1.8215E-08
1.2589E+03 0.05 1.1842E-08
1.4125E+03 0.05 7.7996E-09
1.5849E+03 0.05 5.0976E-09
1.7783E+03 0.05 3.2981E-09
1.9953E+03 0.05 2.2953E-09
2.2387E+03 0.05 1.4688E-09
2.5119E+03 0.05 9.8131E-10
2.8184E+03 0.05 6.7412E-10
3.1623E+03 0.05 4.2413E-10
3.5481E+03 0.05 2.8541E-10
3.9811E+03 0.05 1.9491E-10
4.4668E+03 0.05 1.2587E-10
5.0119E+03 0.05 8.3445E-11
5.6234E+03 0.05 5.5649E-11
6.3096E+03 0.05 3.6587E-11
7.0795E+03 0.05 2.4228E-11
7.9433E+03 0.05 1.5582E-11
8.9125E+03 0.05 1.0248E-11
1.0000E+04 0.05 7.1734E-12
1.0000E-01 -0.05 5.5019E+03
1.1220E-01 -0.05 4.6635E+03
1.2589E-01 -0.05 3.8924E+03
1.4125E-01 -0.05 3.1989E+03
1.5849E-01 -0.05 2.6231E+03
1.7783E-01 -0.05 2.1402E+03
1.9953E-01 -0.05 1.7511E+03
2.2387E-01 -0.05 1.4140E+03
2.5119E-01 -0.05 1.1312E+03
2.8184E-01 -0.05 9.2252E+02
3.1623E-01 -0.05 7.2620E+02
3.5481E-01 -0.05 5.7334E+02
3.9811E-01 -0.05 4.5279E+02
4.4668E-01 -0.05 3.5652E+02
5.0119E-01 -0.05 2.8336E+02
5.6234E-01 -0.05 2.2420E+02
6.3096E-01 -0.05 1.7702E+02
7.0795E-01 -0.05 1.3860E+02
7.9433E-01 -0.05 1.0811E+02
8.9125E-01 -0.05 8.3565E+01
1.0000E+00 -0.05 6.5635E+01
1.1220E+00 -0.05 5.1320E+01
1.2589E+00 -0.05 3.7611E+01
1.4125E+00 -0.05 2.9514E+01
1.5849E+00 -0.05 2.4324E+01
1.7783E+00 -0.05 1.7495E+01
1.9953E+00 -0.05 1.2458E+01
2.2387E+00 -0.05 1.0065E+01
2.5119E+00 -0.05 7.8647E+00
2.8184E+00 -0.05 5.8422E+00
3.1623E+00 -0.05 4.4074E+00
3.5481E+00 -0.05 3.2940E+00
3.9811E+00 -0.05 2.3727E+00
4.4668E+00 -0.05 1.7306E+00
5.0119E+00 -0.05 1.3207E+00
5.6234E+00 -0.05 9.6585E-01
6.3096E+00 -0.05 6.8176E-01
7.0795E+00 -0.05 4.8721E-01
7.9433E+00 -0.05 3.5835E-01
8.9125E+00 -0.05 2.4329E-01
1.0000E+01 -0.05 1.7458E-01
1.1220E+01 -0.05 1.2323E-01
1.2589E+01 -0.05 8.5582E-02
1.4125E+01 -0.05 6.2098E-02
1.5849E+01 -0.05 4.3535E-02
1.7783E+01 -0.05 3.0515E-02
1.9953E+01 -0.05 2.0621E-02
2.2387E+01 -0.05 1.4528E-02
2.5119E+01 -0.05 1.0633E-02
2.8184E+01 -0.05 7.6712E-03
3.1623E+01 -0.05 5.0957E-03
3.5481E+01 -0.05 3.4966E-03
3.9811E+01 -0.05 2.4066E-03
4.4668E+01 -0.05 1.6661E-03
5.0119E+01 -0.05 1.1442E-03
5.6234E+01 -0.05 7.7703E-04
6.3096E+01 -0.05 5.2961E-04
7.0795E+01 -0.05 3.6285E-04
7.9433E+01 -0.05 2.4468E-04
8.9125E+01 -0.05 1.6302E-04
1.0000E+02 -0.05 1.1015E-04
1.1220E+02 -0.05 7.3903E-05
1.2589E+02 -0.05 4.9627E-05
1.4125E+02 -0.05 3.3330E-05
1.5849E+02 -0.05 2.2273E-05
1.7783E+02 -0.05 1.4655E-05
1.9953E+02 -0.05 9.7793E-06
2.2387E+02 -0.05 6.5613E-06
2.5119E+02 -0.05 4.3231E-06
2.8184E+02 -0.05 2.8162E-06
3.1623E+02 -0.05 1.8703E-06
3.5481E+02 -0.05 1.2342E-06
3.9811E+02 -0.05 8.0828E-07
4.4668E+02 -0.05 5.3054E-07
5.0119E+02 -0.05 3.5164E-07
5.6234E+02 -0.05 2.3133E-07
6.3096E+02 -0.05 1.5100E-07
7.0795E+02 -0.05 9.9491E-08
7.9433E+02 -0.05 6.5900E-08
8.9125E+02 -0.05 4.3196E-08
1.0000E+03 -0.05 2.8156E-08
1.1220E+03 -0.05 1.8448E-08
1.2589E+03 -0.05 1.2060E-08
1.4125E+03 -0.05 7.9163E-09
1.5849E+03 -0.05 5.1866E-09
1.7783E+03 -0.05 3.3637E-09
1.9953E+03 -0.05 2.3110E-09
2.2387E+03 -0.05 1.5091E-09
2.5119E+03 -0.05 1.0231E-09
2.8184E+03 -0.05 6.5742E-10
3.1623E+03 -0.05 4.3243E-10
3.5481E+03 -0.05 2.9261E-10
3.9811E+03 -0.05 1.9320E-10
4.4668E+03 -0.05 1.2540E-10
5.0119E+03 -0.05 8.5170E-11
5.6234E+03 -0.05 5.6600E-11
6.3096E+03 -0.05 3.6336E-11
7.0795E+03 -0.05 2.3298E-11
7.9433E+03 -0.05 1.5130E-11
8.9125E+03 -0.05 1.0048E-11
1.0000E+04 -0.05 6.5435E-12
1.0000E-01 -0.15 2.8496E+03
1.1220E-01 -0.15 2.4300E+03
1.2589E-01 -0.15 2.0780E+03
1.4125E-01 -0.15 1.7533E+03
1.5849E-01 -0.15 1.4502E+03
1.7783E-01 -0.15 1.1858E+03
1.9953E-01 -0.15 9.6590E+02
2.2387E-01 -0.15 8.0871E+02
2.5119E-01 -0.15 6.6339E+02
2.8184E-01 -0.15 5.2750E+02
3.1623E-01 -0.15 4.2350E+02
3.5481E-01 -0.15 3.4178E+02
3.9811E-01 -0.15 2.8823E+02
4.4668E-01 -0.15 2.3363E+02
5.0119E-01 -0.15 1.8228E+02
5.6234E-01 -0.15 1.4612E+02
6.3096E-01 -0.15 1.1457E+02
7.0795E-01 -0.15 9.3750E+01
7.9433E-01 -0.15 7.6856E+01
8.9125E-01 -0.15 5.8456E+01
1.0000E+00 -0.15 4.6506E+01
1.1220E+00 -0.15 3.7109E+01
1.2589E+00 -0.15 2.9791E+01
1.4125E+00 -0.15 2.3284E+01
1.5849E+00 -0.15 1.7911E+01
1.7783E+00 -0.15 1.3925E+01
1.9953E+00 -0.15 1.0841E+01
2.2387E+00 -0.15 8.4034E+00
2.5119E+00 -0.15 6.4173E+00
2.8184E+00 -0.15 4.7021E+00
3.1623E+00 -0.15 3.5564E+00
3.5481E+00 -0.15 2.6681E+00
3.9811E+00 -0.15 1.9893E+00
4.4668E+00 -0.15 1.4671E+00
5.0119E+00 -0.15 1.0876E+00
5.6234E+00 -0.15 7.8494E-01
6.3096E+00 -0.15 5.3868E-01
7.0795E+00 -0.15 3.7884E-01
7.9433E+00 -0.15 2.6744E-01
8.9125E+00 -0.15 1.8829E-01
1.0000E+01 -0.15 1.3961E-01
1.1220E+01 -0.15 9.6455E-02
1.2589E+01 -0.15 6.8188E-02
1.4125E+01 -0.15 4.7501E-02
1.5849E+01 -0.15 3.1155E-02
1.7783E+01 -0.15 2.1225E-02
1.9953E+01 -0.15 1.5152E-02
2.2387E+01 -0.15 1.0005E-02
2.5119E+01 -0.15 6.7880E-03
2.8184E+01 -0.15 4.9508E-03
3.1623E+01 -0.15 3.3069E-03
3.5481E+01 -0.15 2.2481E-03
3.9811E+01 -0.15 1.5255E-03
4.4668E+01 -0.15 1.0310E-03
5.0119E+01 -0.15 6.9187E-04
5.6234E+01 -0.15 4.6175E-04
6.3096E+01 -0.15 3.1109E-04
7.0795E+01 -0.15 2.0939E-04
7.9433E+01 -0.15 1.4057E-04
8.9125E+01 -0.15 9.3331E-05
1.0000E+02 -0.15 6.2086E-05
1.1220E+02 -0.15 4.1071E-05
1.2589E+02 -0.15 2.7190E-05
1.4125E+02 -0.15 1.7972E-05
1.5849E+02 -0.15 1.2025E-05
1.7783E+02 -0.15 7.9426E-06
1.9953E+02 -0.15 5.2445E-06
2.2387E+02 -0.15 3.5181E-06
2.5119E+02 -0.15 2.3185E-06
2.8184E+02 -0.15 1.5232E-06
3.1623E+02 -0.15 1.0263E-06
3.5481E+02 -0.15 6.7417E-07
3.9811E+02 -0.15 4.4309E-07
4.4668E+02 -0.15 2.9258E-07
5.0119E+02 -0.15 1.9652E-07
5.6234E+02 -0.15 1.3207E-07
6.3096E+02 -0.15 8.7003E-08
7.0795E+02 -0.15 5.7727E-08
7.9433E+02 -0.15 3.8707E-08
8.9125E+02 -0.15 2.5502E-08
1.0000E+03 -0.15 1.6786E-08
1.1220E+03 -0.15 1.1307E-08
1.2589E+03 -0.15 7.4531E-09
1.4125E+03 -0.15 4.9603E-09
1.5849E+03 -0.15 3.2184E-09
1.7783E+03 -0.15 2.0804E-09
1.9953E+03 -0.15 1.4521E-09
2.2387E+03 -0.15 9.8592E-10
2.5119E+03 -0.15 6.7636E-10
2.8184E+03 -0.15 4.3310E-10
3.1623E+03 -0.15 2.8745E-10
3.5481E+03 -0.15 1.9174E-10
3.9811E+03 -0.15 1.2316E-10
4.4668E+03 -0.15 8.4187E-11
5.0119E+03 -0.15 5.4689E-11
5.6234E+03 -0.15 3.5861E-11
6.3096E+03 -0.15 2.3225E-11
7.0795E+03 -0.15 1.5325E-11
7.9433E+03 -0.15 1.0168E-11
8.9125E+03 -0.15 6.4054E-12
1.0000E+04 -0.15 4.3600E-12
1.0000E-01 -0.25 1.8970E+03
1.1220E-01 -0.25 1.6395E+03
1.2589E-01 -0.25 1.4161E+03
1.4125E-01 -0.25 1.2061E+03
1.5849E-01 -0.25 1.0204E+03
1.7783E-01 -0.25 8.6732E+02
1.9953E-01 -0.25 7.1600E+02
2.2387E-01 -0.25 5.9251E+02
2.5119E-01 -0.25 4.9542E+02
2.8184E-01 -0.25 4.0476E+02
3.1623E-01 -0.25 3.3475E+02
3.5481E-01 -0.25 2.7834E+02
3.9811E-01 -0.25 2.2399E+02
4.4668E-01 -0.25 1.7954E+02
5.0119E-01 -0.25 1.4731E+02
5.6234E-01 -0.25 1.2037E+02
6.3096E-01 -0.25 9.9425E+01
7.0795E-01 -0.25 8.1040E+01
7.9433E-01 -0.25 6.3597E+01
8.9125E-01 -0.25 5.0929E+01
1.0000E+00 -0.25 4.0558E+01
1.1220E+00 -0.25 3.2633E+01
1.2589E+00 -0.25 2.5654E+01
1.4125E+00 -0.25 1.9953E+01
1.5849E+00 -0.25 1.5661E+01
1.7783E+00 -0.25 1.2351E+01
1.9953E+00 -0.25 9.3353E+00
2.2387E+00 -0.25 7.0939E+00
2.5119E+00 -0.25 5.5012E+00
2.8184E+00 -0.25 4.1285E+00
3.1623E+00 -0.25 3.0291E+00
3.5481E+00 -0.25 2.2386E+00
3.9811E+00 -0.25 1.6110E+00
4.4668E+00 -0.25 1.1787E+00
5.0119E+00 -0.25 8.5060E-01
5.6234E+00 -0.25 6.0125E-01
6.3096E+00 -0.25 4.2731E-01
7.0795E+00 -0.25 3.0026E-01
7.9433E+00 -0.25 2.0789E-01
8.9125E+00 -0.25 1.4444E-01
1.0000E+01 -0.25 1.0556E-01
1.1220E+01 -0.25 7.2897E-02
1.2589E+01 -0.25 4.9444E-02
1.4125E+01 -0.25 3.3191E-02
1.5849E+01 -0.25 2.2596E-02
1.7783E+01 -0.25 1.5194E-02
1.9953E+01 -0.25 1.0363E-02
2.2387E+01 -0.25 6.9948E-03
2.5119E+01 -0.25 4.7179E-03
2.8184E+01 -0.25 3.2798E-03
3.1623E+01 -0.25 2.2300E-03
3.5481E+01 -0.25 1.4938E-03
3.9811E+01 -0.25 1.0049E-03
4.4668E+01 -0.25 6.7627E-04
5.0119E+01 -0.25 4.5140E-04
5.6234E+01 -0.25 3.0271E-04
6.3096E+01 -0.25 2.0177E-04
7.0795E+01 -0.25 1.3289E-04
7.9433E+01 -0.25 8.7728E-05
8.9125E+01 -0.25 5.8896E-05
1.0000E+02 -0.25 3.9350E-05
1.1220E+02 -0.25 2.6362E-05
1.2589E+02 -0.25 1.7518E-05
1.4125E+02 -0.25 1.1475E-05
1.5849E+02 -0.25 7.6303E-06
1.7783E+02 -0.25 5.0418E-06
1.9953E+02 -0.25 3.3194E-06
2.2387E+02 -0.25 2.2280E-06
2.5119E+02 -0.25 1.5057E-06
2.8184E+02 -0.25 1.0232E-06
3.1623E+02 -0.25 6.6423E-07
3.5481E+02 -0.25 4.4497E-07
3.9811E+02 -0.25 2.9448E-07
4.4668E+02 -0.25 1.9507E-07
5.0119E+02 -0.25 1.3054E-07
5.6234E+02 -0.25 8.8452E-08
6.3096E+02 -0.25 6.0654E-08
7.0795E+02 -0.25 3.9902E-08
7.9433E+02 -0.25 2.6573E-08
8.9125E+02 -0.25 1.8056E-08
1.0000E+03 -0.25 1.2184E-08
1.1220E+03 -0.25 8.0029E-09
1.2589E+03 -0.25 5.2715E-09
1.4125E+03 -0.25 3.5580E-09
1.5849E+03 -0.25 2.4109E-09
1.7783E+03 -0.25 1.5631E-09
1.9953E+03 -0.25 1.0185E-09
2.2387E+03 -0.25 7.1600E-10
2.5119E+03 -0.25 4.9407E-10
2.8184E+03 -0.25 3.1070E-10
3.1623E+03 -0.25 2.0552E-10
3.5481E+03 -0.25 1.3440E-10
3.9811E+03 -0.25 8.8933E-11
4.4668E+03 -0.25 6.0934E-11
5.0119E+03 -0.25 3.9269E-11
5.6234E+03 -0.25 2.4554E-11
6.3096E+03 -0.25 1.6665E-11
7.0795E+03 -0.25 1.0765E-11
7.9433E+03 -0.25 7.0570E-12
8.9125E+03 -0.25 4.4128E-12
1.0000E+04 -0.25 2.8315E-12
1.0000E-01 -0.35 1.6207E+03
1.1220E-01 -0.35 1.4350E+03
1.2589E-01 -0.35 1.2537E+03
1.4125E-01 -0.35 1.0735E+03
1.5849E-01 -0.35 9.2970E+02
1.7783E-01 -0.35 7.9762E+02
1.9953E-01 -0.35 6.7227E+02
2.2387E-01 -0.35 5.5593E+02
2.5119E-01 -0.35 4.6112E+02
2.8184E-01 -0.35 3.8593E+02
3.1623E-01 -0.35 3.2380E+02
3.5481E-01 -0.35 2.6952E+02
3.9811E-01 -0.35 2.2276E+02
4.4668E-01 -0.35 1.8356E+02
5.0119E-01 -0.35 1.4863E+02
5.6234E-01 -0.35 1.2169E+02
6.3096E-01 -0.35 9.7453E+01
7.0795E-01 -0.35 7.6956E+01
7.9433E-01 -0.35 6.1951E+01
8.9125E-01 -0.35 4.9438E+01
1.0000E+00 -0.35 3.9448E+01
1.1220E+00 -0.35 3.1249E+01
1.2589E+00 -0.35 2.4575E+01
1.4125E+00 -0.35 1.9367E+01
1.5849E+00 -0.35 1.5004E+01
1.7783E+00 -0.35 1.1524E+01
1.9953E+00 -0.35 8.6858E+00
2.2387E+00 -0.35 6.4695E+00
2.5119E+00 -0.35 4.9632E+00
2.8184E+00 -0.35 3.6947E+00
3.1623E+00 -0.35 2.6906E+00
3.5481E+00 -0.35 1.9732E+00
3.9811E+00 -0.35 1.4099E+00
4.4668E+00 -0.35 1.0180E+00
5.0119E+00 -0.35 7.3301E-01
5.6234E+00 -0.35 5.1602E-01
6.3096E+00 -0.35 3.6622E-01
7.0795E+00 -0.35 2.5849E-01
7.9433E+00 -0.35 1.7883E-01
8.9125E+00 -0.35 1.2089E-01
1.0000E+01 -0.35 8.1745E-02
1.1220E+01 -0.35 5.6684E-02
1.2589E+01 -0.35 3.8837E-02
1.4125E+01 -0.35 2.5858E-02
1.5849E+01 -0.35 1.7852E-02
1.7783E+01 -0.35 1.2251E-02
1.9953E+01 -0.35 8.1858E-03
2.2387E+01 -0.35 5.2379E-03
2.5119E+01 -0.35 3.4735E-03
2.8184E+01 -0.35 2.3866E-03
3.1623E+01 -0.35 1.6351E-03
3.5481E+01 -0.35 1.0866E-03
3.9811E+01 -0.35 7.2711E-04
4.4668E+01 -0.35 4.8866E-04
5.0119E+01 -0.35 3.2538E-04
5.6234E+01 -0.35 2.1589E-04
6.3096E+01 -0.35 1.4329E-04
7.0795E+01 -0.35 9.5496E-05
7.9433E+01 -0.35 6.3640E-05
8.9125E+01 -0.35 4.2005E-05
1.0000E+02 -0.35 2.8108E-05
1.1220E+02 -0.35 1.8836E-05
1.2589E+02 -0.35 1.2698E-05
1.4125E+02 -0.35 8.4844E-06
1.5849E+02 -0.35 5.6970E-06
1.7783E+02 -0.35 3.7687E-06
1.9953E+02 -0.35 2.4918E-06
2.2387E+02 -0.35 1.6538E-06
2.5119E+02 -0.35 1.1028E-06
2.8184E+02 -0.35 7.4097E-07
3.1623E+02 -0.35 5.0568E-07
3.5481E+02 -0.35 3.3757E-07
3.9811E+02 -0.35 2.2281E-07
4.4668E+02 -0.35 1.4823E-07
5.0119E+02 -0.35 1.0119E-07
5.6234E+02 -0.35 6.7151E-08
6.3096E+02 -0.35 4.5235E-08
7.0795E+02 -0.35 3.0347E-08
7.9433E+02 -0.35 2.0039E-08
8.9125E+02 -0.35 1.3480E-08
1.0000E+03 -0.35 9.1966E-09
1.1220E+03 -0.35 6.1537E-09
1.2589E+03 -0.35 4.0957E-09
1.4125E+03 -0.35 2.7416E-09
1.5849E+03 -0.35 1.8102E-09
1.7783E+03 -0.35 1.2566E-09
1.9953E+03 -0.35 8.3435E-10
2.2387E+03 -0.35 5.4119E-10
2.5119E+03 -0.35 3.6348E-10
2.8184E+03 -0.35 2.3903E-10
3.1623E+03 -0.35 1.5388E-10
3.5481E+03 -0.35 9.8393E-11
3.9811E+03 -0.35 6.4785E-11
4.4668E+03 -0.35 4.1780E-11
5.0119E+03 -0.35 2.6836E-11
5.6234E+03 -0.35 1.8277E-11
6.3096E+03 -0.35 1.2356E-11
7.0795E+03 -0.35 8.5511E-12
7.9433E+03 -0.35 5.5099E-12
8.9125E+03 -0.35 3.4606E-12
1.0000E+04 -0.35 2.1931E-12
1.0000E-01 -0.45 2.0226E+03
1.1220E-01 -0.45 1.7906E+03
1.2589E-01 -0.45 1.5659E+03
1.4125E-01 -0.45 1.3561E+03
1.5849E-01 -0.45 1.1772E+03
1.7783E-01 -0.45 1.0132E+03
1.9953E-01 -0.45 8.6493E+02
2.2387E-01 -0.45 7.3143E+02
2.5119E-01 -0.45 6.1172E+02
2.8184E-01 -0.45 5.1535E+02
3.1623E-01 -0.45 4.2623E+02
3.5481E-01 -0.45 3.4550E+02
3.9811E-01 -0.45 2.8874E+02
4.4668E-01 -0.45 2.3927E+02
5.0119E-01 -0.45 1.9425E+02
5.6234E-01 -0.45 1.5541E+02
6.3096E-01 -0.45 1.2441E+02
7.0795E-01 -0.45 9.9138E+01
7.9433E-01 -0.45 7.8332E+01
8.9125E-01 -0.45 6.1963E+01
1.0000E+00 -0.45 4.8045E+01
1.1220E+00 -0.45 3.7121E+01
1.2589E+00 -0.45 2.8914E+01
1.4125E+00 -0.45 2.2238E+01
1.5849E+00 -0.45 1.6690E+01
1.7783E+00 -0.45 1.2573E+01
1.9953E+00 -0.45 9.4189E+00
2.2387E+00 -0.45 6.7544E+00
2.5119E+00 -0.45 4.8673E+00
2.8184E+00 -0.45 3.6366E+00
3.1623E+00 -0.45 2.6134E+00
3.5481E+00 -0.45 1.8638E+00
3.9811E+00 -0.45 1.3260E+00
4.4668E+00 -0.45 9.3129E-01
5.0119E+00 -0.45 6.5161E-01
5.6234E+00 -0.45 4.5509E-01
6.3096E+00 -0.45 3.1727E-01
7.0795E+00 -0.45 2.2055E-01
7.9433E+00 -0.45 1.5259E-01
8.9125E+00 -0.45 1.0263E-01
1.0000E+01 -0.45 6.7280E-02
1.1220E+01 -0.45 4.5946E-02
1.2589E+01 -0.45 3.1286E-02
1.4125E+01 -0.45 2.0869E-02
1.5849E+01 -0.45 1.4023E-02
1.7783E+01 -0.45 9.3224E-03
1.9953E+01 -0.45 6.4078E-03
2.2387E+01 -0.45 4.3791E-03
2.5119E+01 -0.45 2.9440E-03
2.8184E+01 -0.45 1.9208E-03
3.1623E+01 -0.45 1.2828E-03
3.5481E+01 -0.45 8.4778E-04
3.9811E+01 -0.45 5.6770E-04
4.4668E+01 -0.45 3.7797E-04
5.0119E+01 -0.45 2.4989E-04
5.6234E+01 -0.45 1.6625E-04
6.3096E+01 -0.45 1.1197E-04
7.0795E+01 -0.45 7.5191E-05
7.9433E+01 -0.45 4.9655E-05
8.9125E+01 -0.45 3.2957E-05
1.0000E+02 -0.45 2.2324E-05
1.1220E+02 -0.45 1.4846E-05
1.2589E+02 -0.45 1.0021E-05
1.4125E+02 -0.45 6.6870E-06
1.5849E+02 -0.45 4.4793E-06
1.7783E+02 -0.45 3.0174E-06
1.9953E+02 -0.45 2.0239E-06
2.2387E+02 -0.45 1.3401E-06
2.5119E+02 -0.45 9.2496E-07
2.8184E+02 -0.45 6.1141E-07
3.1623E+02 -0.45 4.0919E-07
3.5481E+02 -0.45 2.7240E-07
3.9811E+02 -0.45 1.8440E-07
4.4668E+02 -0.45 1.2388E-07
5.0119E+02 -0.45 8.2233E-08
5.6234E+02 -0.45 5.5716E-08
6.3096E+02 -0.45 3.7774E-08
7.0795E+02 -0.45 2.5541E-08
7.9433E+02 -0.45 1.6956E-08
8.9125E+02 -0.45 1.1079E-08
1.0000E+03 -0.45 7.6160E-09
1.1220E+03 -0.45 5.1628E-09
1.2589E+03 -0.45 3.3701E-09
1.4125E+03 -0.45 2.1559E-09
1.5849E+03 -0.45 1.4541E-09
1.7783E+03 -0.45 1.0291E-09
1.9953E+03 -0.45 6.4440E-10
2.2387E+03 -0.45 4.3561E-10
2.5119E+03 -0.45 2.8959E-10
2.8184E+03 -0.45 1.9126E-10
3.1623E+03 -0.45 1.2035E-10
3.5481E+03 -0.45 7.9542E-11
3.9811E+03 -0.45 5.4820E-11
4.4668E+03 -0.45 3.6200E-11
5.0119E+03 -0.45 2.1751E-11
5.6234E+03 -0.45 1.4053E-11
6.3096E+03 -0.45 9.4366E-12
7.0795E+03 -0.45 6.5316E-12
7.9433E+03 -0.45 4.2034E-12
8.9125E+03 -0.45 2.5111E-12
1.0000E+04 -0.45 1.7269E-12
1.0000E-01 -0.55 3.6391E+03
1.1220E-01 -0.55 3.2208E+03
1.2589E-01 -0.55 2.8297E+03
1.4125E-01 -0.55 2.4497E+03
1.5849E-01 -0.55 2.0947E+03
1.7783E-01 -0.55 1.7930E+03
1.9953E-01 -0.55 1.5322E+03
2.2387E-01 -0.55 1.2965E+03
2.5119E-01 -0.55 1.0764E+03
2.8184E-01 -0.55 8.8921E+02
3.1623E-01 -0.55 7.3046E+02
3.5481E-01 -0.55 5.8980E+02
3.9811E-01 -0.55 4.7147E+02
4.4668E-01 -0.55 3.7749E+02
5.0119E-01 -0.55 3.0043E+02
5.6234E-01 -0.55 2.3677E+02
6.3096E-01 -0.55 1.8629E+02
7.0795E-01 -0.55 1.4378E+02
7.9433E-01 -0.55 1.0953E+02
8.9125E-01 -0.55 8.3185E+01
1.0000E+00 -0.55 6.2238E+01
1.1220E+00 -0.55 4.6834E+01
1.2589E+00 -0.55 3.5143E+01
1.4125E+00 -0.55 2.5943E+01
1.5849E+00 -0.55 1.9013E+01
1.7783E+00 -0.55 1.3754E+01
1.9953E+00 -0.55 9.8697E+00
2.2387E+00 -0.55 7.0880E+00
2.5119E+00 -0.55 5.0397E+00
2.8184E+00 -0.55 3.5139E+00
3.1623E+00 -0.55 2.5246E+00
3.5481E+00 -0.55 1.7667E+00
3.9811E+00 -0.55 1.2175E+00
4.4668E+00 -0.55 8.4778E-01
5.0119E+00 -0.55 5.8365E-01
5.6234E+00 -0.55 3.9198E-01
6.3096E+00 -0.55 2.6943E-01
7.0795E+00 -0.55 1.8963E-01
7.9433E+00 -0.55 1.2626E-01
8.9125E+00 -0.55 8.3433E-02
1.0000E+01 -0.55 5.6774E-02
1.1220E+01 -0.55 3.8905E-02
1.2589E+01 -0.55 2.6158E-02
1.4125E+01 -0.55 1.7509E-02
1.5849E+01 -0.55 1.1789E-02
1.7783E+01 -0.55 7.8738E-03
1.9953E+01 -0.55 5.2378E-03
2.2387E+01 -0.55 3.4720E-03
2.5119E+01 -0.55 2.3698E-03
2.8184E+01 -0.55 1.5478E-03
3.1623E+01 -0.55 1.0425E-03
3.5481E+01 -0.55 6.9479E-04
3.9811E+01 -0.55 4.6155E-04
4.4668E+01 -0.55 3.0927E-04
5.0119E+01 -0.55 2.0698E-04
5.6234E+01 -0.55 1.3962E-04
6.3096E+01 -0.55 9.3448E-05
7.0795E+01 -0.55 6.1427E-05
7.9433E+01 -0.55 3.9841E-05
8.9125E+01 -0.55 2.5926E-05
1.0000E+02 -0.55 1.8393E-05
1.1220E+02 -0.55 1.2459E-05
1.2589E+02 -0.55 8.3449E-06
1.4125E+02 -0.55 5.5147E-06
1.5849E+02 -0.55 3.6897E-06
1.7783E+02 -0.55 2.4787E-06
1.9953E+02 -0.55 1.6706E-06
2.2387E+02 -0.55 1.1259E-06
2.5119E+02 -0.55 7.4198E-07
2.8184E+02 -0.55 4.9792E-07
3.1623E+02 -0.55 3.5799E-07
3.5481E+02 -0.55 2.3833E-07
3.9811E+02 -0.55 1.5944E-07
4.4668E+02 -0.55 1.0738E-07
5.0119E+02 -0.55 7.0831E-08
5.6234E+02 -0.55 4.8031E-08
6.3096E+02 -0.55 3.2485E-08
7.0795E+02 -0.55 2.1856E-08
7.9433E+02 -0.55 1.4506E-08
8.9125E+02 -0.55 1.0032E-08
1.0000E+03 -0.55 6.5321E-09
1.1220E+03 -0.55 4.0384E-09
1.2589E+03 -0.55 2.6288E-09
1.4125E+03 -0.55 1.8434E-09
1.5849E+03 -0.55 1.3089E-09
1.7783E+03 -0.55 8.7927E-10
1.9953E+03 -0.55 5.6099E-10
2.2387E+03 -0.55 3.6546E-10
2.5119E+03 -0.55 2.4201E-10
2.8184E+03 -0.55 1.5318E-10
3.1623E+03 -0.55 1.0447E-10
3.5481E+03 -0.55 6.6874E-11
3.9811E+03 -0.55 4.2862E-11
4.4668E+03 -0.55 2.8168E-11
5.0119E+03 -0.55 2.1056E-11
5.6234E+03 -0.55 1.2412E-11
6.3096E+03 -0.55 8.0344E-12
7.0795E+03 -0.55 5.2165E-12
7.9433E+03 -0.55 3.3035E-12
8.9125E+03 -0.55 2.0181E-12
1.0000E+04 -0.55 1.2905E-12
1.0000E-01 -0.65 5.4964E+03
1.1220E-01 -0.65 4.8371E+03
1.2589E-01 -0.65 4.2091E+03
1.4125E-01 -0.65 3.6216E+03
1.5849E-01 -0.65 3.0853E+03
1.7783E-01 -0.65 2.6202E+03
1.9953E-01 -0.65 2.2094E+03
2.2387E-01 -0.65 1.8281E+03
2.5119E-01 -0.65 1.4982E+03
2.8184E-01 -0.65 1.2169E+03
3.1623E-01 -0.65 9.7208E+02
3.5481E-01 -0.65 7.7361E+02
3.9811E-01 -0.65 6.0907E+02
4.4668E-01 -0.65 4.7144E+02
5.0119E-01 -0.65 3.6465E+02
5.6234E-01 -0.65 2.7830E+02
6.3096E-01 -0.65 2.0945E+02
7.0795E-01 -0.65 1.5746E+02
7.9433E-01 -0.65 1.1702E+02
8.9125E-01 -0.65 8.7841E+01
1.0000E+00 -0.65 6.5025E+01
1.1220E+00 -0.65 4.7578E+01
1.2589E+00 -0.65 3.4443E+01
1.4125E+00 -0.65 2.4803E+01
1.5849E+00 -0.65 1.7927E+01
1.7783E+00 -0.65 1.2928E+01
1.9953E+00 -0.65 9.3533E+00
2.2387E+00 -0.65 6.6454E+00
2.5119E+00 -0.65 4.6272E+00
2.8184E+00 -0.65 3.2225E+00
3.1623E+00 -0.65 2.2573E+00
3.5481E+00 -0.65 1.5650E+00
3.9811E+00 -0.65 1.0819E+00
4.4668E+00 -0.65 7.4055E-01
5.0119E+00 -0.65 5.0244E-01
5.6234E+00 -0.65 3.4691E-01
6.3096E+00 -0.65 2.3827E-01
7.0795E+00 -0.65 1.5772E-01
7.9433E+00 -0.65 1.0222E-01
8.9125E+00 -0.65 6.9753E-02
1.0000E+01 -0.65 4.8371E-02
1.1220E+01 -0.65 3.2565E-02
1.2589E+01 -0.65 2.1865E-02
1.4125E+01 -0.65 1.4678E-02
1.5849E+01 -0.65 9.8919E-03
1.7783E+01 -0.65 6.7241E-03
1.9953E+01 -0.65 4.5628E-03
2.2387E+01 -0.65 3.0096E-03
2.5119E+01 -0.65 2.0113E-03
2.8184E+01 -0.65 1.3769E-03
3.1623E+01 -0.65 8.7605E-04
3.5481E+01 -0.65 5.8312E-04
3.9811E+01 -0.65 3.9520E-04
4.4668E+01 -0.65 2.6778E-04
5.0119E+01 -0.65 1.7965E-04
5.6234E+01 -0.65 1.1862E-04
6.3096E+01 -0.65 7.9496E-05
7.0795E+01 -0.65 5.3706E-05
7.9433E+01 -0.65 3.5122E-05
8.9125E+01 -0.65 2.3330E-05
1.0000E+02 -0.65 1.6062E-05
1.1220E+02 -0.65 1.0832E-05
1.2589E+02 -0.65 7.3277E-06
1.4125E+02 -0.65 4.9469E-06
1.5849E+02 -0.65 3.3303E-06
1.7783E+02 -0.65 2.2174E-06
1.9953E+02 -0.65 1.4923E-06
2.2387E+02 -0.65 1.0328E-06
2.5119E+02 -0.65 7.0869E-07
2.8184E+02 -0.65 4.5310E-07
3.1623E+02 -0.65 3.1169E-07
3.5481E+02 -0.65 2.0904E-07
3.9811E+02 -0.65 1.4069E-07
4.4668E+02 -0.65 9.5595E-08
5.0119E+02 -0.65 6.4568E-08
5.6234E+02 -0.65 4.2262E-08
6.3096E+02 -0.65 2.8206E-08
7.0795E+02 -0.65 1.8814E-08
7.9433E+02 -0.65 1.2782E-08
8.9125E+02 -0.65 8.6708E-09
1.0000E+03 -0.65 5.7325E-09
1.1220E+03 -0.65 3.6619E-09
1.2589E+03 -0.65 2.4186E-09
1.4125E+03 -0.65 1.6723E-09
1.5849E+03 -0.65 1.1616E-09
1.7783E+03 -0.65 7.3889E-10
1.9953E+03 -0.65 4.7176E-10
2.2387E+03 -0.65 3.3998E-10
2.5119E+03 -0.65 2.2240E-10
2.8184E+03 -0.65 1.3936E-10
3.1623E+03 -0.65 8.8320E-11
3.5481E+03 -0.65 5.9396E-11
3.9811E+03 -0.65 4.1262E-11
4.4668E+03 -0.65 2.5651E-11
5.0119E+03 -0.65 1.7129E-11
5.6234E+03 -0.65 1.0729E-11
6.3096E+03 -0.65 7.0890E-12
7.0795E+03 -0.65 4.5374E-12
7.9433E+03 -0.65 3.1556E-12
8.9125E+03 -0.65 2.0948E-12
1.0000E+04 -0.65 1.2532E-12
1.0000E-01 -0.75 5.8060E+03
1.1220E-01 -0.75 5.1496E+03
1.2589E-01 -0.75 4.4943E+03
1.4125E-01 -0.75 3.8525E+03
1.5849E-01 -0.75 3.2659E+03
1.7783E-01 -0.75 2.7574E+03
1.9953E-01 -0.75 2.3016E+03
2.2387E-01 -0.75 1.8964E+03
2.5119E-01 -0.75 1.5434E+03
2.8184E-01 -0.75 1.2417E+03
3.1623E-01 -0.75 9.8674E+02
3.5481E-01 -0.75 7.7828E+02
3.9811E-01 -0.75 6.0852E+02
4.4668E-01 -0.75 4.7042E+02
5.0119E-01 -0.75 3.6168E+02
5.6234E-01 -0.75 2.7222E+02
6.3096E-01 -0.75 2.0296E+02
7.0795E-01 -0.75 1.5154E+02
7.9433E-01 -0.75 1.1277E+02
8.9125E-01 -0.75 8.3025E+01
1.0000E+00 -0.75 6.0855E+01
1.1220E+00 -0.75 4.4171E+01
1.2589E+00 -0.75 3.1709E+01
1.4125E+00 -0.75 2.2721E+01
1.5849E+00 -0.75 1.6361E+01
1.7783E+00 -0.75 1.1752E+01
1.9953E+00 -0.75 8.4035E+00
2.2387E+00 -0.75 5.8949E+00
2.5119E+00 -0.75 4.1373E+00
2.8184E+00 -0.75 2.9390E+00
3.1623E+00 -0.75 2.0120E+00
3.5481E+00 -0.75 1.3691E+00
3.9811E+00 -0.75 9.4169E-01
4.4668E+00 -0.75 6.5127E-01
5.0119E+00 -0.75 4.4532E-01
5.6234E+00 -0.75 3.0458E-01
6.3096E+00 -0.75 2.0325E-01
7.0795E+00 -0.75 1.4028E-01
7.9433E+00 -0.75 9.4889E-02
8.9125E+00 -0.75 6.2698E-02
1.0000E+01 -0.75 4.2515E-02
1.1220E+01 -0.75 2.9067E-02
1.2589E+01 -0.75 1.9536E-02
1.4125E+01 -0.75 1.2843E-02
1.5849E+01 -0.75 8.6213E-03
1.7783E+01 -0.75 5.6640E-03
1.9953E+01 -0.75 3.7445E-03
2.2387E+01 -0.75 2.4891E-03
2.5119E+01 -0.75 1.7266E-03
2.8184E+01 -0.75 1.1367E-03
3.1623E+01 -0.75 7.4973E-04
3.5481E+01 -0.75 5.0358E-04
3.9811E+01 -0.75 3.3743E-04
4.4668E+01 -0.75 2.2366E-04
5.0119E+01 -0.75 1.5024E-04
5.6234E+01 -0.75 1.0211E-04
6.3096E+01 -0.75 6.8013E-05
7.0795E+01 -0.75 4.4666E-05
7.9433E+01 -0.75 3.0769E-05
8.9125E+01 -0.75 2.0402E-05
1.0000E+02 -0.75 1.3973E-05
1.1220E+02 -0.75 9.5330E-06
1.2589E+02 -0.75 6.3223E-06
1.4125E+02 -0.75 4.2862E-06
1.5849E+02 -0.75 2.9559E-06
1.7783E+02 -0.75 2.0167E-06
1.9953E+02 -0.75 1.3527E-06
2.2387E+02 -0.75 8.7648E-07
2.5119E+02 -0.75 5.9071E-07
2.8184E+02 -0.75 3.9000E-07
3.1623E+02 -0.75 2.7331E-07
3.5481E+02 -0.75 1.8760E-07
3.9811E+02 -0.75 1.2462E-07
4.4668E+02 -0.75 8.4811E-08
5.0119E+02 -0.75 5.8585E-08
5.6234E+02 -0.75 3.8175E-08
6.3096E+02 -0.75 2.5542E-08
7.0795E+02 -0.75 1.7109E-08
7.9433E+02 -0.75 1.1477E-08
8.9125E+02 -0.75 7.6610E-09
1.0000E+03 -0.75 4.9657E-09
1.1220E+03 -0.75 3.2795E-09
1.2589E+03 -0.75 2.1670E-09
1.4125E+03 -0.75 1.5007E-09
1.5849E+03 -0.75 1.0404E-09
1.7783E+03 -0.75 6.4650E-10
1.9953E+03 -0.75 4.3253E-10
2.2387E+03 -0.75 2.7736E-10
2.5119E+03 -0.75 1.8292E-10
2.8184E+03 -0.75 1.2477E-10
3.1623E+03 -0.75 8.4815E-11
3.5481E+03 -0.75 5.3884E-11
3.9811E+03 -0.75 3.5803E-11
4.4668E+03 -0.75 2.2711E-11
5.0119E+03 -0.75 1.3994E-11
5.6234E+03 -0.75 9.8076E-12
6.3096E+03 -0.75 6.1099E-12
7.0795E+03 -0.75 4.2177E-12
7.9433E+03 -0.75 2.7683E-12
8.9125E+03 -0.75 1.5338E-12
1.0000E+04 -0.75 1.1033E-12
1.0000E-01 -0.85 5.5796E+03
1.1220E-01 -0.85 4.9186E+03
1.2589E-01 -0.85 4.2986E+03
1.4125E-01 -0.85 3.7181E+03
1.5849E-01 -0.85 3.1841E+03
1.7783E-01 -0.85 2.6839E+03
1.9953E-01 -0.85 2.2384E+03
2.2387E-01 -0.85 1.8516E+03
2.5119E-01 -0.85 1.5038E+03
2.8184E-01 -0.85 1.2088E+03
3.1623E-01 -0.85 9.6161E+02
3.5481E-01 -0.85 7.5072E+02
3.9811E-01 -0.85 5.8099E+02
4.4668E-01 -0.85 4.4799E+02
5.0119E-01 -0.85 3.4213E+02
5.6234E-01 -0.85 2.5701E+02
6.3096E-01 -0.85 1.9194E+02
7.0795E-01 -0.85 1.4230E+02
7.9433E-01 -0.85 1.0457E+02
8.9125E-01 -0.85 7.6993E+01
1.0000E+00 -0.85 5.6065E+01
1.1220E+00 -0.85 4.0922E+01
1.2589E+00 -0.85 2.9444E+01
1.4125E+00 -0.85 2.1093E+01
1.5849E+00 -0.85 1.5139E+01
1.7783E+00 -0.85 1.0593E+01
1.9953E+00 -0.85 7.4709E+00
2.2387E+00 -0.85 5.2706E+00
2.5119E+00 -0.85 3.6721E+00
2.8184E+00 -0.85 2.5995E+00
3.1623E+00 -0.85 1.7878E+00
3.5481E+00 -0.85 1.2289E+00
3.9811E+00 -0.85 8.3640E-01
4.4668E+00 -0.85 5.7232E-01
5.0119E+00 -0.85 3.9006E-01
5.6234E+00 -0.85 2.6515E-01
6.3096E+00 -0.85 1.7967E-01
7.0795E+00 -0.85 1.2109E-01
7.9433E+00 -0.85 8.1196E-02
8.9125E+00 -0.85 5.4207E-02
1.0000E+01 -0.85 3.7268E-02
1.1220E+01 -0.85 2.4904E-02
1.2589E+01 -0.85 1.6627E-02
1.4125E+01 -0.85 1.1019E-02
1.5849E+01 -0.85 7.4192E-03
1.7783E+01 -0.85 5.0384E-03
1.9953E+01 -0.85 3.2927E-03
2.2387E+01 -0.85 2.1994E-03
2.5119E+01 -0.85 1.4553E-03
2.8184E+01 -0.85 9.9334E-04
3.1623E+01 -0.85 6.4350E-04
3.5481E+01 -0.85 4.3834E-04
3.9811E+01 -0.85 2.9360E-04
4.4668E+01 -0.85 1.9459E-04
5.0119E+01 -0.85 1.3095E-04
5.6234E+01 -0.85 8.8345E-05
6.3096E+01 -0.85 5.9859E-05
7.0795E+01 -0.85 3.9827E-05
7.9433E+01 -0.85 2.6999E-05
8.9125E+01 -0.85 1.8813E-05
1.0000E+02 -0.85 1.2414E-05
1.1220E+02 -0.85 8.4743E-06
1.2589E+02 -0.85 5.7132E-06
1.4125E+02 -0.85 3.7950E-06
1.5849E+02 -0.85 2.5296E-06
1.7783E+02 -0.85 1.7589E-06
1.9953E+02 -0.85 1.2036E-06
2.2387E+02 -0.85 8.1041E-07
2.5119E+02 -0.85 5.5955E-07
2.8184E+02 -0.85 3.8426E-07
3.1623E+02 -0.85 2.5004E-07
3.5481E+02 -0.85 1.6513E-07
3.9811E+02 -0.85 1.1034E-07
4.4668E+02 -0.85 7.6698E-08
5.0119E+02 -0.85 5.2443E-08
5.6234E+02 -0.85 3.4354E-08
6.3096E+02 -0.85 2.2690E-08
7.0795E+02 -0.85 1.5321E-08
7.9433E+02 -0.85 9.7366E-09
8.9125E+02 -0.85 6.3732E-09
1.0000E+03 -0.85 4.3180E-09
1.1220E+03 -0.85 2.8651E-09
1.2589E+03 -0.85 2.0231E-09
1.4125E+03 -0.85 1.3202E-09
1.5849E+03 -0.85 8.2756E-10
1.7783E+03 -0.85 5.5623E-10
1.9953E+03 -0.85 3.7986E-10
2.2387E+03 -0.85 2.4868E-10
2.5119E+03 -0.85 1.4654E-10
2.8184E+03 -0.85 9.5695E-11
3.1623E+03 -0.85 7.2080E-11
3.5481E+03 -0.85 4.8764E-11
3.9811E+03 -0.85 3.1059E-11
4.4668E+03 -0.85 1.9755E-11
5.0119E+03 -0.85 1.2179E-11
5.6234E+03 -0.85 7.7495E-12
6.3096E+03 -0.85 5.7179E-12
7.0795E+03 -0.85 3.7102E-12
7.9433E+03 -0.85 2.5335E-12
8.9125E+03 -0.85 1.5625E-12
1.0000E+04 -0.85 9.6449E-13
1.0000E-01 -0.95 5.0097E+03
1.1220E-01 -0.95 4.4431E+03
1.2589E-01 -0.95 3.9054E+03
1.4125E-01 -0.95 3.3829E+03
1.5849E-01 -0.95 2.8966E+03
1.7783E-01 -0.95 2.4519E+03
1.9953E-01 -0.95 2.0591E+03
2.2387E-01 -0.95 1.7123E+03
2.5119E-01 -0.95 1.4049E+03
2.8184E-01 -0.95 1.1290E+03
3.1623E-01 -0.95 8.9441E+02
3.5481E-01 -0.95 7.0560E+02
3.9811E-01 -0.95 5.5097E+02
4.4668E-01 -0.95 4.1974E+02
5.0119E-01 -0.95 3.1789E+02
5.6234E-01 -0.95 2.4137E+02
6.3096E-01 -0.95 1.8171E+02
7.0795E-01 -0.95 1.3482E+02
7.9433E-01 -0.95 9.9087E+01
8.9125E-01 -0.95 7.1914E+01
1.0000E+00 -0.95 5.2734E+01
1.1220E+00 -0.95 3.8340E+01
1.2589E+00 -0.95 2.7447E+01
1.4125E+00 -0.95 1.9680E+01
1.5849E+00 -0.95 1.4044E+01
1.7783E+00 -0.95 1.0032E+01
1.9953E+00 -0.95 7.1256E+00
2.2387E+00 -0.95 4.9396E+00
2.5119E+00 -0.95 3.3902E+00
2.8184E+00 -0.95 2.3230E+00
3.1623E+00 -0.95 1.6384E+00
3.5481E+00 -0.95 1.1243E+00
3.9811E+00 -0.95 7.6104E-01
4.4668E+00 -0.95 5.1870E-01
5.0119E+00 -0.95 3.5395E-01
5.6234E+00 -0.95 2.4229E-01
6.3096E+00 -0.95 1.6449E-01
7.0795E+00 -0.95 1.0754E-01
7.9433E+00 -0.95 7.1243E-02
8.9125E+00 -0.95 4.8307E-02
1.0000E+01 -0.95 3.3226E-02
1.1220E+01 -0.95 2.1886E-02
1.2589E+01 -0.95 1.4588E-02
1.4125E+01 -0.95 9.9879E-03
1.5849E+01 -0.95 6.7351E-03
1.7783E+01 -0.95 4.4406E-03
1.9953E+01 -0.95 2.8765E-03
2.2387E+01 -0.95 1.9352E-03
2.5119E+01 -0.95 1.3075E-03
2.8184E+01 -0.95 8.4796E-04
3.1623E+01 -0.95 5.8796E-04
3.5481E+01 -0.95 3.9806E-04
3.9811E+01 -0.95 2.6532E-04
4.4668E+01 -0.95 1.8044E-04
5.0119E+01 -0.95 1.2163E-04
5.6234E+01 -0.95 8.1606E-05
6.3096E+01 -0.95 5.4665E-05
7.0795E+01 -0.95 3.6755E-05
7.9433E+01 -0.95 2.5203E-05
8.9125E+01 -0.95 1.7310E-05
1.0000E+02 -0.95 1.1412E-05
1.1220E+02 -0.95 7.7117E-06
1.2589E+02 -0.95 5.3083E-06
1.4125E+02 -0.95 3.5492E-06
1.5849E+02 -0.95 2.3970E-06
1.7783E+02 -0.95 1.6438E-06
1.9953E+02 -0.95 1.1154E-06
2.2387E+02 -0.95 7.4454E-07
2.5119E+02 -0.95 4.9354E-07
2.8184E+02 -0.95 3.2816E-07
3.1623E+02 -0.95 2.2729E-07
3.5481E+02 -0.95 1.5246E-07
3.9811E+02 -0.95 1.0260E-07
4.4668E+02 -0.95 7.1405E-08
5.0119E+02 -0.95 4.8821E-08
5.6234E+02 -0.95 3.1191E-08
6.3096E+02 -0.95 2.0769E-08
7.0795E+02 -0.95 1.4269E-08
7.9433E+02 -0.95 9.3882E-09
8.9125E+02 -0.95 6.1231E-09
1.0000E+03 -0.95 4.0614E-09
1.1220E+03 -0.95 2.7223E-09
1.2589E+03 -0.95 1.8539E-09
1.4125E+03 -0.95 1.2336E-09
1.5849E+03 -0.95 8.0338E-10
1.7783E+03 -0.95 5.3184E-10
1.9953E+03 -0.95 3.5061E-10
2.2387E+03 -0.95 2.2655E-10
2.5119E+03 -0.95 1.5332E-10
2.8184E+03 -0.95 9.9390E-11
3.1623E+03 -0.95 6.2448E-11
3.5481E+03 -0.95 3.8917E-11
3.9811E+03 -0.95 2.5681E-11
4.4668E+03 -0.95 1.7367E-11
5.0119E+03 -0.95 1.1592E-11
5.6234E+03 -0.95 7.9232E-12
6.3096E+03 -0.95 5.1237E-12
7.0795E+03 -0.95 3.3698E-12
7.9433E+03 -0.95 2.2413E-12
8.9125E+03 -0.95 1.3868E-12
1.0000E+04 -0.95 7.3312E-13
